Andrew Estrada [CA]	Mateo Arboleda [EC]	W	3	1
Andrew Estrada [CA]	Caleb Rogerson [US]	W	6	2
Andrew Estrada [CA]	Daniel Ceculski [US]	W	9	3
Andrew Estrada [CA]	Nhan Le [US]	L	9	4
Andrew Estrada [CA]	Juan Oliveras [US]	W	12	5
Andrew Estrada [CA]	Josh Rhea [US]	W	15	6
Andrew Estrada [CA]	Dominic Viola [US]	W	18	7
Andrew Estrada [CA]	Michael Chen [US]	W	21	8
Andrew Estrada [CA]	Dylan Gunn [US]	W	24	9
Andrew Estrada [CA]	Bryan McDaniel [US]	W	27	10
Andrew Estrada [CA]	Jesse Parker [US]	T	28	11
Andrew Estrada [CA]	Tyler Mathews [US]	W	31	12
Andrew Estrada [CA]	Andrew Hedrick [US]	L	31	13
Andrew Estrada [CA]	Alex Schemanske [US]	W	34	14
Andrew Estrada [CA]	Adam Reinhardt [US]	W	37	15
Andrew Estrada [CA]	Adam Reinhardt [US]	W	40	16
Andrew Estrada [CA]	Collin Merli-Matthews [US]	W	43	17
Andrew Estrada [CA]	Jesse Parker [US]	W	46	18
Jesse Parker [US]	Justin Baber [US]	W	3	1
Jesse Parker [US]	Rachel Gaston-Pifer [US]	W	6	2
Jesse Parker [US]	Adam Kosmowski [US]	W	9	3
Jesse Parker [US]	Charlie Kerr [US]	W	12	4
Jesse Parker [US]	Gable Funchess [US]	W	15	5
Jesse Parker [US]	Chris Fulop [US]	W	18	6
Jesse Parker [US]	Zeryx Schaefer [US]	W	21	7
Jesse Parker [US]	Noel Totomoch [US]	W	24	8
Jesse Parker [US]	Collin Merli-Matthews [US]	W	27	9
Jesse Parker [US]	Andrew Wu [US]	L	27	10
Jesse Parker [US]	Andrew Estrada [CA]	T	28	11
Jesse Parker [US]	Mike Newey [US]	W	31	12
Jesse Parker [US]	Adam Reinhardt [US]	W	34	13
Jesse Parker [US]	Austin Ellis [CA]	W	37	14
Jesse Parker [US]	Lucas Xing [CA]	T	38	15
Jesse Parker [US]	Rahul Reddy [US]	W	41	16
Jesse Parker [US]	Andrew Hedrick [US]	W	44	17
Jesse Parker [US]	Andrew Estrada [CA]	L	44	18
Collin Merli-Matthews [US]	Daniel D'Angelo [US]	W	3	1
Collin Merli-Matthews [US]	Benjamin Morse [US]	W	6	2
Collin Merli-Matthews [US]	Jon Eng [US]	W	9	3
Collin Merli-Matthews [US]	Kyle Caruthers [US]	W	12	4
Collin Merli-Matthews [US]	Brandon Dean [US]	W	15	5
Collin Merli-Matthews [US]	Andrew Hedrick [US]	T	16	6
Collin Merli-Matthews [US]	Nikolas Christodoulou [US]	W	19	7
Collin Merli-Matthews [US]	Conner Truitt [US]	W	22	8
Collin Merli-Matthews [US]	Jesse Parker [US]	L	22	9
Collin Merli-Matthews [US]	Elliott Chereches [CA]	L	22	10
Collin Merli-Matthews [US]	Christian Chase [US]	W	25	11
Collin Merli-Matthews [US]	Brendan Cevasco [US]	W	28	12
Collin Merli-Matthews [US]	Gregory Playter [US]	W	31	13
Collin Merli-Matthews [US]	Joshua Curtin [US]	W	34	14
Collin Merli-Matthews [US]	Austin Ellis [CA]	W	37	15
Collin Merli-Matthews [US]	Lucas Xing [CA]	W	40	16
Collin Merli-Matthews [US]	Andrew Estrada [CA]	L	40	17
Andrew Hedrick [US]	Jake Skurchak [US]	W	3	1
Andrew Hedrick [US]	Kevin Fallin [US]	W	6	2
Andrew Hedrick [US]	Zachary Cooper [US]	W	9	3
Andrew Hedrick [US]	Victor Aung [US]	W	12	4
Andrew Hedrick [US]	jesse spencer [US]	W	15	5
Andrew Hedrick [US]	Collin Merli-Matthews [US]	T	16	6
Andrew Hedrick [US]	Joe Sturino [US]	W	19	7
Andrew Hedrick [US]	Jake Abrams [US]	W	22	8
Andrew Hedrick [US]	Tord Reklev [NO]	W	25	9
Andrew Hedrick [US]	Noel Totomoch [US]	W	28	10
Andrew Hedrick [US]	Andrew Wu [US]	W	31	11
Andrew Hedrick [US]	Adam Reinhardt [US]	L	31	12
Andrew Hedrick [US]	Andrew Estrada [CA]	W	34	13
Andrew Hedrick [US]	Lucas Xing [CA]	T	35	14
Andrew Hedrick [US]	Isaiah Bradner [US]	T	36	15
Andrew Hedrick [US]	Michael Chen [US]	W	39	16
Andrew Hedrick [US]	Jesse Parker [US]	L	39	17
Michael Chen [US]	Mateo Thompson Soto [US]	W	3	1
Michael Chen [US]	Matthew Regula [US]	W	6	2
Michael Chen [US]	Angelo toscano [US]	W	9	3
Michael Chen [US]	Kian Siadat [US]	W	12	4
Michael Chen [US]	Jack Fedrow [US]	W	15	5
Michael Chen [US]	Alexander Pineda [US]	W	18	6
Michael Chen [US]	Lucas Xing [CA]	T	19	7
Michael Chen [US]	Andrew Estrada [CA]	L	19	8
Michael Chen [US]	Joseph Horth [US]	W	22	9
Michael Chen [US]	Joshua Curtin [US]	W	25	10
Michael Chen [US]	Julia Butenhoff [US]	W	28	11
Michael Chen [US]	Tord Reklev [NO]	L	28	12
Michael Chen [US]	Andrew Wu [US]	W	31	13
Michael Chen [US]	Ivan Chan [US]	W	34	14
Michael Chen [US]	Tyler Mathews [US]	W	37	15
Michael Chen [US]	Andrew Hedrick [US]	L	37	16
Adam Reinhardt [US]	Brandon Jaramillo [US]	W	3	1
Adam Reinhardt [US]	Christian Chase [US]	L	3	2
Adam Reinhardt [US]	Nick Fleming [US]	W	6	3
Adam Reinhardt [US]	Ethan Szendrey [CA]	W	9	4
Adam Reinhardt [US]	Jessica Love [US]	W	12	5
Adam Reinhardt [US]	Daniel Rao [CA]	W	15	6
Adam Reinhardt [US]	Abaan Ahmed [US]	W	18	7
Adam Reinhardt [US]	Jon Eng [US]	W	21	8
Adam Reinhardt [US]	Ben Dobberstein [US]	W	24	9
Adam Reinhardt [US]	Chris Pagan [US]	W	27	10
Adam Reinhardt [US]	Ryan Bownes [US]	W	30	11
Adam Reinhardt [US]	Andrew Hedrick [US]	W	33	12
Adam Reinhardt [US]	Jesse Parker [US]	L	33	13
Adam Reinhardt [US]	Rahul Reddy [US]	W	36	14
Adam Reinhardt [US]	Andrew Estrada [CA]	L	36	15
Adam Reinhardt [US]	Andrew Estrada [CA]	L	36	16
Lucas Xing [CA]	Jeff Opp [US]	W	3	1
Lucas Xing [CA]	Solomon Shurge [US]	W	6	2
Lucas Xing [CA]	Haru Nishikawa [JP]	W	9	3
Lucas Xing [CA]	Nathan Bumbarger [US]	W	12	4
Lucas Xing [CA]	Myles Holtsclaw [US]	W	15	5
Lucas Xing [CA]	Jeremy Gibson [US]	W	18	6
Lucas Xing [CA]	Michael Chen [US]	T	19	7
Lucas Xing [CA]	Sawyer Melban [US]	L	19	8
Lucas Xing [CA]	Conner Truitt [US]	W	22	9
Lucas Xing [CA]	Edwin Lopez [US]	W	25	10
Lucas Xing [CA]	Zeryx Schaefer [US]	W	28	11
Lucas Xing [CA]	Jeremy Gibson [US]	W	31	12
Lucas Xing [CA]	Tord Reklev [NO]	W	34	13
Lucas Xing [CA]	Andrew Hedrick [US]	T	35	14
Lucas Xing [CA]	Jesse Parker [US]	T	36	15
Lucas Xing [CA]	Collin Merli-Matthews [US]	L	36	16
Rahul Reddy [US]	Nick Race [US]	T	1	1
Rahul Reddy [US]	Cameron Bonds [US]	W	4	2
Rahul Reddy [US]	Liam Halliburton [US]	T	5	3
Rahul Reddy [US]	Alexander Rodriguez [US]	W	8	4
Rahul Reddy [US]	Arthur Terceira [US]	W	11	5
Rahul Reddy [US]	Aaron Santos [US]	W	14	6
Rahul Reddy [US]	Greg Minklei [US]	W	17	7
Rahul Reddy [US]	Victor Carrillo [US]	W	20	8
Rahul Reddy [US]	Chris Pagan [US]	L	20	9
Rahul Reddy [US]	Michael Davidson [US]	W	23	10
Rahul Reddy [US]	Noah Hanerland [US]	W	26	11
Rahul Reddy [US]	Hunter Butler [US]	W	29	12
Rahul Reddy [US]	Johnny Rabus [US]	W	32	13
Rahul Reddy [US]	Adam Reinhardt [US]	L	32	14
Rahul Reddy [US]	Rowan Stavenow [CA]	W	35	15
Rahul Reddy [US]	Jesse Parker [US]	L	35	16
Isaiah Bradner [US]	Noah White [US]	W	3	1
Isaiah Bradner [US]	Anthony Murphy [US]	T	4	2
Isaiah Bradner [US]	Logan Peterson [US]	W	7	3
Isaiah Bradner [US]	Kaylie Prementine [US]	T	8	4
Isaiah Bradner [US]	**VIP28 Joshua Murray [US]	W	11	5
Isaiah Bradner [US]	Troy Campbell [US]	W	14	6
Isaiah Bradner [US]	Mario Vivas [CA]	W	17	7
Isaiah Bradner [US]	Colton Ames [US]	T	18	8
Isaiah Bradner [US]	Bo Montanye [US]	W	21	9
Isaiah Bradner [US]	Colton Ames [US]	W	24	10
Isaiah Bradner [US]	Michael Diaz [US]	W	27	11
Isaiah Bradner [US]	Darin O'Meara [US]	T	28	12
Isaiah Bradner [US]	Grant Manley [US]	W	31	13
Isaiah Bradner [US]	Noah Sawyer [US]	W	34	14
Isaiah Bradner [US]	Andrew Hedrick [US]	T	35	15
Nicholas Moffitt [US]	Joseph Hayward [US]	W	3	1
Nicholas Moffitt [US]	Matthew Dennington [US]	W	6	2
Nicholas Moffitt [US]	Victor Carrillo [US]	W	9	3
Nicholas Moffitt [US]	Alex Schemanske [US]	L	9	4
Nicholas Moffitt [US]	German Herrera [US]	W	12	5
Nicholas Moffitt [US]	Grant Manley [US]	L	12	6
Nicholas Moffitt [US]	Dre Alderette [US]	T	13	7
Nicholas Moffitt [US]	Lucas Thiele [US]	W	16	8
Nicholas Moffitt [US]	Meng-Yu Wang [US]	W	19	9
Nicholas Moffitt [US]	Andrew Ryals [US]	W	22	10
Nicholas Moffitt [US]	Tyler Perry [US]	T	23	11
Nicholas Moffitt [US]	Jonathan Twigg [US]	W	26	12
Nicholas Moffitt [US]	Christopher Venier [CA]	W	29	13
Nicholas Moffitt [US]	Darin O'Meara [US]	W	32	14
Nicholas Moffitt [US]	Calvin Connor [US]	W	35	15
Michael Davidson [US]	Timothy Luke [US]	W	3	1
Michael Davidson [US]	Daniel Altavilla [US]	T	4	2
Michael Davidson [US]	Jonathan Ramirez [US]	W	7	3
Michael Davidson [US]	Mustafa Tobah [US]	W	10	4
Michael Davidson [US]	Andrew Weiss [US]	W	13	5
Michael Davidson [US]	Christian Cantelon [CA]	L	13	6
Michael Davidson [US]	Ming Weng [US]	T	14	7
Michael Davidson [US]	Alexander Byrd [US]	W	17	8
Michael Davidson [US]	Nikolas Christodoulou [US]	W	20	9
Michael Davidson [US]	Rahul Reddy [US]	L	20	10
Michael Davidson [US]	Joshua Sambrano [US]	W	23	11
Michael Davidson [US]	Dalen Dockery [US]	W	26	12
Michael Davidson [US]	Gilberto Acosta [US]	W	29	13
Michael Davidson [US]	Luke Smith [US]	W	32	14
Michael Davidson [US]	Jeremy Gibson [US]	W	35	15
Hunter Butler [US]	Rowan Stavenow [CA]	L	0	1
Hunter Butler [US]	Brandon Jaramillo [US]	T	1	2
Hunter Butler [US]	alan bolden [US]	W	4	3
Hunter Butler [US]	Wayne Trader [US]	W	7	4
Hunter Butler [US]	Kevin Williams [US]	W	10	5
Hunter Butler [US]	Jerrick Gumila [US]	W	13	6
Hunter Butler [US]	Gibson Archer-Tang [US]	W	16	7
Hunter Butler [US]	Morgan Purdy [US]	W	19	8
Hunter Butler [US]	Patrick Scharff [US]	W	22	9
Hunter Butler [US]	Johnny Rabus [US]	T	23	10
Hunter Butler [US]	Chris Pagan [US]	W	26	11
Hunter Butler [US]	Rahul Reddy [US]	L	26	12
Hunter Butler [US]	Julia Butenhoff [US]	W	29	13
Hunter Butler [US]	Daniel Altavilla [US]	W	32	14
Hunter Butler [US]	Bryan McDaniel [US]	W	35	15
Sawyer Melban [US]	Justin Dunmire [US]	T	1	1
Sawyer Melban [US]	Bailey Cleavenger [US]	W	4	2
Sawyer Melban [US]	Michael Zele [US]	W	7	3
Sawyer Melban [US]	chris bodden [US]	W	10	4
Sawyer Melban [US]	Alex Wilson [US]	W	13	5
Sawyer Melban [US]	Seth Christopher [US]	W	16	6
Sawyer Melban [US]	Krystal Florendo [CA]	W	19	7
Sawyer Melban [US]	Lucas Xing [CA]	W	22	8
Sawyer Melban [US]	Andrew Wu [US]	L	22	9
Sawyer Melban [US]	Zeryx Schaefer [US]	L	22	10
Sawyer Melban [US]	Riley Hulbert [US]	W	25	11
Sawyer Melban [US]	Jose Medina [US]	W	28	12
Sawyer Melban [US]	Darin O'Meara [US]	T	29	13
Sawyer Melban [US]	Vincent D'Arcy [US]	W	32	14
Sawyer Melban [US]	Noah Hanerland [US]	W	35	15
Noah Sawyer [US]	Edgar Gomez [US]	T	1	1
Noah Sawyer [US]	Mortimer Cavanah [US]	W	4	2
Noah Sawyer [US]	Arjun Khadse [US]	W	7	3
Noah Sawyer [US]	Carlos Fernandez [US]	W	10	4
Noah Sawyer [US]	Patrick Vargas [US]	W	13	5
Noah Sawyer [US]	Colton Meahl [US]	W	16	6
Noah Sawyer [US]	Ryan Tongue [US]	W	19	7
Noah Sawyer [US]	Ivan Chan [US]	L	19	8
Noah Sawyer [US]	Johnny Rabus [US]	L	19	9
Noah Sawyer [US]	Caleb Gedemer [US]	W	22	10
Noah Sawyer [US]	Dre Alderette [US]	W	25	11
Noah Sawyer [US]	Brad Brown [US]	W	28	12
Noah Sawyer [US]	Grayson Lang [US]	W	31	13
Noah Sawyer [US]	Isaiah Bradner [US]	L	31	14
Noah Sawyer [US]	Hunter Smith [US]	W	34	15
Tyler Mathews [US]	caleb cordis [US]	W	3	1
Tyler Mathews [US]	Moe Uddin [US]	W	6	2
Tyler Mathews [US]	Ely Greenfeld [US]	W	9	3
Tyler Mathews [US]	Ryan Graywacz [US]	W	12	4
Tyler Mathews [US]	Keaton Gill [US]	T	13	5
Tyler Mathews [US]	Edwin Lopez [US]	L	13	6
Tyler Mathews [US]	JW Kriewall [US]	W	16	7
Tyler Mathews [US]	Andres Estrada [US]	W	19	8
Tyler Mathews [US]	Omar Ben-Gacem [UK]	W	22	9
Tyler Mathews [US]	Ivan Chan [US]	W	25	10
Tyler Mathews [US]	Rowan Stavenow [CA]	W	28	11
Tyler Mathews [US]	Andrew Estrada [CA]	L	28	12
Tyler Mathews [US]	Ian Robb [US]	W	31	13
Tyler Mathews [US]	Tord Reklev [NO]	W	34	14
Tyler Mathews [US]	Michael Chen [US]	L	34	15
Caleb Gedemer [US]	Josh Maurer [US]	W	3	1
Caleb Gedemer [US]	Jerry Han [US]	W	6	2
Caleb Gedemer [US]	Harry West [AU]	W	9	3
Caleb Gedemer [US]	Luke Smith [US]	L	9	4
Caleb Gedemer [US]	Wilson Rowland [US]	W	12	5
Caleb Gedemer [US]	Dominic Viola [US]	L	12	6
Caleb Gedemer [US]	Evan Moore [US]	W	15	7
Caleb Gedemer [US]	mason hein [US]	T	16	8
Caleb Gedemer [US]	Nathaniel Zlockie [US]	W	19	9
Caleb Gedemer [US]	Noah Sawyer [US]	L	19	10
Caleb Gedemer [US]	Jack Bray [US]	W	22	11
Caleb Gedemer [US]	Michael Zheng [US]	W	25	12
Caleb Gedemer [US]	Brad Brown [US]	W	28	13
Caleb Gedemer [US]	Benjamin McEachen [US]	W	31	14
Caleb Gedemer [US]	Gibson Archer-Tang [US]	W	34	15
Dre Alderette [US]	Leslie McCartney [US]	W	3	1
Dre Alderette [US]	Joseph Figliano [US]	L	3	2
Dre Alderette [US]	Zachary Hopper [US]	W	6	3
Dre Alderette [US]	Rosh Patel [US]	W	9	4
Dre Alderette [US]	Michael Moskal [US]	W	12	5
Dre Alderette [US]	Brendan Cevasco [US]	L	12	6
Dre Alderette [US]	Nicholas Moffitt [US]	T	13	7
Dre Alderette [US]	Andrew Zheng [US]	W	16	8
Dre Alderette [US]	Jeremy Gomez [US]	W	19	9
Dre Alderette [US]	Matthew Hammond [US]	W	22	10
Dre Alderette [US]	Noah Sawyer [US]	L	22	11
Dre Alderette [US]	Nick Trausch [US]	W	25	12
Dre Alderette [US]	Jacky Su [CA]	W	28	13
Dre Alderette [US]	Mitchell Roberge [US]	W	31	14
Dre Alderette [US]	Joshua Curtin [US]	W	34	15
Brendan Cevasco [US]	Bharanikumar Rayudu [US]	W	3	1
Brendan Cevasco [US]	DJ Alleyne [US]	L	3	2
Brendan Cevasco [US]	Zach Bachofner [US]	W	6	3
Brendan Cevasco [US]	Lukas Gindt [US]	W	9	4
Brendan Cevasco [US]	Miguel Arocho [US]	W	12	5
Brendan Cevasco [US]	Dre Alderette [US]	W	15	6
Brendan Cevasco [US]	Bryan McDaniel [US]	L	15	7
Brendan Cevasco [US]	Trenton Staley [US]	W	18	8
Brendan Cevasco [US]	Harrison Zipp [US]	T	19	9
Brendan Cevasco [US]	Brennon Conner [US]	W	22	10
Brendan Cevasco [US]	Zach Lesage [CA]	W	25	11
Brendan Cevasco [US]	Collin Merli-Matthews [US]	L	25	12
Brendan Cevasco [US]	Justin Tse [CA]	W	28	13
Brendan Cevasco [US]	Andrew Wu [US]	W	31	14
Brendan Cevasco [US]	Erin McCann [US]	W	34	15
Landen Kaetler [CA]	James Byrum [US]	W	3	1
Landen Kaetler [CA]	Sammy Allen [US]	W	6	2
Landen Kaetler [CA]	Jonathan Bergman [US]	T	7	3
Landen Kaetler [CA]	David Ranney [US]	W	10	4
Landen Kaetler [CA]	Morgan Purdy [US]	L	10	5
Landen Kaetler [CA]	Bryce Spangler [US]	W	13	6
Landen Kaetler [CA]	Colton Meahl [US]	L	13	7
Landen Kaetler [CA]	Jacob Sisco [US]	W	16	8
Landen Kaetler [CA]	Joseph Brecht [US]	W	19	9
Landen Kaetler [CA]	BYE	W	22	10
Landen Kaetler [CA]	Brad Brown [US]	L	22	11
Landen Kaetler [CA]	Christopher Wigelsworth [US]	W	25	12
Landen Kaetler [CA]	Zeryx Schaefer [US]	W	28	13
Landen Kaetler [CA]	Benjamin Nackman [US]	W	31	14
Landen Kaetler [CA]	Mike Newey [US]	W	34	15
Benjamin Howard [US]	Daniel Altavilla [US]	L	0	1
Benjamin Howard [US]	Noah Duncan [US]	W	3	2
Benjamin Howard [US]	Danny Gavin [US]	L	3	3
Benjamin Howard [US]	Jeny Villanueva [US]	W	6	4
Benjamin Howard [US]	Jacob Carrasco [US]	W	9	5
Benjamin Howard [US]	Adrian Barrientos [US]	W	12	6
Benjamin Howard [US]	Edwin Arrollo [US]	T	13	7
Benjamin Howard [US]	Carlos Saenz [MX]	W	16	8
Benjamin Howard [US]	Joshua Bickel [US]	W	19	9
Benjamin Howard [US]	Jeffrey Chau [CA]	W	22	10
Benjamin Howard [US]	Jake Riggs [US]	L	22	11
Benjamin Howard [US]	Harrison Zipp [US]	W	25	12
Benjamin Howard [US]	Ben Dobberstein [US]	W	28	13
Benjamin Howard [US]	JW Kriewall [US]	W	31	14
Benjamin Howard [US]	Ivan Chan [US]	W	34	15
Dan Hugar [US]	Matthew Miller [US]	W	3	1
Dan Hugar [US]	Jose Gonzalez [US]	W	6	2
Dan Hugar [US]	Ross Cawthon [US]	L	6	3
Dan Hugar [US]	Riley Harris [US]	W	9	4
Dan Hugar [US]	Jordan Lipner [US]	W	12	5
Dan Hugar [US]	Charlie Kerr [US]	W	15	6
Dan Hugar [US]	siming qian [US]	W	18	7
Dan Hugar [US]	Omar Ben-Gacem [UK]	T	19	8
Dan Hugar [US]	Elliot Sayles [US]	L	19	9
Dan Hugar [US]	Corey Patterson [US]	W	22	10
Dan Hugar [US]	Daniel Altavilla [US]	T	23	11
Dan Hugar [US]	Ryan Soety [US]	T	24	12
Dan Hugar [US]	Chris Franco [US]	W	27	13
Dan Hugar [US]	Colton Ames [US]	W	30	14
Dan Hugar [US]	Michael Otero [US]	W	33	15
Bryan McDaniel [US]	Halim Bourjeili [US]	W	3	1
Bryan McDaniel [US]	Joseph Hoover [US]	W	6	2
Bryan McDaniel [US]	Simon Luong [CA]	W	9	3
Bryan McDaniel [US]	Luna Dunham [US]	W	12	4
Bryan McDaniel [US]	Nikolas Christodoulou [US]	L	12	5
Bryan McDaniel [US]	Victor Aung [US]	W	15	6
Bryan McDaniel [US]	Brendan Cevasco [US]	W	18	7
Bryan McDaniel [US]	Liam Conant [US]	W	21	8
Bryan McDaniel [US]	Luke Morsa [US]	W	24	9
Bryan McDaniel [US]	Andrew Estrada [CA]	L	24	10
Bryan McDaniel [US]	Hunter Smith [US]	W	27	11
Bryan McDaniel [US]	Alex Schemanske [US]	L	27	12
Bryan McDaniel [US]	Kenny Hernandez [US]	W	30	13
Bryan McDaniel [US]	Ryan Harris [US]	W	33	14
Bryan McDaniel [US]	Hunter Butler [US]	L	33	15
Austin Ellis [CA]	Chris Larson [US]	W	3	1
Austin Ellis [CA]	Andrew Edberg [US]	L	3	2
Austin Ellis [CA]	Taylor Molina [US]	W	6	3
Austin Ellis [CA]	Brian Gonzalez [US]	W	9	4
Austin Ellis [CA]	Brian Ortiz [US]	W	12	5
Austin Ellis [CA]	Jared Grimes [US]	W	15	6
Austin Ellis [CA]	Victor Carrillo [US]	L	15	7
Austin Ellis [CA]	Evan Brzeczkowski [US]	W	18	8
Austin Ellis [CA]	Braiden Elfert [US]	W	21	9
Austin Ellis [CA]	Luke Morsa [US]	W	24	10
Austin Ellis [CA]	Keaton Gill [US]	W	27	11
Austin Ellis [CA]	Andrew Wu [US]	W	30	12
Austin Ellis [CA]	Alex Schemanske [US]	W	33	13
Austin Ellis [CA]	Jesse Parker [US]	L	33	14
Austin Ellis [CA]	Collin Merli-Matthews [US]	L	33	15
Gabe Shumway [US]	Joey Jordan [US]	W	3	1
Gabe Shumway [US]	Juan Gonzalez [US]	W	6	2
Gabe Shumway [US]	Raymond Long [CA]	W	9	3
Gabe Shumway [US]	Nikolas Christodoulou [US]	L	9	4
Gabe Shumway [US]	Nathaniel Zlockie [US]	W	12	5
Gabe Shumway [US]	mason hein [US]	W	15	6
Gabe Shumway [US]	Luis Negron [US]	W	18	7
Gabe Shumway [US]	Jeremy Gibson [US]	L	18	8
Gabe Shumway [US]	Corey Patterson [US]	T	19	9
Gabe Shumway [US]	Harrison Zipp [US]	W	22	10
Gabe Shumway [US]	Jacky Su [CA]	W	25	11
Gabe Shumway [US]	Julia Butenhoff [US]	T	26	12
Gabe Shumway [US]	Jonathan Ramirez [US]	T	27	13
Gabe Shumway [US]	Ryan Soety [US]	W	30	14
Gabe Shumway [US]	Noel Totomoch [US]	W	33	15
Vance Kelley [US]	Ryan Sabelhaus [US]	T	1	1
Vance Kelley [US]	Ben DeGarmo [US]	W	4	2
Vance Kelley [US]	**VIP16 Oziel Cuellar [US]	W	7	3
Vance Kelley [US]	Jeremiah Schmutz [US]	W	10	4
Vance Kelley [US]	Jerrick Gumila [US]	W	13	5
Vance Kelley [US]	Guy Bennett [US]	W	16	6
Vance Kelley [US]	Tyler Perry [US]	W	19	7
Vance Kelley [US]	Nhan Le [US]	T	20	8
Vance Kelley [US]	Jacob Stock [US]	L	20	9
Vance Kelley [US]	**VIP31 Joseph Sumner [US]	T	21	10
Vance Kelley [US]	Aleaner Pabonnie [US]	W	24	11
Vance Kelley [US]	Colton Ames [US]	W	27	12
Vance Kelley [US]	Vincent D'Arcy [US]	L	27	13
Vance Kelley [US]	Keaton Gill [US]	W	30	14
Vance Kelley [US]	Zach Lesage [CA]	W	33	15
Vincent D'Arcy [US]	Christian Galvan [US]	W	3	1
Vincent D'Arcy [US]	Stephen Sinnes [US]	W	6	2
Vincent D'Arcy [US]	Bradley Lippert [US]	L	6	3
Vincent D'Arcy [US]	Steven Hummelt [US]	T	7	4
Vincent D'Arcy [US]	Robert Akey [US]	W	10	5
Vincent D'Arcy [US]	Aman Soni [US]	W	13	6
Vincent D'Arcy [US]	Meng-Yu Wang [US]	W	16	7
Vincent D'Arcy [US]	James Flanagan [US]	W	19	8
Vincent D'Arcy [US]	Aleaner Pabonnie [US]	T	20	9
Vincent D'Arcy [US]	Dregan Shook [US]	W	23	10
Vincent D'Arcy [US]	Kenny Hernandez [US]	T	24	11
Vincent D'Arcy [US]	Jacob Stock [US]	W	27	12
Vincent D'Arcy [US]	Vance Kelley [US]	W	30	13
Vincent D'Arcy [US]	Sawyer Melban [US]	L	30	14
Vincent D'Arcy [US]	Alex Schemanske [US]	W	33	15
Jon Eng [US]	Walter Portillo [US]	W	3	1
Jon Eng [US]	Michael Moskal [US]	W	6	2
Jon Eng [US]	Collin Merli-Matthews [US]	L	6	3
Jon Eng [US]	Joseph Hoover [US]	W	9	4
Jon Eng [US]	Harris Noor [US]	W	12	5
Jon Eng [US]	Kara Greenstreet [US]	W	15	6
Jon Eng [US]	Rishi Gupta [US]	W	18	7
Jon Eng [US]	Adam Reinhardt [US]	L	18	8
Jon Eng [US]	Miguel Arocho [US]	T	19	9
Jon Eng [US]	Benjamin McEachen [US]	W	22	10
Jon Eng [US]	Daniel Lopez [US]	W	25	11
Jon Eng [US]	Calvin Connor [US]	L	25	12
Jon Eng [US]	Austin Daniels [US]	W	28	13
Jon Eng [US]	Christian Chase [US]	T	29	14
Jon Eng [US]	Jonathan Ramirez [US]	W	32	15
Noah Hanerland [US]	Ashton Grounds [US]	W	3	1
Noah Hanerland [US]	Joel Bergman [CA]	T	4	2
Noah Hanerland [US]	Alexander Rodriguez [US]	T	5	3
Noah Hanerland [US]	Kieran Inch [US]	W	8	4
Noah Hanerland [US]	Dominick Paul [US]	W	11	5
Noah Hanerland [US]	Austin Davis [US]	W	14	6
Noah Hanerland [US]	Luke Paul [US]	W	17	7
Noah Hanerland [US]	Ryan Harris [US]	L	17	8
Noah Hanerland [US]	Juan Mora [US]	W	20	9
Noah Hanerland [US]	Prin Basser [US]	W	23	10
Noah Hanerland [US]	Rahul Reddy [US]	L	23	11
Noah Hanerland [US]	Tyler Perry [US]	W	26	12
Noah Hanerland [US]	Regan Retzloff [US]	W	29	13
Noah Hanerland [US]	Soumil Dusara [US]	W	32	14
Noah Hanerland [US]	Sawyer Melban [US]	L	32	15
Johnny Rabus [US]	Morgan Drake [US]	T	1	1
Johnny Rabus [US]	Asher Campbell [US]	W	4	2
Johnny Rabus [US]	Emily Wierzba [US]	W	7	3
Johnny Rabus [US]	Zach Lesage [CA]	W	10	4
Johnny Rabus [US]	Donny McCoy [US]	W	13	5
Johnny Rabus [US]	Austin Daniels [US]	W	16	6
Johnny Rabus [US]	Timothy Bennett [US]	W	19	7
Johnny Rabus [US]	Tord Reklev [NO]	L	19	8
Johnny Rabus [US]	Noah Sawyer [US]	W	22	9
Johnny Rabus [US]	Hunter Butler [US]	T	23	10
Johnny Rabus [US]	Michael Canaves [US]	W	26	11
Johnny Rabus [US]	Chris Franco [US]	W	29	12
Johnny Rabus [US]	Rahul Reddy [US]	L	29	13
Johnny Rabus [US]	Calvin Connor [US]	L	29	14
Johnny Rabus [US]	Soumil Dusara [US]	W	32	15
Tord Reklev [NO]	Brandon Lane [US]	W	3	1
Tord Reklev [NO]	Alexander Vences [US]	W	6	2
Tord Reklev [NO]	Keaton Williams [US]	W	9	3
Tord Reklev [NO]	Derrick Schwarz [US]	W	12	4
Tord Reklev [NO]	Adam Jones [US]	T	13	5
Tord Reklev [NO]	Aaron Hunt [US]	W	16	6
Tord Reklev [NO]	Patrick Scharff [US]	W	19	7
Tord Reklev [NO]	Johnny Rabus [US]	W	22	8
Tord Reklev [NO]	Andrew Hedrick [US]	L	22	9
Tord Reklev [NO]	Joshua Acevedo [US]	W	25	10
Tord Reklev [NO]	Elliott Chereches [CA]	W	28	11
Tord Reklev [NO]	Michael Chen [US]	W	31	12
Tord Reklev [NO]	Lucas Xing [CA]	L	31	13
Tord Reklev [NO]	Tyler Mathews [US]	L	31	14
Tord Reklev [NO]	Grant Manley [US]	T	32	15
Elliott Chereches [CA]	Anthony Salomone [US]	W	3	1
Elliott Chereches [CA]	Harel Manhaim [IL]	W	6	2
Elliott Chereches [CA]	Benjamin McEachen [US]	W	9	3
Elliott Chereches [CA]	Adam Gherbi [US]	T	10	4
Elliott Chereches [CA]	Arron Sanyer [US]	W	13	5
Elliott Chereches [CA]	Brooke English [US]	W	16	6
Elliott Chereches [CA]	Nhan Le [US]	L	16	7
Elliott Chereches [CA]	Justin Norris [US]	W	19	8
Elliott Chereches [CA]	Tyler Perry [US]	W	22	9
Elliott Chereches [CA]	Collin Merli-Matthews [US]	W	25	10
Elliott Chereches [CA]	Tord Reklev [NO]	L	25	11
Elliott Chereches [CA]	Ian Robb [US]	L	25	12
Elliott Chereches [CA]	Suchit Koparde [US]	T	26	13
Elliott Chereches [CA]	Chris Fulop [US]	W	29	14
Elliott Chereches [CA]	Morgan Purdy [US]	W	32	15
Christian Chase [US]	Mike Fouchet [US]	W	3	1
Christian Chase [US]	Adam Reinhardt [US]	W	6	2
Christian Chase [US]	Derrick Schwarz [US]	L	6	3
Christian Chase [US]	Mike Wargo [US]	W	9	4
Christian Chase [US]	Carlos Saenz [MX]	W	12	5
Christian Chase [US]	Michael Canaves [US]	L	12	6
Christian Chase [US]	Cristian Estrada [US]	W	15	7
Christian Chase [US]	garrett briglia [US]	W	18	8
Christian Chase [US]	Riley Hulbert [US]	T	19	9
Christian Chase [US]	Dakota Davey [US]	W	22	10
Christian Chase [US]	Collin Merli-Matthews [US]	L	22	11
Christian Chase [US]	McKinley Freeman [US]	W	25	12
Christian Chase [US]	Harris Noor [US]	W	28	13
Christian Chase [US]	Jon Eng [US]	T	29	14
Christian Chase [US]	Conner Truitt [US]	W	32	15
Grant Manley [US]	Ryan Kelly [US]	W	3	1
Grant Manley [US]	Jeremy Waxman [US]	W	6	2
Grant Manley [US]	Luna Dunham [US]	L	6	3
Grant Manley [US]	Walker Halliburton [US]	W	9	4
Grant Manley [US]	Ryan Graywacz [US]	W	12	5
Grant Manley [US]	Nicholas Moffitt [US]	W	15	6
Grant Manley [US]	Jeremy Gibson [US]	L	15	7
Grant Manley [US]	Jared Grimes [US]	W	18	8
Grant Manley [US]	Ross Cawthon [US]	W	21	9
Grant Manley [US]	Haru Nishikawa [JP]	T	22	10
Grant Manley [US]	Scott Cottrell [US]	W	25	11
Grant Manley [US]	Gibson Archer-Tang [US]	W	28	12
Grant Manley [US]	Isaiah Bradner [US]	L	28	13
Grant Manley [US]	Ian Robb [US]	W	31	14
Grant Manley [US]	Tord Reklev [NO]	T	32	15
Calvin Connor [US]	Caden Styche [US]	W	3	1
Calvin Connor [US]	Maxwell Douglass [US]	W	6	2
Calvin Connor [US]	Russell Monteiro [US]	T	7	3
Calvin Connor [US]	Jake Dillon [US]	W	10	4
Calvin Connor [US]	Guy Bennett [US]	L	10	5
Calvin Connor [US]	Matthew Hammond [US]	W	13	6
Calvin Connor [US]	Chi Chi Huang [US]	W	16	7
Calvin Connor [US]	Matthew Connors [US]	L	16	8
Calvin Connor [US]	Tanner Leonardo [US]	W	19	9
Calvin Connor [US]	Jake Abrams [US]	W	22	10
Calvin Connor [US]	Kamil Colatosti [CA]	W	25	11
Calvin Connor [US]	Jon Eng [US]	W	28	12
Calvin Connor [US]	Soumil Dusara [US]	T	29	13
Calvin Connor [US]	Johnny Rabus [US]	W	32	14
Calvin Connor [US]	Nicholas Moffitt [US]	L	32	15
Christopher Venier [CA]	John Wanggaard [US]	W	3	1
Christopher Venier [CA]	Jacqueline Wallis [US]	W	6	2
Christopher Venier [CA]	Richard Rothenbach [US]	W	9	3
Christopher Venier [CA]	Dang Pho [US]	L	9	4
Christopher Venier [CA]	Ciaran Farah [CA]	W	12	5
Christopher Venier [CA]	Cody Graham [US]	L	12	6
Christopher Venier [CA]	Andrew Buckner [US]	W	15	7
Christopher Venier [CA]	Rishi Gupta [US]	W	18	8
Christopher Venier [CA]	Abaan Ahmed [US]	T	19	9
Christopher Venier [CA]	Harris Noor [US]	W	22	10
Christopher Venier [CA]	Erin McCann [US]	W	25	11
Christopher Venier [CA]	Gilberto Acosta [US]	T	26	12
Christopher Venier [CA]	Nicholas Moffitt [US]	L	26	13
Christopher Venier [CA]	Joshua Acevedo [US]	W	29	14
Christopher Venier [CA]	Michele Schiraldi [CA]	W	32	15
Jeremy Gibson [US]	Tony Quach [US]	W	3	1
Jeremy Gibson [US]	Alex Quach [CA]	W	6	2
Jeremy Gibson [US]	Joshua Fine [US]	W	9	3
Jeremy Gibson [US]	Conor Devins [US]	W	12	4
Jeremy Gibson [US]	Edwin Arrollo [US]	W	15	5
Jeremy Gibson [US]	Lucas Xing [CA]	L	15	6
Jeremy Gibson [US]	Grant Manley [US]	W	18	7
Jeremy Gibson [US]	Gabe Shumway [US]	W	21	8
Jeremy Gibson [US]	Kyle Tokarczyk [US]	W	24	9
Jeremy Gibson [US]	Jacob Stock [US]	W	27	10
Jeremy Gibson [US]	Mike Newey [US]	T	28	11
Jeremy Gibson [US]	Lucas Xing [CA]	L	28	12
Jeremy Gibson [US]	Michael Otero [US]	W	31	13
Jeremy Gibson [US]	Rowan Stavenow [CA]	T	32	14
Jeremy Gibson [US]	Michael Davidson [US]	L	32	15
Haru Nishikawa [JP]	Zacarias Acefe [US]	W	3	1
Haru Nishikawa [JP]	Max Martin [US]	W	6	2
Haru Nishikawa [JP]	Lucas Xing [CA]	L	6	3
Haru Nishikawa [JP]	Adam Kosmowski [US]	W	9	4
Haru Nishikawa [JP]	Cyrus McCane [US]	L	9	5
Haru Nishikawa [JP]	German Herrera [US]	W	12	6
Haru Nishikawa [JP]	Rico Schugmann [US]	W	15	7
Haru Nishikawa [JP]	Bryson Hunt [CA]	W	18	8
Haru Nishikawa [JP]	Sebastian Francomartin [US]	W	21	9
Haru Nishikawa [JP]	Grant Manley [US]	T	22	10
Haru Nishikawa [JP]	Michael Zheng [US]	W	25	11
Haru Nishikawa [JP]	Soumil Dusara [US]	L	25	12
Haru Nishikawa [JP]	Jake Riggs [US]	W	28	13
Haru Nishikawa [JP]	Isaiah Cheville [US]	T	29	14
Haru Nishikawa [JP]	Darin O'Meara [US]	W	32	15
Luke Smith [US]	Ash Lafford [CA]	W	3	1
Luke Smith [US]	Mitch Hunsucker [US]	W	6	2
Luke Smith [US]	Anthony Barrante [US]	W	9	3
Luke Smith [US]	Caleb Gedemer [US]	W	12	4
Luke Smith [US]	Alexander Pineda [US]	L	12	5
Luke Smith [US]	Regan Retzloff [US]	W	15	6
Luke Smith [US]	Omar Ben-Gacem [UK]	L	15	7
Luke Smith [US]	Christian LaBella [CA]	W	18	8
Luke Smith [US]	Aidan Khus [US]	W	21	9
Luke Smith [US]	Owen Johnson [CA]	T	22	10
Luke Smith [US]	Jonathan Ramirez [US]	T	23	11
Luke Smith [US]	Kyle Tokarczyk [US]	W	26	12
Luke Smith [US]	Prin Basser [US]	W	29	13
Luke Smith [US]	Michael Davidson [US]	L	29	14
Luke Smith [US]	Owen Rhoads [US]	W	32	15
Regan Retzloff [US]	Victoria Barry [US]	W	3	1
Regan Retzloff [US]	Jack Rooney [US]	W	6	2
Regan Retzloff [US]	Wilfred Worland [US]	W	9	3
Regan Retzloff [US]	Jack Wong [CA]	W	12	4
Regan Retzloff [US]	Ralts Musser [US]	L	12	5
Regan Retzloff [US]	Luke Smith [US]	L	12	6
Regan Retzloff [US]	Ethan Szendrey [CA]	T	13	7
Regan Retzloff [US]	Hang Yu Lin [CA]	W	16	8
Regan Retzloff [US]	Joseph Feliciano Garcia [US]	W	19	9
Regan Retzloff [US]	Jacob Noel [US]	T	20	10
Regan Retzloff [US]	Luke Morsa [US]	W	23	11
Regan Retzloff [US]	Peyton Bauermeister [US]	W	26	12
Regan Retzloff [US]	Noah Hanerland [US]	L	26	13
Regan Retzloff [US]	Michael Canaves [US]	W	29	14
Regan Retzloff [US]	Prin Basser [US]	W	32	15
Rowan Stavenow [CA]	Hunter Butler [US]	W	3	1
Rowan Stavenow [CA]	Michael Sherman [US]	W	6	2
Rowan Stavenow [CA]	Maxwell Bishop [US]	W	9	3
Rowan Stavenow [CA]	Brad Brown [US]	W	12	4
Rowan Stavenow [CA]	Sujith Nalabolu [US]	L	12	5
Rowan Stavenow [CA]	Kian Siadat [US]	T	13	6
Rowan Stavenow [CA]	Grayson Jones [US]	W	16	7
Rowan Stavenow [CA]	Aden Cunningham [US]	W	19	8
Rowan Stavenow [CA]	Andrew Dombroski [US]	W	22	9
Rowan Stavenow [CA]	Elliot Sayles [US]	W	25	10
Rowan Stavenow [CA]	Tyler Mathews [US]	L	25	11
Rowan Stavenow [CA]	Justin Tse [CA]	W	28	12
Rowan Stavenow [CA]	Mike Newey [US]	W	31	13
Rowan Stavenow [CA]	Jeremy Gibson [US]	T	32	14
Rowan Stavenow [CA]	Rahul Reddy [US]	L	32	15
Isaiah Cheville [US]	Chris Bargeron [US]	W	3	1
Isaiah Cheville [US]	Bryan Ortiz [CA]	T	4	2
Isaiah Cheville [US]	Dustin Ashford [CA]	L	4	3
Isaiah Cheville [US]	Anthony Balko [US]	W	7	4
Isaiah Cheville [US]	Mark Dizon [CA]	L	7	5
Isaiah Cheville [US]	**VIP15 Brandon Chang [US]	W	10	6
Isaiah Cheville [US]	Matt Guyan [US]	W	13	7
Isaiah Cheville [US]	Richard Freire [US]	W	16	8
Isaiah Cheville [US]	Jonathan Lopez [US]	W	19	9
Isaiah Cheville [US]	Omar Ben-Gacem [UK]	W	22	10
Isaiah Cheville [US]	Joshua Acevedo [US]	W	25	11
Isaiah Cheville [US]	Jake Riggs [US]	W	28	12
Isaiah Cheville [US]	Ivan Chan [US]	L	28	13
Isaiah Cheville [US]	Haru Nishikawa [JP]	T	29	14
Isaiah Cheville [US]	Joshua Sambrano [US]	W	32	15
Joshua Curtin [US]	PAUL GIZA [US]	L	0	1
Joshua Curtin [US]	Vincent Cassello [US]	W	3	2
Joshua Curtin [US]	Tyler Zikorus [US]	W	6	3
Joshua Curtin [US]	Mitch Hunsucker [US]	T	7	4
Joshua Curtin [US]	Jan Michael Ortiz [US]	W	10	5
Joshua Curtin [US]	June Norber [US]	W	13	6
Joshua Curtin [US]	Peyton Bauermeister [US]	W	16	7
Joshua Curtin [US]	Joe Sturino [US]	W	19	8
Joshua Curtin [US]	Matthew Connors [US]	W	22	9
Joshua Curtin [US]	Michael Chen [US]	L	22	10
Joshua Curtin [US]	Abaan Ahmed [US]	W	25	11
Joshua Curtin [US]	Mason Lovato [US]	W	28	12
Joshua Curtin [US]	Evan Campbell [US]	W	31	13
Joshua Curtin [US]	Collin Merli-Matthews [US]	L	31	14
Joshua Curtin [US]	Dre Alderette [US]	L	31	15
Ivan Chan [US]	Collin Smelcer [US]	W	3	1
Ivan Chan [US]	Danny Chalet [US]	W	6	2
Ivan Chan [US]	Jerry Li [US]	W	9	3
Ivan Chan [US]	David Martinez [US]	W	12	4
Ivan Chan [US]	Seth Savage [US]	W	15	5
Ivan Chan [US]	Tyler Perry [US]	T	16	6
Ivan Chan [US]	Adam Jones [US]	W	19	7
Ivan Chan [US]	Noah Sawyer [US]	W	22	8
Ivan Chan [US]	Hunter Smith [US]	L	22	9
Ivan Chan [US]	Tyler Mathews [US]	L	22	10
Ivan Chan [US]	Ely Greenfeld [US]	W	25	11
Ivan Chan [US]	Cody Graham [US]	W	28	12
Ivan Chan [US]	Isaiah Cheville [US]	W	31	13
Ivan Chan [US]	Michael Chen [US]	L	31	14
Ivan Chan [US]	Benjamin Howard [US]	L	31	15
Mike Newey [US]	Dylan Cassidy [US]	W	3	1
Mike Newey [US]	Hunter Wyne [US]	W	6	2
Mike Newey [US]	Edward Valencia [US]	L	6	3
Mike Newey [US]	Michael Sherman [US]	W	9	4
Mike Newey [US]	Nathan Ritchie [CA]	W	12	5
Mike Newey [US]	jesse spencer [US]	W	15	6
Mike Newey [US]	Cyrus McCane [US]	W	18	7
Mike Newey [US]	Aidan Khus [US]	W	21	8
Mike Newey [US]	Nathan Bumbarger [US]	W	24	9
Mike Newey [US]	Hunter Smith [US]	W	27	10
Mike Newey [US]	Jeremy Gibson [US]	T	28	11
Mike Newey [US]	Jesse Parker [US]	L	28	12
Mike Newey [US]	Rowan Stavenow [CA]	L	28	13
Mike Newey [US]	Evan Campbell [US]	W	31	14
Mike Newey [US]	Landen Kaetler [CA]	L	31	15
Gregory Playter [US]	Kyle Tokarczyk [US]	L	0	1
Gregory Playter [US]	Tanner Bilbrey [US]	W	3	2
Gregory Playter [US]	Nikita Matyukov [US]	T	4	3
Gregory Playter [US]	Samuel Scime [CA]	W	7	4
Gregory Playter [US]	Mitch Hunsucker [US]	W	10	5
Gregory Playter [US]	Chris Schmidt [US]	W	13	6
Gregory Playter [US]	Jim O’Heron [US]	W	16	7
Gregory Playter [US]	Dalen Dockery [US]	W	19	8
Gregory Playter [US]	Joshua Acevedo [US]	L	19	9
Gregory Playter [US]	Arron Sanyer [US]	W	22	10
Gregory Playter [US]	Conner Truitt [US]	W	25	11
Gregory Playter [US]	Tristan Bennett [US]	W	28	12
Gregory Playter [US]	Collin Merli-Matthews [US]	L	28	13
Gregory Playter [US]	Gibson Archer-Tang [US]	L	28	14
Gregory Playter [US]	Cody Graham [US]	W	31	15
Gibson Archer-Tang [US]	Jakob Vitug [US]	W	3	1
Gibson Archer-Tang [US]	Derek Li [US]	T	4	2
Gibson Archer-Tang [US]	Tristan Rojas [US]	L	4	3
Gibson Archer-Tang [US]	Thomas Veazie [US]	W	7	4
Gibson Archer-Tang [US]	Michael Zele [US]	W	10	5
Gibson Archer-Tang [US]	Pedro Hernandez [US]	W	13	6
Gibson Archer-Tang [US]	Hunter Butler [US]	L	13	7
Gibson Archer-Tang [US]	Sackett Brehmer [US]	W	16	8
Gibson Archer-Tang [US]	Rachel Komorowski [US]	W	19	9
Gibson Archer-Tang [US]	Patrick Scharff [US]	W	22	10
Gibson Archer-Tang [US]	Nick Trausch [US]	W	25	11
Gibson Archer-Tang [US]	Grant Manley [US]	L	25	12
Gibson Archer-Tang [US]	Gabriel Smart [US]	W	28	13
Gibson Archer-Tang [US]	Gregory Playter [US]	W	31	14
Gibson Archer-Tang [US]	Caleb Gedemer [US]	L	31	15
Zach Lesage [CA]	Byron Breckenridge [US]	W	3	1
Zach Lesage [CA]	Owen Robinson [US]	W	6	2
Zach Lesage [CA]	Arthur Terceira [US]	T	7	3
Zach Lesage [CA]	Johnny Rabus [US]	L	7	4
Zach Lesage [CA]	**VIP23 Link Maynard [US]	W	10	5
Zach Lesage [CA]	Michael Lacek [US]	W	13	6
Zach Lesage [CA]	Jeremy Gumila [US]	L	13	7
Zach Lesage [CA]	Cody Criner [US]	W	16	8
Zach Lesage [CA]	Chi Chi Huang [US]	W	19	9
Zach Lesage [CA]	Jack Bray [US]	W	22	10
Zach Lesage [CA]	Brendan Cevasco [US]	L	22	11
Zach Lesage [CA]	Nicholas Moses [US]	W	25	12
Zach Lesage [CA]	Riley Hulbert [US]	W	28	13
Zach Lesage [CA]	Grayson Lang [US]	W	31	14
Zach Lesage [CA]	Vance Kelley [US]	L	31	15
Benjamin McEachen [US]	Trevor Bales [US]	W	3	1
Benjamin McEachen [US]	John Munoz [US]	W	6	2
Benjamin McEachen [US]	Elliott Chereches [CA]	L	6	3
Benjamin McEachen [US]	Luke Talkington [US]	L	6	4
Benjamin McEachen [US]	Anthony Nimmons [US]	W	9	5
Benjamin McEachen [US]	Jake Humphries [US]	W	12	6
Benjamin McEachen [US]	Alexander Huesca [US]	W	15	7
Benjamin McEachen [US]	Dominic Viola [US]	W	18	8
Benjamin McEachen [US]	Christopher Wigelsworth [US]	T	19	9
Benjamin McEachen [US]	Jon Eng [US]	L	19	10
Benjamin McEachen [US]	Edwin Arrollo [US]	W	22	11
Benjamin McEachen [US]	Shashi Naraine [CA]	W	25	12
Benjamin McEachen [US]	Tristan Bennett [US]	W	28	13
Benjamin McEachen [US]	Caleb Gedemer [US]	L	28	14
Benjamin McEachen [US]	Ben Dobberstein [US]	W	31	15
Grayson Lang [US]	Emily Wierzba [US]	L	0	1
Grayson Lang [US]	Adrian Barrientos [US]	L	0	2
Grayson Lang [US]	Julio Funes [US]	W	3	3
Grayson Lang [US]	Tariq Eddington [US]	W	6	4
Grayson Lang [US]	Cameron Johnson [US]	W	9	5
Grayson Lang [US]	Michael Messina [US]	W	12	6
Grayson Lang [US]	Brandon Morris [US]	W	15	7
Grayson Lang [US]	Kara Greenstreet [US]	W	18	8
Grayson Lang [US]	Jashua Robles [US]	W	21	9
Grayson Lang [US]	Dylan Gunn [US]	W	24	10
Grayson Lang [US]	Noel Totomoch [US]	W	27	11
Grayson Lang [US]	Ryan Bownes [US]	T	28	12
Grayson Lang [US]	Noah Sawyer [US]	L	28	13
Grayson Lang [US]	Zach Lesage [CA]	L	28	14
Grayson Lang [US]	Kamil Colatosti [CA]	W	31	15
Hunter Smith [US]	Calvin Chang [US]	W	3	1
Hunter Smith [US]	Austin Myers [US]	W	6	2
Hunter Smith [US]	Cyrus McCane [US]	W	9	3
Hunter Smith [US]	Adam Jones [US]	L	9	4
Hunter Smith [US]	Nick Trausch [US]	W	12	5
Hunter Smith [US]	Gable Funchess [US]	W	15	6
Hunter Smith [US]	Jake Riggs [US]	W	18	7
Hunter Smith [US]	Ryan Soety [US]	W	21	8
Hunter Smith [US]	Ivan Chan [US]	W	24	9
Hunter Smith [US]	Mike Newey [US]	L	24	10
Hunter Smith [US]	Bryan McDaniel [US]	L	24	11
Hunter Smith [US]	Brayden Karvelas [US]	W	27	12
Hunter Smith [US]	Ryan Bownes [US]	T	28	13
Hunter Smith [US]	Cody Graham [US]	W	31	14
Hunter Smith [US]	Noah Sawyer [US]	L	31	15
Jacky Su [CA]	Andrew Kanallakan [US]	W	3	1
Jacky Su [CA]	Nicholas Grigson [US]	L	3	2
Jacky Su [CA]	Timothy Luke [US]	W	6	3
Jacky Su [CA]	Jacob Avchen [US]	W	9	4
Jacky Su [CA]	Derek Swope [US]	W	12	5
Jacky Su [CA]	Jalen Jones [US]	W	15	6
Jacky Su [CA]	Benjamin Nackman [US]	L	15	7
Jacky Su [CA]	Aren Ashlock [US]	W	18	8
Jacky Su [CA]	Peter Kica [US]	W	21	9
Jacky Su [CA]	Brad Brown [US]	T	22	10
Jacky Su [CA]	Gabe Shumway [US]	L	22	11
Jacky Su [CA]	Cyrus Davis [CA]	W	25	12
Jacky Su [CA]	Dre Alderette [US]	L	25	13
Jacky Su [CA]	Tristan Bennett [US]	W	28	14
Jacky Su [CA]	Ian Robb [US]	W	31	15
Daniel Lopez [US]	Jack Basmaci [US]	W	3	1
Daniel Lopez [US]	Anthony Appelt [US]	L	3	2
Daniel Lopez [US]	Marty Reyes [US]	W	6	3
Daniel Lopez [US]	Tristan Lackey [US]	W	9	4
Daniel Lopez [US]	Ryan Vujanovich [US]	T	10	5
Daniel Lopez [US]	David Lugo [US]	W	13	6
Daniel Lopez [US]	Nick Newton [US]	W	16	7
Daniel Lopez [US]	Andrew Dombroski [US]	L	16	8
Daniel Lopez [US]	Beau Fleetwood [US]	W	19	9
Daniel Lopez [US]	Mitchell Roberge [US]	W	22	10
Daniel Lopez [US]	Jon Eng [US]	L	22	11
Daniel Lopez [US]	Owen Rhoads [US]	L	22	12
Daniel Lopez [US]	Ryan Miller [US]	W	25	13
Daniel Lopez [US]	Ryan Antonucci [US]	W	28	14
Daniel Lopez [US]	JW Kriewall [US]	W	31	15
Erin McCann [US]	tyler frink [US]	W	3	1
Erin McCann [US]	Nathan Bumbarger [US]	L	3	2
Erin McCann [US]	Aidan Ulian [CA]	W	6	3
Erin McCann [US]	Kyle Lesniewicz [US]	L	6	4
Erin McCann [US]	Brian Gonzalez [US]	W	9	5
Erin McCann [US]	Petar Luketina [US]	W	12	6
Erin McCann [US]	Josh Owens [US]	W	15	7
Erin McCann [US]	CJ Rodriguez [US]	W	18	8
Erin McCann [US]	Nick Trausch [US]	T	19	9
Erin McCann [US]	Victor Carrillo [US]	W	22	10
Erin McCann [US]	Christopher Venier [CA]	L	22	11
Erin McCann [US]	Scott Cottrell [US]	W	25	12
Erin McCann [US]	Ryan Sabelhaus [US]	W	28	13
Erin McCann [US]	Ryan Bownes [US]	W	31	14
Erin McCann [US]	Brendan Cevasco [US]	L	31	15
Ryan Bownes [US]	Andrew DaSilva [US]	W	3	1
Ryan Bownes [US]	Wojtek Gronek [CA]	W	6	2
Ryan Bownes [US]	Dominick Ciampi [US]	W	9	3
Ryan Bownes [US]	Edward Valencia [US]	W	12	4
Ryan Bownes [US]	Jake Abrams [US]	T	13	5
Ryan Bownes [US]	Midori Kawaue [US]	T	14	6
Ryan Bownes [US]	Will Jenkins [US]	W	17	7
Ryan Bownes [US]	Sanjay Sundararajan [US]	W	20	8
Ryan Bownes [US]	Keaton Gill [US]	W	23	9
Ryan Bownes [US]	Scott Cottrell [US]	W	26	10
Ryan Bownes [US]	Adam Reinhardt [US]	L	26	11
Ryan Bownes [US]	Grayson Lang [US]	T	27	12
Ryan Bownes [US]	Hunter Smith [US]	T	28	13
Ryan Bownes [US]	Erin McCann [US]	L	28	14
Ryan Bownes [US]	Kenny Hernandez [US]	W	31	15
Harris Noor [US]	siming qian [US]	W	3	1
Harris Noor [US]	Anthony Romanello [US]	L	3	2
Harris Noor [US]	Jacob Carrasco [US]	W	6	3
Harris Noor [US]	Vincenzo Porco [CA]	W	9	4
Harris Noor [US]	Jon Eng [US]	L	9	5
Harris Noor [US]	Kevin Hardy [US]	W	12	6
Harris Noor [US]	Tyler Ralston [US]	W	15	7
Harris Noor [US]	jesse spencer [US]	W	18	8
Harris Noor [US]	Liam Conant [US]	T	19	9
Harris Noor [US]	Christopher Venier [CA]	L	19	10
Harris Noor [US]	Jeffrey Chau [CA]	W	22	11
Harris Noor [US]	Owen Johnson [CA]	W	25	12
Harris Noor [US]	Christian Chase [US]	L	25	13
Harris Noor [US]	Shashi Naraine [CA]	W	28	14
Harris Noor [US]	Brandon Dean [US]	W	31	15
Benjamin Nackman [US]	Bryan Bare [US]	W	3	1
Benjamin Nackman [US]	Tyler Herrmann [US]	W	6	2
Benjamin Nackman [US]	Josh Rhea [US]	W	9	3
Benjamin Nackman [US]	Anthony Appelt [US]	L	9	4
Benjamin Nackman [US]	Ryan Antonucci [US]	W	12	5
Benjamin Nackman [US]	Tyler Ralston [US]	W	15	6
Benjamin Nackman [US]	Jacky Su [CA]	W	18	7
Benjamin Nackman [US]	Kyle Tokarczyk [US]	L	18	8
Benjamin Nackman [US]	Ely Greenfeld [US]	T	19	9
Benjamin Nackman [US]	Austin Daniels [US]	L	19	10
Benjamin Nackman [US]	Andrew Weiss [US]	W	22	11
Benjamin Nackman [US]	Brandon Dean [US]	W	25	12
Benjamin Nackman [US]	Caleb Rogerson [US]	W	28	13
Benjamin Nackman [US]	Landen Kaetler [CA]	L	28	14
Benjamin Nackman [US]	Corey Patterson [US]	W	31	15
Ryan Harris [US]	Nick Dela Torre [US]	W	3	1
Ryan Harris [US]	Ashelia Bowsher [US]	W	6	2
Ryan Harris [US]	Bryce Branch [US]	T	7	3
Ryan Harris [US]	Kevin Williams [US]	W	10	4
Ryan Harris [US]	Dylan Smith [US]	W	13	5
Ryan Harris [US]	Sanjay Sundararajan [US]	T	14	6
Ryan Harris [US]	Cyrus Davis [CA]	W	17	7
Ryan Harris [US]	Noah Hanerland [US]	W	20	8
Ryan Harris [US]	Nhan Le [US]	T	21	9
Ryan Harris [US]	Michael Diaz [US]	L	21	10
Ryan Harris [US]	Mario Vivas [CA]	W	24	11
Ryan Harris [US]	Erich Francis [US]	W	27	12
Ryan Harris [US]	Noel Totomoch [US]	W	30	13
Ryan Harris [US]	Bryan McDaniel [US]	L	30	14
Ryan Harris [US]	George Gebhardt [US]	T	31	15
Ryan Sabelhaus [US]	Vance Kelley [US]	T	1	1
Ryan Sabelhaus [US]	Scott Mottern [US]	W	4	2
Ryan Sabelhaus [US]	Jake Ewart [US]	L	4	3
Ryan Sabelhaus [US]	Vincent Vuong [CA]	W	7	4
Ryan Sabelhaus [US]	Zach Paullet [US]	W	10	5
Ryan Sabelhaus [US]	Aushton Kelusky [CA]	T	11	6
Ryan Sabelhaus [US]	Callie Moore [CA]	W	14	7
Ryan Sabelhaus [US]	Jackson Ford [CA]	W	17	8
Ryan Sabelhaus [US]	chris bodden [US]	W	20	9
Ryan Sabelhaus [US]	Caleb Rogerson [US]	T	21	10
Ryan Sabelhaus [US]	Alexander Phillips [US]	T	22	11
Ryan Sabelhaus [US]	Cody Bruder [US]	W	25	12
Ryan Sabelhaus [US]	Erin McCann [US]	L	25	13
Ryan Sabelhaus [US]	Riley Hulbert [US]	W	28	14
Ryan Sabelhaus [US]	Arron Sanyer [US]	W	31	15
Christopher Wigelsworth [US]	Neven Kurjakovic [US]	W	3	1
Christopher Wigelsworth [US]	Chazz Castaneda [US]	L	3	2
Christopher Wigelsworth [US]	Greg Downing [US]	W	6	3
Christopher Wigelsworth [US]	Dennis Peroff [CA]	L	6	4
Christopher Wigelsworth [US]	Nichola Bauwelinck [BE]	W	9	5
Christopher Wigelsworth [US]	Danny Gavin [US]	W	12	6
Christopher Wigelsworth [US]	Tye Pellecchia [US]	W	15	7
Christopher Wigelsworth [US]	DJ Alleyne [US]	W	18	8
Christopher Wigelsworth [US]	Benjamin McEachen [US]	T	19	9
Christopher Wigelsworth [US]	Ryan Miller [US]	L	19	10
Christopher Wigelsworth [US]	Jonathan Valenzuela [US]	W	22	11
Christopher Wigelsworth [US]	Landen Kaetler [CA]	L	22	12
Christopher Wigelsworth [US]	Andrew Weiss [US]	W	25	13
Christopher Wigelsworth [US]	Alexander Phillips [US]	W	28	14
Christopher Wigelsworth [US]	Mitchell Roberge [US]	W	31	15
George Gebhardt [US]	Cameron Kawasaki [US]	T	1	1
George Gebhardt [US]	Christopher Osborn [US]	L	1	2
George Gebhardt [US]	**VIP21 Charles Hernandez [US]	W	4	3
George Gebhardt [US]	Ben DeGarmo [US]	T	5	4
George Gebhardt [US]	Jonathan Connell [US]	W	8	5
George Gebhardt [US]	Mike Hines [US]	W	11	6
George Gebhardt [US]	Sam Macaluso [US]	W	14	7
George Gebhardt [US]	Seth Dollars [US]	W	17	8
George Gebhardt [US]	Alex Wilson [US]	W	20	9
George Gebhardt [US]	Alexander Phillips [US]	T	21	10
George Gebhardt [US]	Sanjay Sundararajan [US]	W	24	11
George Gebhardt [US]	Noel Totomoch [US]	L	24	12
George Gebhardt [US]	Vincent Vuong [CA]	W	27	13
George Gebhardt [US]	Kenny Hernandez [US]	W	30	14
George Gebhardt [US]	Ryan Harris [US]	T	31	15
Evan Campbell [US]	Taylor Petricca [US]	W	3	1
Evan Campbell [US]	Zack Martin [US]	L	3	2
Evan Campbell [US]	Miguel Dooley [US]	W	6	3
Evan Campbell [US]	Cody Zimmerman [US]	W	9	4
Evan Campbell [US]	Abaan Ahmed [US]	L	9	5
Evan Campbell [US]	Jacob Pellizzon [CA]	W	12	6
Evan Campbell [US]	Suchit Koparde [US]	T	13	7
Evan Campbell [US]	Fred Singer IV [US]	W	16	8
Evan Campbell [US]	Gable Funchess [US]	W	19	9
Evan Campbell [US]	Michele Schiraldi [CA]	W	22	10
Evan Campbell [US]	Edwin Lopez [US]	W	25	11
Evan Campbell [US]	Zeryx Schaefer [US]	W	28	12
Evan Campbell [US]	Joshua Curtin [US]	L	28	13
Evan Campbell [US]	Mike Newey [US]	L	28	14
Evan Campbell [US]	Chris Franco [US]	W	31	15
Abaan Ahmed [US]	Jacob Williams [US]	W	3	1
Abaan Ahmed [US]	Sujith Nalabolu [US]	L	3	2
Abaan Ahmed [US]	Alex Morris [US]	W	6	3
Abaan Ahmed [US]	Wesley Renye [US]	W	9	4
Abaan Ahmed [US]	Evan Campbell [US]	W	12	5
Abaan Ahmed [US]	Mitchell Roberge [US]	W	15	6
Abaan Ahmed [US]	Adam Reinhardt [US]	L	15	7
Abaan Ahmed [US]	Kevin Cruz [US]	W	18	8
Abaan Ahmed [US]	Christopher Venier [CA]	T	19	9
Abaan Ahmed [US]	Andrew Dombroski [US]	W	22	10
Abaan Ahmed [US]	Joshua Curtin [US]	L	22	11
Abaan Ahmed [US]	Suchit Koparde [US]	L	22	12
Abaan Ahmed [US]	Elliot Sayles [US]	W	25	13
Abaan Ahmed [US]	Mason Lovato [US]	W	28	14
Abaan Ahmed [US]	Austin Daniels [US]	W	31	15
Jeremy Gumila [US]	Mason Kulik [US]	W	3	1
Jeremy Gumila [US]	Anthony Danczak [US]	W	6	2
Jeremy Gumila [US]	Robert Bradley [US]	L	6	3
Jeremy Gumila [US]	Jeff Tingley [US]	T	7	4
Jeremy Gumila [US]	Carmen Klomparens [US]	W	10	5
Jeremy Gumila [US]	Kyle Sanchez [US]	W	13	6
Jeremy Gumila [US]	Zach Lesage [CA]	W	16	7
Jeremy Gumila [US]	Teja Gummadi [US]	L	16	8
Jeremy Gumila [US]	HECTOR IBARRA [US]	W	19	9
Jeremy Gumila [US]	Cyrus Davis [CA]	L	19	10
Jeremy Gumila [US]	Chris Fulop [US]	L	19	11
Jeremy Gumila [US]	Mateo Thompson Soto [US]	W	22	12
Jeremy Gumila [US]	Victor Carrillo [US]	W	25	13
Jeremy Gumila [US]	Gabriel Smart [US]	W	28	14
Jeremy Gumila [US]	Andrew Wu [US]	W	31	15
Colton Ames [US]	Alex Walter [US]	W	3	1
Colton Ames [US]	Daniel Kutinsky [US]	W	6	2
Colton Ames [US]	Aidan Khus [US]	W	9	3
Colton Ames [US]	Zachery Wolf [US]	W	12	4
Colton Ames [US]	Nhan Le [US]	T	13	5
Colton Ames [US]	Jonathan Zazinski [US]	W	16	6
Colton Ames [US]	Keaton Gill [US]	T	17	7
Colton Ames [US]	Isaiah Bradner [US]	T	18	8
Colton Ames [US]	Ciaran Farah [CA]	W	21	9
Colton Ames [US]	Isaiah Bradner [US]	L	21	10
Colton Ames [US]	Dylan Gunn [US]	W	24	11
Colton Ames [US]	Vance Kelley [US]	L	24	12
Colton Ames [US]	Luke Morsa [US]	W	27	13
Colton Ames [US]	Dan Hugar [US]	L	27	14
Colton Ames [US]	Sanjay Sundararajan [US]	W	30	15
Noel Totomoch [US]	Peter DeMartino [US]	W	3	1
Noel Totomoch [US]	Thom Vaknin [US]	W	6	2
Noel Totomoch [US]	Nicholas Grigson [US]	W	9	3
Noel Totomoch [US]	Julian Gort-Barry [CA]	W	12	4
Noel Totomoch [US]	Ryan Soety [US]	W	15	5
Noel Totomoch [US]	Jacob Stock [US]	W	18	6
Noel Totomoch [US]	Alex Schemanske [US]	W	21	7
Noel Totomoch [US]	Jesse Parker [US]	L	21	8
Noel Totomoch [US]	Michael Diaz [US]	W	24	9
Noel Totomoch [US]	Andrew Hedrick [US]	L	24	10
Noel Totomoch [US]	Grayson Lang [US]	L	24	11
Noel Totomoch [US]	George Gebhardt [US]	W	27	12
Noel Totomoch [US]	Ryan Harris [US]	L	27	13
Noel Totomoch [US]	Sanjay Sundararajan [US]	W	30	14
Noel Totomoch [US]	Gabe Shumway [US]	L	30	15
Jonathan Ramirez [US]	Jalen Jones [US]	W	3	1
Jonathan Ramirez [US]	Brayden Karvelas [US]	T	4	2
Jonathan Ramirez [US]	Michael Davidson [US]	L	4	3
Jonathan Ramirez [US]	Nate Orr [US]	W	7	4
Jonathan Ramirez [US]	Rob Anderson [US]	W	10	5
Jonathan Ramirez [US]	Anthony Romanello [US]	L	10	6
Jonathan Ramirez [US]	Cameron Kawasaki [US]	W	13	7
Jonathan Ramirez [US]	David Cook [US]	W	16	8
Jonathan Ramirez [US]	Michael Godla [US]	W	19	9
Jonathan Ramirez [US]	Ralts Musser [US]	W	22	10
Jonathan Ramirez [US]	Luke Smith [US]	T	23	11
Jonathan Ramirez [US]	Morgan Purdy [US]	W	26	12
Jonathan Ramirez [US]	Gabe Shumway [US]	T	27	13
Jonathan Ramirez [US]	Dylan Gunn [US]	W	30	14
Jonathan Ramirez [US]	Jon Eng [US]	L	30	15
Alex Schemanske [US]	Zachary Muller [US]	W	3	1
Alex Schemanske [US]	Dylan Gunn [US]	W	6	2
Alex Schemanske [US]	Dominic Zottoli [US]	W	9	3
Alex Schemanske [US]	Nicholas Moffitt [US]	W	12	4
Alex Schemanske [US]	Sarah Burnside [CA]	W	15	5
Alex Schemanske [US]	Luke Morsa [US]	W	18	6
Alex Schemanske [US]	Noel Totomoch [US]	L	18	7
Alex Schemanske [US]	Jacob Stock [US]	L	18	8
Alex Schemanske [US]	Daniel Rao [CA]	W	21	9
Alex Schemanske [US]	Nhan Le [US]	W	24	10
Alex Schemanske [US]	Kyle Tokarczyk [US]	W	27	11
Alex Schemanske [US]	Bryan McDaniel [US]	W	30	12
Alex Schemanske [US]	Austin Ellis [CA]	L	30	13
Alex Schemanske [US]	Andrew Estrada [CA]	L	30	14
Alex Schemanske [US]	Vincent D'Arcy [US]	L	30	15
Michael Otero [US]	Hannah El-Dada [US]	W	3	1
Michael Otero [US]	JW Kriewall [US]	L	3	2
Michael Otero [US]	Will Eagle [US]	W	6	3
Michael Otero [US]	Makayla Penney [US]	W	9	4
Michael Otero [US]	Vincent Mangubat [US]	T	10	5
Michael Otero [US]	Paul Margold [CA]	T	11	6
Michael Otero [US]	Liam Halliburton [US]	W	14	7
Michael Otero [US]	Justin Teng [US]	W	17	8
Michael Otero [US]	Jake Ewart [US]	W	20	9
Michael Otero [US]	Colton Meahl [US]	T	21	10
Michael Otero [US]	Nathan Bumbarger [US]	W	24	11
Michael Otero [US]	Austin Daniels [US]	W	27	12
Michael Otero [US]	Jeremy Gibson [US]	L	27	13
Michael Otero [US]	Jacob Noel [US]	W	30	14
Michael Otero [US]	Dan Hugar [US]	L	30	15
Ryan Soety [US]	Aquilino Diaz [US]	W	3	1
Ryan Soety [US]	Kyle D'Amato [US]	W	6	2
Ryan Soety [US]	Justin Norris [US]	W	9	3
Ryan Soety [US]	Justin Fedorenka [CA]	W	12	4
Ryan Soety [US]	Noel Totomoch [US]	L	12	5
Ryan Soety [US]	Brandon Morris [US]	W	15	6
Ryan Soety [US]	Dang Pho [US]	W	18	7
Ryan Soety [US]	Hunter Smith [US]	L	18	8
Ryan Soety [US]	Michael Zheng [US]	T	19	9
Ryan Soety [US]	Dang Pho [US]	T	20	10
Ryan Soety [US]	Teja Gummadi [US]	W	23	11
Ryan Soety [US]	Dan Hugar [US]	T	24	12
Ryan Soety [US]	Jacob Stock [US]	W	27	13
Ryan Soety [US]	Gabe Shumway [US]	L	27	14
Ryan Soety [US]	Justin Norris [US]	W	30	15
Dylan Gunn [US]	Brianna Velliquette [US]	W	3	1
Dylan Gunn [US]	Alex Schemanske [US]	L	3	2
Dylan Gunn [US]	Bryan Kennedy [US]	W	6	3
Dylan Gunn [US]	Simon Trottier-Lacasse [CA]	W	9	4
Dylan Gunn [US]	Cobi Kawasaki [US]	W	12	5
Dylan Gunn [US]	Aren Ashlock [US]	W	15	6
Dylan Gunn [US]	Julian Gort-Barry [CA]	W	18	7
Dylan Gunn [US]	Ely Greenfeld [US]	W	21	8
Dylan Gunn [US]	Andrew Estrada [CA]	L	21	9
Dylan Gunn [US]	Grayson Lang [US]	L	21	10
Dylan Gunn [US]	Colton Ames [US]	L	21	11
Dylan Gunn [US]	Dang Pho [US]	W	24	12
Dylan Gunn [US]	Michael Diaz [US]	W	27	13
Dylan Gunn [US]	Jonathan Ramirez [US]	L	27	14
Dylan Gunn [US]	Kyle Tokarczyk [US]	W	30	15
Keaton Gill [US]	Nicholas Bernardo [US]	W	3	1
Keaton Gill [US]	Raymond Vega [US]	W	6	2
Keaton Gill [US]	Gage Linton [US]	W	9	3
Keaton Gill [US]	Keegan Ives [US]	W	12	4
Keaton Gill [US]	Tyler Mathews [US]	T	13	5
Keaton Gill [US]	Meng-Yu Wang [US]	W	16	6
Keaton Gill [US]	Colton Ames [US]	T	17	7
Keaton Gill [US]	Ben Cryer [US]	W	20	8
Keaton Gill [US]	Ryan Bownes [US]	L	20	9
Keaton Gill [US]	Maxim Korobov [US]	W	23	10
Keaton Gill [US]	Austin Ellis [CA]	L	23	11
Keaton Gill [US]	Jacob Noel [US]	T	24	12
Keaton Gill [US]	Kyle Tokarczyk [US]	W	27	13
Keaton Gill [US]	Vance Kelley [US]	L	27	14
Keaton Gill [US]	Chris Pagan [US]	W	30	15
Colton Meahl [US]	Tanner Brown [US]	T	1	1
Colton Meahl [US]	Samuel Scime [CA]	W	4	2
Colton Meahl [US]	Michael Tatarowicz [US]	W	7	3
Colton Meahl [US]	Bryan Ortiz [CA]	W	10	4
Colton Meahl [US]	Michael Pianka [US]	W	13	5
Colton Meahl [US]	Noah Sawyer [US]	L	13	6
Colton Meahl [US]	Landen Kaetler [CA]	W	16	7
Colton Meahl [US]	Brennan Jackson [US]	T	17	8
Colton Meahl [US]	Bryan Cresswell [CA]	W	20	9
Colton Meahl [US]	Michael Otero [US]	T	21	10
Colton Meahl [US]	Tristan Bennett [US]	L	21	11
Colton Meahl [US]	Sanjay Sundararajan [US]	L	21	12
Colton Meahl [US]	Cyrus Davis [CA]	W	24	13
Colton Meahl [US]	Jacob Stock [US]	W	27	14
Colton Meahl [US]	Jacob Noel [US]	W	30	15
Darin O'Meara [US]	Cristian Estrada [US]	W	3	1
Darin O'Meara [US]	Buddy Perry [US]	W	6	2
Darin O'Meara [US]	Arron Sanyer [US]	L	6	3
Darin O'Meara [US]	Leandro Cortez [US]	W	9	4
Darin O'Meara [US]	Adam Beavers [US]	W	12	5
Darin O'Meara [US]	bryan okrey [US]	W	15	6
Darin O'Meara [US]	Chris Fulop [US]	W	18	7
Darin O'Meara [US]	Nathan Bumbarger [US]	L	18	8
Darin O'Meara [US]	Martin Solis [US]	W	21	9
Darin O'Meara [US]	Ben Dobberstein [US]	W	24	10
Darin O'Meara [US]	Jacob Stock [US]	W	27	11
Darin O'Meara [US]	Isaiah Bradner [US]	T	28	12
Darin O'Meara [US]	Sawyer Melban [US]	T	29	13
Darin O'Meara [US]	Nicholas Moffitt [US]	L	29	14
Darin O'Meara [US]	Haru Nishikawa [JP]	L	29	15
Soumil Dusara [US]	Ben Saylor [US]	W	3	1
Soumil Dusara [US]	Christian Wybieracki [US]	T	4	2
Soumil Dusara [US]	Zach Paullet [US]	W	7	3
Soumil Dusara [US]	**VIP26 Fred Neilan [US]	W	10	4
Soumil Dusara [US]	Jacob Howard [US]	W	13	5
Soumil Dusara [US]	Bradley Lippert [US]	L	13	6
Soumil Dusara [US]	Teja Gummadi [US]	L	13	7
Soumil Dusara [US]	Jared Alindogan [US]	W	16	8
Soumil Dusara [US]	Midori Kawaue [US]	W	19	9
Soumil Dusara [US]	Jonathan Valenzuela [US]	W	22	10
Soumil Dusara [US]	Justin Norris [US]	W	25	11
Soumil Dusara [US]	Haru Nishikawa [JP]	W	28	12
Soumil Dusara [US]	Calvin Connor [US]	T	29	13
Soumil Dusara [US]	Noah Hanerland [US]	L	29	14
Soumil Dusara [US]	Johnny Rabus [US]	L	29	15
Michele Schiraldi [CA]	James Bratton [US]	T	1	1
Michele Schiraldi [CA]	Cody Criner [US]	L	1	2
Michele Schiraldi [CA]	Morgan Abreu [US]	W	4	3
Michele Schiraldi [CA]	Thaddeus Asel [US]	W	7	4
Michele Schiraldi [CA]	Kevin Qi [US]	W	10	5
Michele Schiraldi [CA]	Jake Gearhart [US]	L	10	6
Michele Schiraldi [CA]	Ezi Tran [US]	W	13	7
Michele Schiraldi [CA]	Albert Centeno [US]	W	16	8
Michele Schiraldi [CA]	Jacob Howard [US]	W	19	9
Michele Schiraldi [CA]	Evan Campbell [US]	L	19	10
Michele Schiraldi [CA]	Charlie Kerr [US]	W	22	11
Michele Schiraldi [CA]	Kamil Colatosti [CA]	T	23	12
Michele Schiraldi [CA]	Peyton Bauermeister [US]	W	26	13
Michele Schiraldi [CA]	Kyle Caruthers [US]	W	29	14
Michele Schiraldi [CA]	Christopher Venier [CA]	L	29	15
Conner Truitt [US]	Christian Dingle [US]	W	3	1
Conner Truitt [US]	Kieran Inch [US]	T	4	2
Conner Truitt [US]	Jonathan Herrera [US]	W	7	3
Conner Truitt [US]	riyad mechel [CA]	W	10	4
Conner Truitt [US]	Andres David Torres [CO]	W	13	5
Conner Truitt [US]	James Flanagan [US]	W	16	6
Conner Truitt [US]	Aleaner Pabonnie [US]	W	19	7
Conner Truitt [US]	Collin Merli-Matthews [US]	L	19	8
Conner Truitt [US]	Lucas Xing [CA]	L	19	9
Conner Truitt [US]	Shashi Naraine [CA]	W	22	10
Conner Truitt [US]	Gregory Playter [US]	L	22	11
Conner Truitt [US]	Edwin Lopez [US]	T	23	12
Conner Truitt [US]	Brayden Karvelas [US]	W	26	13
Conner Truitt [US]	Jose Medina [US]	W	29	14
Conner Truitt [US]	Christian Chase [US]	L	29	15
Kamil Colatosti [CA]	Tristan Batman Macek [US]	W	3	1
Kamil Colatosti [CA]	Anibal Picho [US]	W	6	2
Kamil Colatosti [CA]	Randall Coberly [US]	T	7	3
Kamil Colatosti [CA]	McKinley Freeman [US]	W	10	4
Kamil Colatosti [CA]	Meng-Yu Wang [US]	L	10	5
Kamil Colatosti [CA]	Michael Ginchereau [US]	W	13	6
Kamil Colatosti [CA]	Andrew Weiss [US]	W	16	7
Kamil Colatosti [CA]	Daniel Altavilla [US]	W	19	8
Kamil Colatosti [CA]	Jeffrey Chau [CA]	W	22	9
Kamil Colatosti [CA]	Julia Butenhoff [US]	L	22	10
Kamil Colatosti [CA]	Calvin Connor [US]	L	22	11
Kamil Colatosti [CA]	Michele Schiraldi [CA]	T	23	12
Kamil Colatosti [CA]	Omar Ben-Gacem [UK]	W	26	13
Kamil Colatosti [CA]	Joe Sturino [US]	W	29	14
Kamil Colatosti [CA]	Grayson Lang [US]	L	29	15
Chris Fulop [US]	Grant Shen [US]	W	3	1
Chris Fulop [US]	Abery Ohayon [US]	W	6	2
Chris Fulop [US]	Gabriel Smart [US]	W	9	3
Chris Fulop [US]	Carlos Artze [US]	W	12	4
Chris Fulop [US]	Corey Patterson [US]	W	15	5
Chris Fulop [US]	Jesse Parker [US]	L	15	6
Chris Fulop [US]	Darin O'Meara [US]	L	15	7
Chris Fulop [US]	Gable Funchess [US]	T	16	8
Chris Fulop [US]	Matthew Wood [CA]	W	19	9
Chris Fulop [US]	Ely Greenfeld [US]	L	19	10
Chris Fulop [US]	Jeremy Gumila [US]	W	22	11
Chris Fulop [US]	Giancarlo Bortolon [CA]	W	25	12
Chris Fulop [US]	Owen Rhoads [US]	T	26	13
Chris Fulop [US]	Elliott Chereches [CA]	L	26	14
Chris Fulop [US]	Gilberto Acosta [US]	W	29	15
Prin Basser [US]	David Pack [US]	W	3	1
Prin Basser [US]	Alex Morris [US]	W	6	2
Prin Basser [US]	CJ Rodriguez [US]	L	6	3
Prin Basser [US]	Martin Schneider [US]	T	7	4
Prin Basser [US]	Tenchi Starr [US]	W	10	5
Prin Basser [US]	Sergio Rodriguez [CA]	W	13	6
Prin Basser [US]	Luke Levy [US]	W	16	7
Prin Basser [US]	Michael Canaves [US]	T	17	8
Prin Basser [US]	Raymond Long [CA]	W	20	9
Prin Basser [US]	Noah Hanerland [US]	L	20	10
Prin Basser [US]	June Norber [US]	W	23	11
Prin Basser [US]	Michael Canaves [US]	W	26	12
Prin Basser [US]	Luke Smith [US]	L	26	13
Prin Basser [US]	Edwin Lopez [US]	W	29	14
Prin Basser [US]	Regan Retzloff [US]	L	29	15
Owen Rhoads [US]	Allyssa Kephart [US]	W	3	1
Owen Rhoads [US]	CJ Rodriguez [US]	L	3	2
Owen Rhoads [US]	Matthew Hall [US]	W	6	3
Owen Rhoads [US]	Rico Schugmann [US]	L	6	4
Owen Rhoads [US]	David Pack [US]	W	9	5
Owen Rhoads [US]	Kyle Mamounis [US]	W	12	6
Owen Rhoads [US]	Dan Irish [US]	W	15	7
Owen Rhoads [US]	Midori Kawaue [US]	T	16	8
Owen Rhoads [US]	Adam Jones [US]	W	19	9
Owen Rhoads [US]	Mason Lovato [US]	L	19	10
Owen Rhoads [US]	Matthew Hammond [US]	W	22	11
Owen Rhoads [US]	Daniel Lopez [US]	W	25	12
Owen Rhoads [US]	Chris Fulop [US]	T	26	13
Owen Rhoads [US]	Gilberto Acosta [US]	W	29	14
Owen Rhoads [US]	Luke Smith [US]	L	29	15
Joe Sturino [US]	Ryan Seaburg [US]	W	3	1
Joe Sturino [US]	Brock Robertson [US]	T	4	2
Joe Sturino [US]	Joseph Cajas [US]	W	7	3
Joe Sturino [US]	Sachit Soni [US]	W	10	4
Joe Sturino [US]	Kyle Lamp [US]	W	13	5
Joe Sturino [US]	Cyrus Davis [CA]	W	16	6
Joe Sturino [US]	Andrew Hedrick [US]	L	16	7
Joe Sturino [US]	Joshua Curtin [US]	L	16	8
Joe Sturino [US]	James Flanagan [US]	W	19	9
Joe Sturino [US]	Aden Cunningham [US]	W	22	10
Joe Sturino [US]	Cody Graham [US]	L	22	11
Joe Sturino [US]	Justin Norris [US]	T	23	12
Joe Sturino [US]	Calvin Chang [US]	W	26	13
Joe Sturino [US]	Kamil Colatosti [CA]	L	26	14
Joe Sturino [US]	Jonathan Twigg [US]	W	29	15
Joshua Sambrano [US]	Maxwell Bishop [US]	L	0	1
Joshua Sambrano [US]	Suzanne Matthews [US]	W	3	2
Joshua Sambrano [US]	Anibal Picho [US]	W	6	3
Joshua Sambrano [US]	Tyler Holland [US]	W	9	4
Joshua Sambrano [US]	Logan Anna [US]	W	12	5
Joshua Sambrano [US]	Kyle Lesniewicz [US]	T	13	6
Joshua Sambrano [US]	Erich Francis [US]	T	14	7
Joshua Sambrano [US]	Sachit Soni [US]	W	17	8
Joshua Sambrano [US]	Grant Keating [US]	W	20	9
Joshua Sambrano [US]	Michael Canaves [US]	L	20	10
Joshua Sambrano [US]	Michael Davidson [US]	L	20	11
Joshua Sambrano [US]	Jake Abrams [US]	W	23	12
Joshua Sambrano [US]	Teja Gummadi [US]	W	26	13
Joshua Sambrano [US]	Krystal Florendo [CA]	W	29	14
Joshua Sambrano [US]	Isaiah Cheville [US]	L	29	15
Peyton Bauermeister [US]	Walker Halliburton [US]	L	0	1
Peyton Bauermeister [US]	Joe Rowe [US]	W	3	2
Peyton Bauermeister [US]	Nate Orr [US]	T	4	3
Peyton Bauermeister [US]	Ethan Wilson [US]	W	7	4
Peyton Bauermeister [US]	Jeff Tingley [US]	W	10	5
Peyton Bauermeister [US]	Edward Khodaei [US]	W	13	6
Peyton Bauermeister [US]	Joshua Curtin [US]	L	13	7
Peyton Bauermeister [US]	Carlos Lugo [US]	W	16	8
Peyton Bauermeister [US]	Sam Corder [US]	W	19	9
Peyton Bauermeister [US]	Kyle Caruthers [US]	T	20	10
Peyton Bauermeister [US]	Christian Cantelon [CA]	W	23	11
Peyton Bauermeister [US]	Regan Retzloff [US]	L	23	12
Peyton Bauermeister [US]	Michele Schiraldi [CA]	L	23	13
Peyton Bauermeister [US]	June Norber [US]	W	26	14
Peyton Bauermeister [US]	**VIP22 Jose Marzan [US]	W	29	15
Kyle Caruthers [US]	Grant Keating [US]	W	3	1
Kyle Caruthers [US]	Jonathan Cooper [US]	W	6	2
Kyle Caruthers [US]	Beau Fleetwood [US]	W	9	3
Kyle Caruthers [US]	Collin Merli-Matthews [US]	L	9	4
Kyle Caruthers [US]	Jared Grimes [US]	L	9	5
Kyle Caruthers [US]	Elliot Muskat [US]	T	10	6
Kyle Caruthers [US]	James Quick [US]	W	13	7
Kyle Caruthers [US]	Bryan Lyons [US]	W	16	8
Kyle Caruthers [US]	Morgan Abreu [US]	W	19	9
Kyle Caruthers [US]	Peyton Bauermeister [US]	T	20	10
Kyle Caruthers [US]	Jacob Noel [US]	L	20	11
Kyle Caruthers [US]	Mario Vivas [CA]	W	23	12
Kyle Caruthers [US]	Christian Cantelon [CA]	W	26	13
Kyle Caruthers [US]	Michele Schiraldi [CA]	L	26	14
Kyle Caruthers [US]	Krystal Florendo [CA]	W	29	15
Calvin Chang [US]	Hunter Smith [US]	L	0	1
Calvin Chang [US]	Jacob Williams [US]	W	3	2
Calvin Chang [US]	Zack Gross [US]	W	6	3
Calvin Chang [US]	Jacob Pellizzon [CA]	W	9	4
Calvin Chang [US]	Ely Greenfeld [US]	L	9	5
Calvin Chang [US]	Matthew Blatnick [US]	T	10	6
Calvin Chang [US]	Summer Plesko [US]	W	13	7
Calvin Chang [US]	**VIP16 Oziel Cuellar [US]	W	16	8
Calvin Chang [US]	Preston Alberts [US]	W	19	9
Calvin Chang [US]	Andrew Weiss [US]	W	22	10
Calvin Chang [US]	Dalen Dockery [US]	T	23	11
Calvin Chang [US]	Daniel Altavilla [US]	L	23	12
Calvin Chang [US]	Joe Sturino [US]	L	23	13
Calvin Chang [US]	Christian Cantelon [CA]	W	26	14
Calvin Chang [US]	Teja Gummadi [US]	W	29	15
Morgan Purdy [US]	Nox DiMaggio [US]	W	3	1
Morgan Purdy [US]	Alex Pearce [US]	T	4	2
Morgan Purdy [US]	Josh Lemon [US]	W	7	3
Morgan Purdy [US]	Christian Kennedy [US]	W	10	4
Morgan Purdy [US]	Landen Kaetler [CA]	W	13	5
Morgan Purdy [US]	Patrick Scharff [US]	L	13	6
Morgan Purdy [US]	Zackary Turner [US]	W	16	7
Morgan Purdy [US]	Hunter Butler [US]	L	16	8
Morgan Purdy [US]	Sava Radovic [US]	W	19	9
Morgan Purdy [US]	Krystal Florendo [CA]	T	20	10
Morgan Purdy [US]	Miguel Arocho [US]	W	23	11
Morgan Purdy [US]	Jonathan Ramirez [US]	L	23	12
Morgan Purdy [US]	Dregan Shook [US]	W	26	13
Morgan Purdy [US]	**VIP22 Jose Marzan [US]	W	29	14
Morgan Purdy [US]	Elliott Chereches [CA]	L	29	15
Aden Cunningham [US]	Azul Garcia Griego [US]	W	3	1
Aden Cunningham [US]	Troy Campbell [US]	L	3	2
Aden Cunningham [US]	Yajie Zhang [CA]	W	6	3
Aden Cunningham [US]	Philip Matthews [US]	T	7	4
Aden Cunningham [US]	Daniel Sopko [US]	W	10	5
Aden Cunningham [US]	Daniel Pacchioli [US]	W	13	6
Aden Cunningham [US]	Joseph Brecht [US]	W	16	7
Aden Cunningham [US]	Rowan Stavenow [CA]	L	16	8
Aden Cunningham [US]	Guy Bennett [US]	W	19	9
Aden Cunningham [US]	Joe Sturino [US]	L	19	10
Aden Cunningham [US]	Arron Sanyer [US]	L	19	11
Aden Cunningham [US]	Sammy Allen [US]	W	22	12
Aden Cunningham [US]	Edwin Arrollo [US]	W	25	13
Aden Cunningham [US]	Ely Greenfeld [US]	T	26	14
Aden Cunningham [US]	Edwin Lopez [US]	W	29	15
Andrew Wu [US]	Juan Chao [US]	W	3	1
Andrew Wu [US]	Maxim Korobov [US]	W	6	2
Andrew Wu [US]	Meng-Yu Wang [US]	T	7	3
Andrew Wu [US]	Michael Ginchereau [US]	W	10	4
Andrew Wu [US]	Russell Monteiro [US]	W	13	5
Andrew Wu [US]	Robert Deleon [US]	W	16	6
Andrew Wu [US]	Edwin Lopez [US]	W	19	7
Andrew Wu [US]	Joseph Horth [US]	W	22	8
Andrew Wu [US]	Sawyer Melban [US]	W	25	9
Andrew Wu [US]	Jesse Parker [US]	W	28	10
Andrew Wu [US]	Andrew Hedrick [US]	L	28	11
Andrew Wu [US]	Austin Ellis [CA]	L	28	12
Andrew Wu [US]	Michael Chen [US]	L	28	13
Andrew Wu [US]	Brendan Cevasco [US]	L	28	14
Andrew Wu [US]	Jeremy Gumila [US]	L	28	15
Zeryx Schaefer [US]	Matthew Bowie [US]	W	3	1
Zeryx Schaefer [US]	Jeremy Gomez [US]	W	6	2
Zeryx Schaefer [US]	Ethan Szendrey [CA]	W	9	3
Zeryx Schaefer [US]	Jessica Love [US]	W	12	4
Zeryx Schaefer [US]	CJ Rodriguez [US]	W	15	5
Zeryx Schaefer [US]	Sujith Nalabolu [US]	W	18	6
Zeryx Schaefer [US]	Jesse Parker [US]	L	18	7
Zeryx Schaefer [US]	Elliot Sayles [US]	T	19	8
Zeryx Schaefer [US]	Jalen Jones [US]	W	22	9
Zeryx Schaefer [US]	Sawyer Melban [US]	W	25	10
Zeryx Schaefer [US]	Lucas Xing [CA]	L	25	11
Zeryx Schaefer [US]	Evan Campbell [US]	L	25	12
Zeryx Schaefer [US]	Landen Kaetler [CA]	L	25	13
Zeryx Schaefer [US]	Brandon Dean [US]	L	25	14
Zeryx Schaefer [US]	Alexander Phillips [US]	W	28	15
Brad Brown [US]	Phillip Lineberry [US]	W	3	1
Brad Brown [US]	Ryan Bowman [US]	W	6	2
Brad Brown [US]	Kenny Ngo [US]	W	9	3
Brad Brown [US]	Rowan Stavenow [CA]	L	9	4
Brad Brown [US]	Will Schoeffler [US]	L	9	5
Brad Brown [US]	Brandon Allen [US]	W	12	6
Brad Brown [US]	Evan Aronhalt [US]	W	15	7
Brad Brown [US]	Hezekiah Rich [US]	W	18	8
Brad Brown [US]	Myles Holtsclaw [US]	W	21	9
Brad Brown [US]	Jacky Su [CA]	T	22	10
Brad Brown [US]	Landen Kaetler [CA]	W	25	11
Brad Brown [US]	Noah Sawyer [US]	L	25	12
Brad Brown [US]	Caleb Gedemer [US]	L	25	13
Brad Brown [US]	Arron Sanyer [US]	L	25	14
Brad Brown [US]	Joshua Acevedo [US]	W	28	15
Julia Butenhoff [US]	Josh Lynn [US]	W	3	1
Julia Butenhoff [US]	Gabriel Smart [US]	L	3	2
Julia Butenhoff [US]	Chris Osburn [US]	W	6	3
Julia Butenhoff [US]	Michael Zheng [US]	W	9	4
Julia Butenhoff [US]	Stephen Sinnes [US]	T	10	5
Julia Butenhoff [US]	Donny McCoy [US]	W	13	6
Julia Butenhoff [US]	Aaron Hunt [US]	W	16	7
Julia Butenhoff [US]	Sarah Burnside [CA]	W	19	8
Julia Butenhoff [US]	Krystal Florendo [CA]	W	22	9
Julia Butenhoff [US]	Kamil Colatosti [CA]	W	25	10
Julia Butenhoff [US]	Michael Chen [US]	L	25	11
Julia Butenhoff [US]	Gabe Shumway [US]	T	26	12
Julia Butenhoff [US]	Hunter Butler [US]	L	26	13
Julia Butenhoff [US]	Chris Pagan [US]	T	27	14
Julia Butenhoff [US]	Suchit Koparde [US]	T	28	15
Riley Hulbert [US]	Brandon Morris [US]	W	3	1
Riley Hulbert [US]	Spencer Snyder [US]	W	6	2
Riley Hulbert [US]	Keegan Ives [US]	L	6	3
Riley Hulbert [US]	Chad Hewitt [US]	W	9	4
Riley Hulbert [US]	Zachary Cooper [US]	W	12	5
Riley Hulbert [US]	Tory Dunworth [US]	W	15	6
Riley Hulbert [US]	Cody Graham [US]	W	18	7
Riley Hulbert [US]	Michael Diaz [US]	L	18	8
Riley Hulbert [US]	Christian Chase [US]	T	19	9
Riley Hulbert [US]	Eddie North [US]	W	22	10
Riley Hulbert [US]	Sawyer Melban [US]	L	22	11
Riley Hulbert [US]	Ryan Miller [US]	W	25	12
Riley Hulbert [US]	Zach Lesage [CA]	L	25	13
Riley Hulbert [US]	Ryan Sabelhaus [US]	L	25	14
Riley Hulbert [US]	Liam Conant [US]	W	28	15
Ian Robb [US]	Emmet Hurley [US]	L	0	1
Ian Robb [US]	Jeanfelix Chavez [US]	W	3	2
Ian Robb [US]	Drake Loose [US]	L	3	3
Ian Robb [US]	Joshua Scott [US]	W	6	4
Ian Robb [US]	Rodney Whiteside [US]	W	9	5
Ian Robb [US]	Nolan O'Brien [CA]	W	12	6
Ian Robb [US]	Cameron Shenoy [US]	W	15	7
Ian Robb [US]	Julian Gort-Barry [CA]	W	18	8
Ian Robb [US]	Ralts Musser [US]	T	19	9
Ian Robb [US]	Gabriel Smart [US]	W	22	10
Ian Robb [US]	Brandon Dean [US]	W	25	11
Ian Robb [US]	Elliott Chereches [CA]	W	28	12
Ian Robb [US]	Tyler Mathews [US]	L	28	13
Ian Robb [US]	Grant Manley [US]	L	28	14
Ian Robb [US]	Jacky Su [CA]	L	28	15
JW Kriewall [US]	Jordan Rinard [US]	W	3	1
JW Kriewall [US]	Michael Otero [US]	W	6	2
JW Kriewall [US]	Mike Wargo [US]	W	9	3
JW Kriewall [US]	Jack Fedrow [US]	L	9	4
JW Kriewall [US]	Gilberto Acosta [US]	T	10	5
JW Kriewall [US]	Duncan Crowley [US]	W	13	6
JW Kriewall [US]	Tyler Mathews [US]	L	13	7
JW Kriewall [US]	Joseph Perez [US]	W	16	8
JW Kriewall [US]	Daniel Sopko [US]	W	19	9
JW Kriewall [US]	Jose Medina [US]	L	19	10
JW Kriewall [US]	Eddie North [US]	W	22	11
JW Kriewall [US]	Alexander Phillips [US]	W	25	12
JW Kriewall [US]	Corey Patterson [US]	W	28	13
JW Kriewall [US]	Benjamin Howard [US]	L	28	14
JW Kriewall [US]	Daniel Lopez [US]	L	28	15
Austin Daniels [US]	Jake Adkins [US]	W	3	1
Austin Daniels [US]	Logan Forsythe [US]	W	6	2
Austin Daniels [US]	Tecara Newton [CA]	T	7	3
Austin Daniels [US]	Kyle Leibenguth [US]	W	10	4
Austin Daniels [US]	Daniel Altavilla [US]	W	13	5
Austin Daniels [US]	Johnny Rabus [US]	L	13	6
Austin Daniels [US]	Anthony Romanello [US]	W	16	7
Austin Daniels [US]	Dregan Shook [US]	L	16	8
Austin Daniels [US]	Robert Burley [US]	W	19	9
Austin Daniels [US]	Benjamin Nackman [US]	W	22	10
Austin Daniels [US]	Owen Johnson [CA]	W	25	11
Austin Daniels [US]	Michael Otero [US]	L	25	12
Austin Daniels [US]	Jon Eng [US]	L	25	13
Austin Daniels [US]	McKinley Freeman [US]	W	28	14
Austin Daniels [US]	Abaan Ahmed [US]	L	28	15
Arron Sanyer [US]	Kyle Haywood [US]	W	3	1
Arron Sanyer [US]	Ramon Mera [US]	W	6	2
Arron Sanyer [US]	Darin O'Meara [US]	W	9	3
Arron Sanyer [US]	Donny McCoy [US]	T	10	4
Arron Sanyer [US]	Elliott Chereches [CA]	L	10	5
Arron Sanyer [US]	Teja Gummadi [US]	L	10	6
Arron Sanyer [US]	Jack Rooney [US]	W	13	7
Arron Sanyer [US]	Mateo Arboleda [EC]	W	16	8
Arron Sanyer [US]	Wyatt Palguta [US]	W	19	9
Arron Sanyer [US]	Gregory Playter [US]	L	19	10
Arron Sanyer [US]	Aden Cunningham [US]	W	22	11
Arron Sanyer [US]	Matthew Connors [US]	W	25	12
Arron Sanyer [US]	Cody Graham [US]	L	25	13
Arron Sanyer [US]	Brad Brown [US]	W	28	14
Arron Sanyer [US]	Ryan Sabelhaus [US]	L	28	15
Michael Diaz [US]	David Jackson [US]	W	3	1
Michael Diaz [US]	Josh Vassey [US]	W	6	2
Michael Diaz [US]	Bill Papacostas [US]	W	9	3
Michael Diaz [US]	Sean Munn [US]	W	12	4
Michael Diaz [US]	Tyler Perry [US]	L	12	5
Michael Diaz [US]	Tristan Bennett [US]	W	15	6
Michael Diaz [US]	Jack Fedrow [US]	W	18	7
Michael Diaz [US]	Riley Hulbert [US]	W	21	8
Michael Diaz [US]	Noel Totomoch [US]	L	21	9
Michael Diaz [US]	Ryan Harris [US]	W	24	10
Michael Diaz [US]	Isaiah Bradner [US]	L	24	11
Michael Diaz [US]	Kenny Hernandez [US]	L	24	12
Michael Diaz [US]	Dylan Gunn [US]	L	24	13
Michael Diaz [US]	Vincent Vuong [CA]	T	25	14
Michael Diaz [US]	McKinley Freeman [US]	W	28	15
Cody Graham [US]	Julian Riveros [CO]	W	3	1
Cody Graham [US]	Luis Negron [US]	W	6	2
Cody Graham [US]	Justin Brothers [US]	L	6	3
Cody Graham [US]	Gregory Sweeney [US]	W	9	4
Cody Graham [US]	Sean Munn [US]	W	12	5
Cody Graham [US]	Christopher Venier [CA]	W	15	6
Cody Graham [US]	Riley Hulbert [US]	L	15	7
Cody Graham [US]	Jack Fedrow [US]	W	18	8
Cody Graham [US]	Tristan Bennett [US]	T	19	9
Cody Graham [US]	Edwin Arrollo [US]	W	22	10
Cody Graham [US]	Joe Sturino [US]	W	25	11
Cody Graham [US]	Ivan Chan [US]	L	25	12
Cody Graham [US]	Arron Sanyer [US]	W	28	13
Cody Graham [US]	Hunter Smith [US]	L	28	14
Cody Graham [US]	Gregory Playter [US]	L	28	15
Mitchell Roberge [US]	Reis Tipton [US]	W	3	1
Mitchell Roberge [US]	Eric Greene [US]	W	6	2
Mitchell Roberge [US]	Savannah Wells [US]	W	9	3
Mitchell Roberge [US]	Anthony Romanello [US]	W	12	4
Mitchell Roberge [US]	Krystal Florendo [CA]	L	12	5
Mitchell Roberge [US]	Abaan Ahmed [US]	L	12	6
Mitchell Roberge [US]	Ryan Ferry [US]	W	15	7
Mitchell Roberge [US]	Rachel Komorowski [US]	T	16	8
Mitchell Roberge [US]	Tristan Rojas [US]	W	19	9
Mitchell Roberge [US]	Daniel Lopez [US]	L	19	10
Mitchell Roberge [US]	Joseph Horth [US]	W	22	11
Mitchell Roberge [US]	Ely Greenfeld [US]	W	25	12
Mitchell Roberge [US]	Mason Lovato [US]	W	28	13
Mitchell Roberge [US]	Dre Alderette [US]	L	28	14
Mitchell Roberge [US]	Christopher Wigelsworth [US]	L	28	15
Chris Franco [US]	Daniel Helm [US]	T	1	1
Chris Franco [US]	Greg Wills [US]	W	4	2
Chris Franco [US]	Jonathan Zazinski [US]	L	4	3
Chris Franco [US]	Steve Menkel [US]	W	7	4
Chris Franco [US]	John Ducette [CA]	W	10	5
Chris Franco [US]	Lorenzo Menendez [CA]	W	13	6
Chris Franco [US]	Lucas Thiele [US]	W	16	7
Chris Franco [US]	Michael Broderick [US]	W	19	8
Chris Franco [US]	Scott Cottrell [US]	L	19	9
Chris Franco [US]	Andres Estrada [US]	W	22	10
Chris Franco [US]	Cyrus Davis [CA]	W	25	11
Chris Franco [US]	Johnny Rabus [US]	L	25	12
Chris Franco [US]	Dan Hugar [US]	L	25	13
Chris Franco [US]	Caleb Rogerson [US]	W	28	14
Chris Franco [US]	Evan Campbell [US]	L	28	15
Ben Dobberstein [US]	Ely Greenfeld [US]	L	0	1
Ben Dobberstein [US]	Zach Stone [US]	W	3	2
Ben Dobberstein [US]	Gabriel Lopez [US]	W	6	3
Ben Dobberstein [US]	fausto guerrero [US]	W	9	4
Ben Dobberstein [US]	Thom Vaknin [US]	W	12	5
Ben Dobberstein [US]	David Martinez [US]	W	15	6
Ben Dobberstein [US]	Trenton Staley [US]	W	18	7
Ben Dobberstein [US]	Braiden Elfert [US]	W	21	8
Ben Dobberstein [US]	Adam Reinhardt [US]	L	21	9
Ben Dobberstein [US]	Darin O'Meara [US]	L	21	10
Ben Dobberstein [US]	Caleb Rogerson [US]	T	22	11
Ben Dobberstein [US]	Elliot Sayles [US]	W	25	12
Ben Dobberstein [US]	Benjamin Howard [US]	L	25	13
Ben Dobberstein [US]	Justin Tse [CA]	W	28	14
Ben Dobberstein [US]	Benjamin McEachen [US]	L	28	15
Luke Morsa [US]	Nelson Normandia [US]	W	3	1
Luke Morsa [US]	Ryan Miller [US]	W	6	2
Luke Morsa [US]	Zack Martin [US]	W	9	3
Luke Morsa [US]	Gilberto Acosta [US]	W	12	4
Luke Morsa [US]	Dang Pho [US]	W	15	5
Luke Morsa [US]	Alex Schemanske [US]	L	15	6
Luke Morsa [US]	Zachery Wolf [US]	W	18	7
Luke Morsa [US]	Harrison Zipp [US]	W	21	8
Luke Morsa [US]	Bryan McDaniel [US]	L	21	9
Luke Morsa [US]	Austin Ellis [CA]	L	21	10
Luke Morsa [US]	Regan Retzloff [US]	L	21	11
Luke Morsa [US]	Aleaner Pabonnie [US]	W	24	12
Luke Morsa [US]	Colton Ames [US]	L	24	13
Luke Morsa [US]	Mario Vivas [CA]	T	25	14
Luke Morsa [US]	Caleb Rogerson [US]	W	28	15
Corey Patterson [US]	Sergio Rodriguez [CA]	W	3	1
Corey Patterson [US]	Jean Rivera [US]	W	6	2
Corey Patterson [US]	Jacqueline Wallis [US]	W	9	3
Corey Patterson [US]	Alexander Hamilton [US]	W	12	4
Corey Patterson [US]	Chris Fulop [US]	L	12	5
Corey Patterson [US]	Dang Pho [US]	L	12	6
Corey Patterson [US]	Aaron Tarbell [US]	W	15	7
Corey Patterson [US]	Cyrus McCane [US]	W	18	8
Corey Patterson [US]	Gabe Shumway [US]	T	19	9
Corey Patterson [US]	Dan Hugar [US]	L	19	10
Corey Patterson [US]	Sammy Allen [US]	W	22	11
Corey Patterson [US]	Davin Erickson [US]	W	25	12
Corey Patterson [US]	JW Kriewall [US]	L	25	13
Corey Patterson [US]	Jake Riggs [US]	W	28	14
Corey Patterson [US]	Benjamin Nackman [US]	L	28	15
Brandon Dean [US]	Ryan Vujanovich [US]	W	3	1
Brandon Dean [US]	Sebastian Francomartin [US]	W	6	2
Brandon Dean [US]	Zachary Trybus [US]	W	9	3
Brandon Dean [US]	Tory Dunworth [US]	W	12	4
Brandon Dean [US]	Collin Merli-Matthews [US]	L	12	5
Brandon Dean [US]	Chi Chi Huang [US]	T	13	6
Brandon Dean [US]	Jeffrey Chau [CA]	L	13	7
Brandon Dean [US]	John Sundstrom [US]	W	16	8
Brandon Dean [US]	Timothy Bennett [US]	W	19	9
Brandon Dean [US]	Ryan Antonucci [US]	W	22	10
Brandon Dean [US]	Ian Robb [US]	L	22	11
Brandon Dean [US]	Benjamin Nackman [US]	L	22	12
Brandon Dean [US]	Scott Cottrell [US]	W	25	13
Brandon Dean [US]	Zeryx Schaefer [US]	W	28	14
Brandon Dean [US]	Harris Noor [US]	L	28	15
Suchit Koparde [US]	Mario Martinez [US]	W	3	1
Suchit Koparde [US]	Danielle Mckernan [US]	W	6	2
Suchit Koparde [US]	Kenny Hernandez [US]	T	7	3
Suchit Koparde [US]	Tecara Newton [CA]	T	8	4
Suchit Koparde [US]	Cameron Kawasaki [US]	T	9	5
Suchit Koparde [US]	Yarden Segal [CA]	W	12	6
Suchit Koparde [US]	Evan Campbell [US]	T	13	7
Suchit Koparde [US]	Anthony Giler [US]	W	16	8
Suchit Koparde [US]	Michael Guzman [US]	W	19	9
Suchit Koparde [US]	Iyla Sutherland [US]	W	22	10
Suchit Koparde [US]	Justin Tse [CA]	L	22	11
Suchit Koparde [US]	Abaan Ahmed [US]	W	25	12
Suchit Koparde [US]	Elliott Chereches [CA]	T	26	13
Suchit Koparde [US]	Justin Norris [US]	T	27	14
Suchit Koparde [US]	Julia Butenhoff [US]	T	28	15
Shashi Naraine [CA]	Michael Morton [US]	W	3	1
Shashi Naraine [CA]	Gina Padron [US]	L	3	2
Shashi Naraine [CA]	James McDaid [US]	W	6	3
Shashi Naraine [CA]	Taylor Mitchell [US]	W	9	4
Shashi Naraine [CA]	Jake Riggs [US]	L	9	5
Shashi Naraine [CA]	Axel Alvarez [US]	W	12	6
Shashi Naraine [CA]	Steve Zhang [US]	W	15	7
Shashi Naraine [CA]	Eddie North [US]	T	16	8
Shashi Naraine [CA]	Jim O’Heron [US]	W	19	9
Shashi Naraine [CA]	Conner Truitt [US]	L	19	10
Shashi Naraine [CA]	Brennon Conner [US]	W	22	11
Shashi Naraine [CA]	Benjamin McEachen [US]	L	22	12
Shashi Naraine [CA]	Matthew Connors [US]	W	25	13
Shashi Naraine [CA]	Harris Noor [US]	L	25	14
Shashi Naraine [CA]	Andrew Weiss [US]	W	28	15
Edwin Arrollo [US]	Dan Mellon [US]	W	3	1
Edwin Arrollo [US]	**VIP25 Iosefka Moore [US]	W	6	2
Edwin Arrollo [US]	Lucas Thiele [US]	W	9	3
Edwin Arrollo [US]	Joseph Kreiser [US]	W	12	4
Edwin Arrollo [US]	Jeremy Gibson [US]	L	12	5
Edwin Arrollo [US]	Trenton Staley [US]	L	12	6
Edwin Arrollo [US]	Benjamin Howard [US]	T	13	7
Edwin Arrollo [US]	Joshua Fine [US]	W	16	8
Edwin Arrollo [US]	Kyle Lesniewicz [US]	W	19	9
Edwin Arrollo [US]	Cody Graham [US]	L	19	10
Edwin Arrollo [US]	Benjamin McEachen [US]	L	19	11
Edwin Arrollo [US]	Dakota Davey [US]	W	22	12
Edwin Arrollo [US]	Aden Cunningham [US]	L	22	13
Edwin Arrollo [US]	Owen Johnson [CA]	W	25	14
Edwin Arrollo [US]	Tristan Bennett [US]	W	28	15
Andrew Ryals [US]	Sanjay Sundararajan [US]	L	0	1
Andrew Ryals [US]	Christine Lynn [US]	W	3	2
Andrew Ryals [US]	Chris Muzyn [US]	L	3	3
Andrew Ryals [US]	Levi Burke [US]	W	6	4
Andrew Ryals [US]	Matt Stachewicz [US]	W	9	5
Andrew Ryals [US]	Wilfred Worland [US]	W	12	6
Andrew Ryals [US]	Mason Lovato [US]	T	13	7
Andrew Ryals [US]	Dalten Cross [US]	W	16	8
Andrew Ryals [US]	Ryan Mooney [US]	W	19	9
Andrew Ryals [US]	Nicholas Moffitt [US]	L	19	10
Andrew Ryals [US]	Ralts Musser [US]	T	20	11
Andrew Ryals [US]	Patrick Scharff [US]	T	21	12
Andrew Ryals [US]	**VIP31 Joseph Sumner [US]	W	24	13
Andrew Ryals [US]	Brayden Karvelas [US]	T	25	14
Andrew Ryals [US]	Jake Riggs [US]	W	28	15
Ryan Miller [US]	Tyler Tasch [US]	W	3	1
Ryan Miller [US]	Luke Morsa [US]	L	3	2
Ryan Miller [US]	Cameron Toner [US]	W	6	3
Ryan Miller [US]	Kenny Ngo [US]	W	9	4
Ryan Miller [US]	Matthew Hammond [US]	T	10	5
Ryan Miller [US]	Kenny Hernandez [US]	L	10	6
Ryan Miller [US]	Josh Vassey [US]	W	13	7
Ryan Miller [US]	Joseph Cornell [US]	W	16	8
Ryan Miller [US]	Thomas Veazie [US]	W	19	9
Ryan Miller [US]	Christopher Wigelsworth [US]	W	22	10
Ryan Miller [US]	Mason Lovato [US]	L	22	11
Ryan Miller [US]	Riley Hulbert [US]	L	22	12
Ryan Miller [US]	Daniel Lopez [US]	L	22	13
Ryan Miller [US]	Mateo Thompson Soto [US]	W	25	14
Ryan Miller [US]	Davin Erickson [US]	W	28	15
Brayden Karvelas [US]	Adinson Hiraldo [DO]	W	3	1
Brayden Karvelas [US]	Jonathan Ramirez [US]	T	4	2
Brayden Karvelas [US]	Nathan Spencer [US]	W	7	3
Brayden Karvelas [US]	**VIP28 Joshua Murray [US]	T	8	4
Brayden Karvelas [US]	Nick Guzman [US]	L	8	5
Brayden Karvelas [US]	Brodee McCoy [US]	W	11	6
Brayden Karvelas [US]	Ezequiel Moreno [US]	W	14	7
Brayden Karvelas [US]	riyad mechel [CA]	W	17	8
Brayden Karvelas [US]	Jeremiah Schmutz [US]	W	20	9
Brayden Karvelas [US]	Ryan Tongue [US]	W	23	10
Brayden Karvelas [US]	Erich Francis [US]	T	24	11
Brayden Karvelas [US]	Hunter Smith [US]	L	24	12
Brayden Karvelas [US]	Conner Truitt [US]	L	24	13
Brayden Karvelas [US]	Andrew Ryals [US]	T	25	14
Brayden Karvelas [US]	Mason Lovato [US]	W	28	15
Erich Francis [US]	Nam Truong [US]	W	3	1
Erich Francis [US]	Cody Bruder [US]	W	6	2
Erich Francis [US]	Michael Pianka [US]	T	7	3
Erich Francis [US]	Erik Nance [US]	L	7	4
Erich Francis [US]	Josh Stapler [US]	W	10	5
Erich Francis [US]	Andy Hyun [US]	W	13	6
Erich Francis [US]	Joshua Sambrano [US]	T	14	7
Erich Francis [US]	Paul Margold [CA]	W	17	8
Erich Francis [US]	Aaron Santos [US]	W	20	9
Erich Francis [US]	Christian Cantelon [CA]	W	23	10
Erich Francis [US]	Brayden Karvelas [US]	T	24	11
Erich Francis [US]	Ryan Harris [US]	L	24	12
Erich Francis [US]	Jacob Noel [US]	L	24	13
Erich Francis [US]	Nathan Bumbarger [US]	T	25	14
Erich Francis [US]	Gabriel Smart [US]	W	28	15
Vincent Vuong [CA]	Anthony Canizalez [US]	T	1	1
Vincent Vuong [CA]	Jonathan Acosta [US]	W	4	2
Vincent Vuong [CA]	Sam Chen [US]	L	4	3
Vincent Vuong [CA]	Ryan Sabelhaus [US]	L	4	4
Vincent Vuong [CA]	Matthew Monteiro [US]	W	7	5
Vincent Vuong [CA]	Jeremie G. [US]	W	10	6
Vincent Vuong [CA]	Justin Bean [US]	W	13	7
Vincent Vuong [CA]	Riley Harris [US]	W	16	8
Vincent Vuong [CA]	Damon Price [US]	W	19	9
Vincent Vuong [CA]	Jonathan Twigg [US]	T	20	10
Vincent Vuong [CA]	Dang Pho [US]	T	21	11
Vincent Vuong [CA]	Nathan Bumbarger [US]	W	24	12
Vincent Vuong [CA]	George Gebhardt [US]	L	24	13
Vincent Vuong [CA]	Michael Diaz [US]	T	25	14
Vincent Vuong [CA]	Justin Tse [CA]	W	28	15
Eddie North [US]	Carli Wilson [US]	W	3	1
Eddie North [US]	Ryan Graywacz [US]	L	3	2
Eddie North [US]	Pedro Estrada [US]	W	6	3
Eddie North [US]	Kyle Tokarczyk [US]	L	6	4
Eddie North [US]	Tiger Hickman [US]	W	9	5
Eddie North [US]	Kayla Plotkin [US]	W	12	6
Eddie North [US]	Anthony Bulone [US]	W	15	7
Eddie North [US]	Shashi Naraine [CA]	T	16	8
Eddie North [US]	Steven Lavoie [US]	W	19	9
Eddie North [US]	Riley Hulbert [US]	L	19	10
Eddie North [US]	JW Kriewall [US]	L	19	11
Eddie North [US]	Ryan Antonucci [US]	L	19	12
Eddie North [US]	Joseph Horth [US]	W	22	13
Eddie North [US]	**VIP31 Joseph Sumner [US]	W	25	14
Eddie North [US]	Ely Greenfeld [US]	W	28	15
Dakota Davey [US]	Vincenzo Porco [CA]	W	3	1
Dakota Davey [US]	Joshua Bickel [US]	L	3	2
Dakota Davey [US]	Mason Kulik [US]	T	4	3
Dakota Davey [US]	Anthony Canizalez [US]	W	7	4
Dakota Davey [US]	Kyle Leibenguth [US]	W	10	5
Dakota Davey [US]	Jerry Han [US]	L	10	6
Dakota Davey [US]	Nathan Potter [US]	W	13	7
Dakota Davey [US]	Mustafa Tobah [US]	W	16	8
Dakota Davey [US]	Eric Rodriguez [US]	W	19	9
Dakota Davey [US]	Christian Chase [US]	L	19	10
Dakota Davey [US]	Gabriel Smart [US]	L	19	11
Dakota Davey [US]	Edwin Arrollo [US]	L	19	12
Dakota Davey [US]	Sammy Allen [US]	W	22	13
Dakota Davey [US]	Elliot Sayles [US]	W	25	14
Dakota Davey [US]	Nathan Bumbarger [US]	W	28	15
Jacob Noel [US]	Alan Rosewicz [US]	T	1	1
Jacob Noel [US]	Emerson Kurjakovic [US]	W	4	2
Jacob Noel [US]	Breon Wilson [US]	W	7	3
Jacob Noel [US]	Kyle Lamp [US]	L	7	4
Jacob Noel [US]	Chace Giusti [US]	L	7	5
Jacob Noel [US]	oscar sowell [US]	W	10	6
Jacob Noel [US]	Nathan Newton [US]	W	13	7
Jacob Noel [US]	**VIP26 Fred Neilan [US]	W	16	8
Jacob Noel [US]	Bryan Funk [US]	W	19	9
Jacob Noel [US]	Regan Retzloff [US]	T	20	10
Jacob Noel [US]	Kyle Caruthers [US]	W	23	11
Jacob Noel [US]	Keaton Gill [US]	T	24	12
Jacob Noel [US]	Erich Francis [US]	W	27	13
Jacob Noel [US]	Michael Otero [US]	L	27	14
Jacob Noel [US]	Colton Meahl [US]	L	27	15
Chris Pagan [US]	Justin Kulas [US]	T	1	1
Chris Pagan [US]	Aaron Latham [US]	W	4	2
Chris Pagan [US]	Cody Leigh [US]	T	5	3
Chris Pagan [US]	Christian Wybieracki [US]	W	8	4
Chris Pagan [US]	Paul McCann [US]	W	11	5
Chris Pagan [US]	Daniel Fappiano [US]	W	14	6
Chris Pagan [US]	Alexander Byrd [US]	W	17	7
Chris Pagan [US]	Bradley Lippert [US]	W	20	8
Chris Pagan [US]	Rahul Reddy [US]	W	23	9
Chris Pagan [US]	Adam Reinhardt [US]	L	23	10
Chris Pagan [US]	Hunter Butler [US]	L	23	11
Chris Pagan [US]	Krystal Florendo [CA]	L	23	12
Chris Pagan [US]	Tyler Perry [US]	W	26	13
Chris Pagan [US]	Julia Butenhoff [US]	T	27	14
Chris Pagan [US]	Keaton Gill [US]	L	27	15
Jacob Stock [US]	Cierra Sparks [US]	W	3	1
Jacob Stock [US]	Chris Schmidt [US]	W	6	2
Jacob Stock [US]	Nicholas Linenbroker [US]	W	9	3
Jacob Stock [US]	bryan okrey [US]	W	12	4
Jacob Stock [US]	Christian LaBella [CA]	W	15	5
Jacob Stock [US]	Noel Totomoch [US]	L	15	6
Jacob Stock [US]	Daniel Zhou [CA]	W	18	7
Jacob Stock [US]	Alex Schemanske [US]	W	21	8
Jacob Stock [US]	Vance Kelley [US]	W	24	9
Jacob Stock [US]	Jeremy Gibson [US]	L	24	10
Jacob Stock [US]	Darin O'Meara [US]	L	24	11
Jacob Stock [US]	Vincent D'Arcy [US]	L	24	12
Jacob Stock [US]	Ryan Soety [US]	L	24	13
Jacob Stock [US]	Colton Meahl [US]	L	24	14
Jacob Stock [US]	Jonathan Valenzuela [US]	W	27	15
Michael Canaves [US]	Ezi Tran [US]	L	0	1
Michael Canaves [US]	Yanci Colon [US]	W	3	2
Michael Canaves [US]	Nichola Bauwelinck [BE]	W	6	3
Michael Canaves [US]	Drake Loose [US]	W	9	4
Michael Canaves [US]	Joe Turrentine [US]	W	12	5
Michael Canaves [US]	Christian Chase [US]	W	15	6
Michael Canaves [US]	Sarah Burnside [CA]	T	16	7
Michael Canaves [US]	Prin Basser [US]	T	17	8
Michael Canaves [US]	Aushton Kelusky [CA]	W	20	9
Michael Canaves [US]	Joshua Sambrano [US]	W	23	10
Michael Canaves [US]	Johnny Rabus [US]	L	23	11
Michael Canaves [US]	Prin Basser [US]	L	23	12
Michael Canaves [US]	Jonathan Twigg [US]	W	26	13
Michael Canaves [US]	Regan Retzloff [US]	L	26	14
Michael Canaves [US]	Nicholas Moses [US]	T	27	15
Kenny Hernandez [US]	Walker Moss [US]	W	3	1
Kenny Hernandez [US]	Miguel Arocho [US]	W	6	2
Kenny Hernandez [US]	Suchit Koparde [US]	T	7	3
Kenny Hernandez [US]	Austin Roop [US]	W	10	4
Kenny Hernandez [US]	Will Jenkins [US]	L	10	5
Kenny Hernandez [US]	Ryan Miller [US]	W	13	6
Kenny Hernandez [US]	Jerry Han [US]	W	16	7
Kenny Hernandez [US]	George Burdine [US]	W	19	8
Kenny Hernandez [US]	Dregan Shook [US]	T	20	9
Kenny Hernandez [US]	Teja Gummadi [US]	W	23	10
Kenny Hernandez [US]	Vincent D'Arcy [US]	T	24	11
Kenny Hernandez [US]	Michael Diaz [US]	W	27	12
Kenny Hernandez [US]	Bryan McDaniel [US]	L	27	13
Kenny Hernandez [US]	George Gebhardt [US]	L	27	14
Kenny Hernandez [US]	Ryan Bownes [US]	L	27	15
Justin Norris [US]	Nathan Zondlo [US]	W	3	1
Justin Norris [US]	John Sundstrom [US]	W	6	2
Justin Norris [US]	Ryan Soety [US]	L	6	3
Justin Norris [US]	Akdiel Flores [US]	W	9	4
Justin Norris [US]	Andrew Salley [US]	T	10	5
Justin Norris [US]	Mark Dizon [CA]	W	13	6
Justin Norris [US]	Jonathan Twigg [US]	W	16	7
Justin Norris [US]	Elliott Chereches [CA]	L	16	8
Justin Norris [US]	Cobi Kawasaki [US]	W	19	9
Justin Norris [US]	Matthew Connors [US]	W	22	10
Justin Norris [US]	Soumil Dusara [US]	L	22	11
Justin Norris [US]	Joe Sturino [US]	T	23	12
Justin Norris [US]	Ralts Musser [US]	W	26	13
Justin Norris [US]	Suchit Koparde [US]	T	27	14
Justin Norris [US]	Ryan Soety [US]	L	27	15
Jose Medina [US]	Terence Maloney [US]	W	3	1
Jose Medina [US]	Joseph Kreiser [US]	L	3	2
Jose Medina [US]	Jordan Wilson [US]	L	3	3
Jose Medina [US]	Scott Trexler [US]	W	6	4
Jose Medina [US]	Gregory Tschann [US]	W	9	5
Jose Medina [US]	Chad Hewitt [US]	W	12	6
Jose Medina [US]	Jose Padilla Macias [US]	W	15	7
Jose Medina [US]	Joe Dietrich [US]	W	18	8
Jose Medina [US]	Shinnosuke Komiya [US]	T	19	9
Jose Medina [US]	JW Kriewall [US]	W	22	10
Jose Medina [US]	Cody Bruder [US]	W	25	11
Jose Medina [US]	Sawyer Melban [US]	L	25	12
Jose Medina [US]	**VIP22 Jose Marzan [US]	T	26	13
Jose Medina [US]	Conner Truitt [US]	L	26	14
Jose Medina [US]	Giancarlo Bortolon [CA]	T	27	15
Kyle Tokarczyk [US]	Gregory Playter [US]	W	3	1
Kyle Tokarczyk [US]	Ely Greenfeld [US]	L	3	2
Kyle Tokarczyk [US]	Tristan Maier [US]	W	6	3
Kyle Tokarczyk [US]	Eddie North [US]	W	9	4
Kyle Tokarczyk [US]	Grant Shen [US]	W	12	5
Kyle Tokarczyk [US]	Fred Singer IV [US]	W	15	6
Kyle Tokarczyk [US]	Sujith Nalabolu [US]	W	18	7
Kyle Tokarczyk [US]	Benjamin Nackman [US]	W	21	8
Kyle Tokarczyk [US]	Jeremy Gibson [US]	L	21	9
Kyle Tokarczyk [US]	Nathan Bumbarger [US]	W	24	10
Kyle Tokarczyk [US]	Alex Schemanske [US]	L	24	11
Kyle Tokarczyk [US]	Luke Smith [US]	L	24	12
Kyle Tokarczyk [US]	Keaton Gill [US]	L	24	13
Kyle Tokarczyk [US]	Aleaner Pabonnie [US]	W	27	14
Kyle Tokarczyk [US]	Dylan Gunn [US]	L	27	15
Sanjay Sundararajan [US]	Andrew Ryals [US]	W	3	1
Sanjay Sundararajan [US]	Samuel Anserello [US]	W	6	2
Sanjay Sundararajan [US]	Mitchell Courtney [US]	W	9	3
Sanjay Sundararajan [US]	Andres David Torres [CO]	T	10	4
Sanjay Sundararajan [US]	Justin Brothers [US]	W	13	5
Sanjay Sundararajan [US]	Ryan Harris [US]	T	14	6
Sanjay Sundararajan [US]	Emmi Stonier [US]	W	17	7
Sanjay Sundararajan [US]	Ryan Bownes [US]	L	17	8
Sanjay Sundararajan [US]	Ben Cryer [US]	W	20	9
Sanjay Sundararajan [US]	McKinley Freeman [US]	T	21	10
Sanjay Sundararajan [US]	George Gebhardt [US]	L	21	11
Sanjay Sundararajan [US]	Colton Meahl [US]	W	24	12
Sanjay Sundararajan [US]	Owen Johnson [CA]	W	27	13
Sanjay Sundararajan [US]	Noel Totomoch [US]	L	27	14
Sanjay Sundararajan [US]	Colton Ames [US]	L	27	15
Tyler Perry [US]	James Curtis [US]	W	3	1
Tyler Perry [US]	Tye Pellecchia [US]	W	6	2
Tyler Perry [US]	Tristan Bennett [US]	W	9	3
Tyler Perry [US]	Joe Turrentine [US]	W	12	4
Tyler Perry [US]	Michael Diaz [US]	W	15	5
Tyler Perry [US]	Ivan Chan [US]	T	16	6
Tyler Perry [US]	Vance Kelley [US]	L	16	7
Tyler Perry [US]	Trevor Bales [US]	W	19	8
Tyler Perry [US]	Elliott Chereches [CA]	L	19	9
Tyler Perry [US]	Mateo Thompson Soto [US]	W	22	10
Tyler Perry [US]	Nicholas Moffitt [US]	T	23	11
Tyler Perry [US]	Noah Hanerland [US]	L	23	12
Tyler Perry [US]	Chris Pagan [US]	L	23	13
Tyler Perry [US]	Ryan Tongue [US]	T	24	14
Tyler Perry [US]	Ralts Musser [US]	W	27	15
Giancarlo Bortolon [CA]	Andy Zepeda [US]	W	3	1
Giancarlo Bortolon [CA]	Hal Stewart [US]	W	6	2
Giancarlo Bortolon [CA]	Michael Battaglia [CA]	W	9	3
Giancarlo Bortolon [CA]	Wilson Rowland [US]	W	12	4
Giancarlo Bortolon [CA]	Christian Cantelon [CA]	T	13	5
Giancarlo Bortolon [CA]	George Burdine [US]	L	13	6
Giancarlo Bortolon [CA]	Dylan Smith [US]	L	13	7
Giancarlo Bortolon [CA]	Luna Dunham [US]	W	16	8
Giancarlo Bortolon [CA]	Ethan Szendrey [CA]	W	19	9
Giancarlo Bortolon [CA]	Tristan Bennett [US]	L	19	10
Giancarlo Bortolon [CA]	Maxim Korobov [US]	W	22	11
Giancarlo Bortolon [CA]	Chris Fulop [US]	L	22	12
Giancarlo Bortolon [CA]	Nicholas Moses [US]	T	23	13
Giancarlo Bortolon [CA]	Dalen Dockery [US]	W	26	14
Giancarlo Bortolon [CA]	Jose Medina [US]	T	27	15
Nicholas Moses [US]	Michael Marino [US]	L	0	1
Nicholas Moses [US]	Michael Kim [US]	W	3	2
Nicholas Moses [US]	Kyle D'Amato [US]	T	4	3
Nicholas Moses [US]	Michael Guzman [US]	W	7	4
Nicholas Moses [US]	Ricardo Lasalle Barreto [US]	W	10	5
Nicholas Moses [US]	Gwen Tran [US]	W	13	6
Nicholas Moses [US]	Mateo Thompson Soto [US]	L	13	7
Nicholas Moses [US]	Robert Deleon [US]	W	16	8
Nicholas Moses [US]	Matthew Bowie [US]	W	19	9
Nicholas Moses [US]	Cody Bruder [US]	L	19	10
Nicholas Moses [US]	Andres Estrada [US]	W	22	11
Nicholas Moses [US]	Zach Lesage [CA]	L	22	12
Nicholas Moses [US]	Giancarlo Bortolon [CA]	T	23	13
Nicholas Moses [US]	Dregan Shook [US]	W	26	14
Nicholas Moses [US]	Michael Canaves [US]	T	27	15
Patrick Scharff [US]	Nikkolas Paserba [US]	W	3	1
Patrick Scharff [US]	Joseph Esten [US]	T	4	2
Patrick Scharff [US]	Dylan Dreyer [US]	W	7	3
Patrick Scharff [US]	Raul Santiago [US]	W	10	4
Patrick Scharff [US]	Duncan Crowley [US]	W	13	5
Patrick Scharff [US]	Morgan Purdy [US]	W	16	6
Patrick Scharff [US]	Tord Reklev [NO]	L	16	7
Patrick Scharff [US]	Anthony Smith [US]	W	19	8
Patrick Scharff [US]	Hunter Butler [US]	L	19	9
Patrick Scharff [US]	Gibson Archer-Tang [US]	L	19	10
Patrick Scharff [US]	Omar Ben-Gacem [UK]	T	20	11
Patrick Scharff [US]	Andrew Ryals [US]	T	21	12
Patrick Scharff [US]	Mario Vivas [CA]	L	21	13
Patrick Scharff [US]	Maxim Korobov [US]	W	24	14
Patrick Scharff [US]	Aleaner Pabonnie [US]	W	27	15
Edwin Lopez [US]	Aidan Adkins [US]	W	3	1
Edwin Lopez [US]	Jonathan Herrera [US]	T	4	2
Edwin Lopez [US]	Brennon Conner [US]	W	7	3
Edwin Lopez [US]	Joseph Fragomeni [US]	W	10	4
Edwin Lopez [US]	James Quick [US]	W	13	5
Edwin Lopez [US]	Tyler Mathews [US]	W	16	6
Edwin Lopez [US]	Andrew Wu [US]	L	16	7
Edwin Lopez [US]	Dylan Smith [US]	W	19	8
Edwin Lopez [US]	Jake Abrams [US]	W	22	9
Edwin Lopez [US]	Lucas Xing [CA]	L	22	10
Edwin Lopez [US]	Evan Campbell [US]	L	22	11
Edwin Lopez [US]	Conner Truitt [US]	T	23	12
Edwin Lopez [US]	Dalen Dockery [US]	W	26	13
Edwin Lopez [US]	Prin Basser [US]	L	26	14
Edwin Lopez [US]	Aden Cunningham [US]	L	26	15
Gilberto Acosta [US]	Dora Thilmony [US]	W	3	1
Gilberto Acosta [US]	Rob Anderson [US]	W	6	2
Gilberto Acosta [US]	Andrew Mahone [US]	W	9	3
Gilberto Acosta [US]	Luke Morsa [US]	L	9	4
Gilberto Acosta [US]	JW Kriewall [US]	T	10	5
Gilberto Acosta [US]	Adinson Hiraldo [DO]	W	13	6
Gilberto Acosta [US]	Joseph Figliano [US]	W	16	7
Gilberto Acosta [US]	Jeffrey Chau [CA]	L	16	8
Gilberto Acosta [US]	Tory Dunworth [US]	W	19	9
Gilberto Acosta [US]	Zoe Jacobsen [US]	W	22	10
Gilberto Acosta [US]	Elliot Sayles [US]	W	25	11
Gilberto Acosta [US]	Christopher Venier [CA]	T	26	12
Gilberto Acosta [US]	Michael Davidson [US]	L	26	13
Gilberto Acosta [US]	Owen Rhoads [US]	L	26	14
Gilberto Acosta [US]	Chris Fulop [US]	L	26	15
Jonathan Twigg [US]	Dominic Arana [US]	L	0	1
Jonathan Twigg [US]	Matthew Keller [US]	W	3	2
Jonathan Twigg [US]	Logan Donovan [US]	T	4	3
Jonathan Twigg [US]	Matt Walter [US]	W	7	4
Jonathan Twigg [US]	David Jackson [US]	W	10	5
Jonathan Twigg [US]	Chace Giusti [US]	W	13	6
Jonathan Twigg [US]	Justin Norris [US]	L	13	7
Jonathan Twigg [US]	Adinson Hiraldo [DO]	W	16	8
Jonathan Twigg [US]	George Burdine [US]	W	19	9
Jonathan Twigg [US]	Vincent Vuong [CA]	T	20	10
Jonathan Twigg [US]	Dregan Shook [US]	W	23	11
Jonathan Twigg [US]	Nicholas Moffitt [US]	L	23	12
Jonathan Twigg [US]	Michael Canaves [US]	L	23	13
Jonathan Twigg [US]	Cody Bruder [US]	W	26	14
Jonathan Twigg [US]	Joe Sturino [US]	L	26	15
Ely Greenfeld [US]	Ben Dobberstein [US]	W	3	1
Ely Greenfeld [US]	Kyle Tokarczyk [US]	W	6	2
Ely Greenfeld [US]	Tyler Mathews [US]	L	6	3
Ely Greenfeld [US]	Anthony Giler [US]	W	9	4
Ely Greenfeld [US]	Calvin Chang [US]	W	12	5
Ely Greenfeld [US]	Bryson Hunt [CA]	W	15	6
Ely Greenfeld [US]	Kris Kavanagh [US]	W	18	7
Ely Greenfeld [US]	Dylan Gunn [US]	L	18	8
Ely Greenfeld [US]	Benjamin Nackman [US]	T	19	9
Ely Greenfeld [US]	Chris Fulop [US]	W	22	10
Ely Greenfeld [US]	Ivan Chan [US]	L	22	11
Ely Greenfeld [US]	Mitchell Roberge [US]	L	22	12
Ely Greenfeld [US]	Iyla Sutherland [US]	W	25	13
Ely Greenfeld [US]	Aden Cunningham [US]	T	26	14
Ely Greenfeld [US]	Eddie North [US]	L	26	15
Krystal Florendo [CA]	Heather Coleman [US]	W	3	1
Krystal Florendo [CA]	Peter Ma [CA]	W	6	2
Krystal Florendo [CA]	Corey Lilly [US]	W	9	3
Krystal Florendo [CA]	Scott Cottrell [US]	W	12	4
Krystal Florendo [CA]	Mitchell Roberge [US]	W	15	5
Krystal Florendo [CA]	Ralts Musser [US]	T	16	6
Krystal Florendo [CA]	Sawyer Melban [US]	L	16	7
Krystal Florendo [CA]	Eric Rink [US]	W	19	8
Krystal Florendo [CA]	Julia Butenhoff [US]	L	19	9
Krystal Florendo [CA]	Morgan Purdy [US]	T	20	10
Krystal Florendo [CA]	Ryan Tongue [US]	W	23	11
Krystal Florendo [CA]	Chris Pagan [US]	W	26	12
Krystal Florendo [CA]	Daniel Altavilla [US]	L	26	13
Krystal Florendo [CA]	Joshua Sambrano [US]	L	26	14
Krystal Florendo [CA]	Kyle Caruthers [US]	L	26	15
Nick Trausch [US]	Case Bennink [US]	W	3	1
Nick Trausch [US]	Vincent Mangubat [US]	L	3	2
Nick Trausch [US]	Samuel Estes [US]	W	6	3
Nick Trausch [US]	Zachary Smart [US]	W	9	4
Nick Trausch [US]	Hunter Smith [US]	L	9	5
Nick Trausch [US]	Nicholas Grigson [US]	W	12	6
Nick Trausch [US]	Edward Valencia [US]	W	15	7
Nick Trausch [US]	Peyton Zelenak [US]	W	18	8
Nick Trausch [US]	Erin McCann [US]	T	19	9
Nick Trausch [US]	Liam Conant [US]	W	22	10
Nick Trausch [US]	Gibson Archer-Tang [US]	L	22	11
Nick Trausch [US]	Dre Alderette [US]	L	22	12
Nick Trausch [US]	Alexander Phillips [US]	L	22	13
Nick Trausch [US]	Brennon Conner [US]	W	25	14
Nick Trausch [US]	Mario Vivas [CA]	T	26	15
Mario Vivas [CA]	Christopher Wojnarowski [US]	T	1	1
Mario Vivas [CA]	Pedro Hernandez [US]	W	4	2
Mario Vivas [CA]	Jeremy Medina [US]	W	7	3
Mario Vivas [CA]	Mikey Kalb [US]	W	10	4
Mario Vivas [CA]	Daniel Fappiano [US]	T	11	5
Mario Vivas [CA]	Joshua Wheeler [US]	W	14	6
Mario Vivas [CA]	Isaiah Bradner [US]	L	14	7
Mario Vivas [CA]	Jake Gearhart [US]	W	17	8
Mario Vivas [CA]	Brennan Jackson [US]	W	20	9
Mario Vivas [CA]	Aleaner Pabonnie [US]	T	21	10
Mario Vivas [CA]	Ryan Harris [US]	L	21	11
Mario Vivas [CA]	Kyle Caruthers [US]	L	21	12
Mario Vivas [CA]	Patrick Scharff [US]	W	24	13
Mario Vivas [CA]	Luke Morsa [US]	T	25	14
Mario Vivas [CA]	Nick Trausch [US]	T	26	15
Ryan Antonucci [US]	Lance Plavka [US]	W	3	1
Ryan Antonucci [US]	Damon Price [US]	W	6	2
Ryan Antonucci [US]	Dang Pho [US]	L	6	3
Ryan Antonucci [US]	Vaughn O'Brien [US]	W	9	4
Ryan Antonucci [US]	Benjamin Nackman [US]	L	9	5
Ryan Antonucci [US]	Thom Vaknin [US]	W	12	6
Ryan Antonucci [US]	Justin Kim [CA]	W	15	7
Ryan Antonucci [US]	Joe Rowe [US]	T	16	8
Ryan Antonucci [US]	Gina Padron [US]	W	19	9
Ryan Antonucci [US]	Brandon Dean [US]	L	19	10
Ryan Antonucci [US]	Liam Conant [US]	L	19	11
Ryan Antonucci [US]	Eddie North [US]	W	22	12
Ryan Antonucci [US]	Davin Erickson [US]	W	25	13
Ryan Antonucci [US]	Daniel Lopez [US]	L	25	14
Ryan Antonucci [US]	Matthew Connors [US]	T	26	15
Christian Cantelon [CA]	Joe Dietrich [US]	W	3	1
Christian Cantelon [CA]	James Dorner [US]	W	6	2
Christian Cantelon [CA]	Axel Alvarez [US]	W	9	3
Christian Cantelon [CA]	Will Schoeffler [US]	W	12	4
Christian Cantelon [CA]	Giancarlo Bortolon [CA]	T	13	5
Christian Cantelon [CA]	Michael Davidson [US]	W	16	6
Christian Cantelon [CA]	Jake Abrams [US]	L	16	7
Christian Cantelon [CA]	Nikolas Christodoulou [US]	T	17	8
Christian Cantelon [CA]	Bradley Lippert [US]	W	20	9
Christian Cantelon [CA]	Erich Francis [US]	L	20	10
Christian Cantelon [CA]	Peyton Bauermeister [US]	L	20	11
Christian Cantelon [CA]	Andrew Dombroski [US]	W	23	12
Christian Cantelon [CA]	Kyle Caruthers [US]	L	23	13
Christian Cantelon [CA]	Calvin Chang [US]	L	23	14
Christian Cantelon [CA]	Ryan Tongue [US]	W	26	15
Dalen Dockery [US]	Samuel Mowery [US]	T	1	1
Dalen Dockery [US]	Steven Bates [US]	W	4	2
Dalen Dockery [US]	Walter Anderson [US]	W	7	3
Dalen Dockery [US]	Jan Michael Ortiz [US]	W	10	4
Dalen Dockery [US]	Bryce Branch [US]	W	13	5
Dalen Dockery [US]	Nhan Le [US]	L	13	6
Dalen Dockery [US]	Alex Hamilton [US]	W	16	7
Dalen Dockery [US]	Gregory Playter [US]	L	16	8
Dalen Dockery [US]	Valkyrie Kraemer [US]	W	19	9
Dalen Dockery [US]	Charlie Kerr [US]	W	22	10
Dalen Dockery [US]	Calvin Chang [US]	T	23	11
Dalen Dockery [US]	Michael Davidson [US]	L	23	12
Dalen Dockery [US]	Edwin Lopez [US]	L	23	13
Dalen Dockery [US]	Giancarlo Bortolon [CA]	L	23	14
Dalen Dockery [US]	Dregan Shook [US]	W	26	15
Teja Gummadi [US]	Nathan Potter [US]	L	0	1
Teja Gummadi [US]	Dave Abt [US]	W	3	2
Teja Gummadi [US]	Dylan Cassidy [US]	T	4	3
Teja Gummadi [US]	Onassis Porto [US]	W	7	4
Teja Gummadi [US]	Christopher VanBrunt [US]	W	10	5
Teja Gummadi [US]	Arron Sanyer [US]	W	13	6
Teja Gummadi [US]	Soumil Dusara [US]	W	16	7
Teja Gummadi [US]	Jeremy Gumila [US]	W	19	8
Teja Gummadi [US]	Caleb Rogerson [US]	T	20	9
Teja Gummadi [US]	Kenny Hernandez [US]	L	20	10
Teja Gummadi [US]	Ryan Soety [US]	L	20	11
Teja Gummadi [US]	Ryan Tongue [US]	W	23	12
Teja Gummadi [US]	Joshua Sambrano [US]	L	23	13
Teja Gummadi [US]	Omar Ben-Gacem [UK]	W	26	14
Teja Gummadi [US]	Calvin Chang [US]	L	26	15
Cody Bruder [US]	Greyson Snyder [US]	W	3	1
Cody Bruder [US]	Erich Francis [US]	L	3	2
Cody Bruder [US]	Eric Nickell [US]	L	3	3
Cody Bruder [US]	Andrew Kanallakan [US]	W	6	4
Cody Bruder [US]	Jack Basmaci [US]	W	9	5
Cody Bruder [US]	Mitre Prathumratana [US]	W	12	6
Cody Bruder [US]	Elcain Chase [US]	T	13	7
Cody Bruder [US]	Xavier Williams [US]	W	16	8
Cody Bruder [US]	mason hein [US]	W	19	9
Cody Bruder [US]	Nicholas Moses [US]	W	22	10
Cody Bruder [US]	Jose Medina [US]	L	22	11
Cody Bruder [US]	Ryan Sabelhaus [US]	L	22	12
Cody Bruder [US]	Jonathan Valenzuela [US]	T	23	13
Cody Bruder [US]	Jonathan Twigg [US]	L	23	14
Cody Bruder [US]	June Norber [US]	W	26	15
Matthew Connors [US]	Nat McLean [US]	W	3	1
Matthew Connors [US]	Dennis Peroff [CA]	W	6	2
Matthew Connors [US]	DJ Alleyne [US]	L	6	3
Matthew Connors [US]	Colin Alber [US]	T	7	4
Matthew Connors [US]	Ernesto seryey de la cruz cordova [MX]	W	10	5
Matthew Connors [US]	Tom Nardello [US]	W	13	6
Matthew Connors [US]	Mustafa Tobah [US]	W	16	7
Matthew Connors [US]	Calvin Connor [US]	W	19	8
Matthew Connors [US]	Joshua Curtin [US]	L	19	9
Matthew Connors [US]	Justin Norris [US]	L	19	10
Matthew Connors [US]	Iyla Sutherland [US]	W	22	11
Matthew Connors [US]	Arron Sanyer [US]	L	22	12
Matthew Connors [US]	Shashi Naraine [CA]	L	22	13
Matthew Connors [US]	Matthew Hammond [US]	W	25	14
Matthew Connors [US]	Ryan Antonucci [US]	T	26	15
**VIP22 Jose Marzan [US]	Dakota McMurray [US]	W	3	1
**VIP22 Jose Marzan [US]	Arthur Terceira [US]	L	3	2
**VIP22 Jose Marzan [US]	Ashelia Bowsher [US]	W	6	3
**VIP22 Jose Marzan [US]	Bryan Lyons [US]	W	9	4
**VIP22 Jose Marzan [US]	Luna Dunham [US]	L	9	5
**VIP22 Jose Marzan [US]	Marvin Lu Banzon [CA]	W	12	6
**VIP22 Jose Marzan [US]	Michael Morton [US]	W	15	7
**VIP22 Jose Marzan [US]	Gabriel Smart [US]	T	16	8
**VIP22 Jose Marzan [US]	Trevor Bales [US]	W	19	9
**VIP22 Jose Marzan [US]	Justin Tse [CA]	L	19	10
**VIP22 Jose Marzan [US]	Zoe Jacobsen [US]	W	22	11
**VIP22 Jose Marzan [US]	Joshua Acevedo [US]	W	25	12
**VIP22 Jose Marzan [US]	Jose Medina [US]	T	26	13
**VIP22 Jose Marzan [US]	Morgan Purdy [US]	L	26	14
**VIP22 Jose Marzan [US]	Peyton Bauermeister [US]	L	26	15
Jake Riggs [US]	Nathan Forte [US]	L	0	1
Jake Riggs [US]	Arsenio Melendez [US]	W	3	2
Jake Riggs [US]	Hunter Wyne [US]	W	6	3
Jake Riggs [US]	Cory Koehler [US]	W	9	4
Jake Riggs [US]	Shashi Naraine [CA]	W	12	5
Jake Riggs [US]	Will Schoeffler [US]	W	15	6
Jake Riggs [US]	Hunter Smith [US]	L	15	7
Jake Riggs [US]	Tanner Leonardo [US]	T	16	8
Jake Riggs [US]	Eric Rink [US]	W	19	9
Jake Riggs [US]	Sammy Allen [US]	W	22	10
Jake Riggs [US]	Benjamin Howard [US]	W	25	11
Jake Riggs [US]	Isaiah Cheville [US]	L	25	12
Jake Riggs [US]	Haru Nishikawa [JP]	L	25	13
Jake Riggs [US]	Corey Patterson [US]	L	25	14
Jake Riggs [US]	Andrew Ryals [US]	L	25	15
Tristan Bennett [US]	Abijah Jongsma [CA]	W	3	1
Tristan Bennett [US]	Jacob Henry [US]	W	6	2
Tristan Bennett [US]	Tyler Perry [US]	L	6	3
Tristan Bennett [US]	Ryan Gonzalez [US]	W	9	4
Tristan Bennett [US]	Adam Schiewe [US]	W	12	5
Tristan Bennett [US]	Michael Diaz [US]	L	12	6
Tristan Bennett [US]	Grant Shen [US]	W	15	7
Tristan Bennett [US]	Jared Woitalla [US]	W	18	8
Tristan Bennett [US]	Cody Graham [US]	T	19	9
Tristan Bennett [US]	Giancarlo Bortolon [CA]	W	22	10
Tristan Bennett [US]	Colton Meahl [US]	W	25	11
Tristan Bennett [US]	Gregory Playter [US]	L	25	12
Tristan Bennett [US]	Benjamin McEachen [US]	L	25	13
Tristan Bennett [US]	Jacky Su [CA]	L	25	14
Tristan Bennett [US]	Edwin Arrollo [US]	L	25	15
Justin Tse [CA]	Jonathan Crespo [US]	W	3	1
Justin Tse [CA]	Liam Halliburton [US]	T	4	2
Justin Tse [CA]	Nicholas Hruska [US]	W	7	3
Justin Tse [CA]	Mike Sprague [NO]	W	10	4
Justin Tse [CA]	Anthony Smith [US]	L	10	5
Justin Tse [CA]	Albert Centeno [US]	L	10	6
Justin Tse [CA]	Stephen Whitledge [US]	W	13	7
Justin Tse [CA]	Dario Marchetta [CA]	W	16	8
Justin Tse [CA]	Sarah Burnside [CA]	W	19	9
Justin Tse [CA]	**VIP22 Jose Marzan [US]	W	22	10
Justin Tse [CA]	Suchit Koparde [US]	W	25	11
Justin Tse [CA]	Rowan Stavenow [CA]	L	25	12
Justin Tse [CA]	Brendan Cevasco [US]	L	25	13
Justin Tse [CA]	Ben Dobberstein [US]	L	25	14
Justin Tse [CA]	Vincent Vuong [CA]	L	25	15
Joshua Acevedo [US]	Christopher VanBrunt [US]	T	1	1
Joshua Acevedo [US]	Carl Caldwell [US]	W	4	2
Joshua Acevedo [US]	Alex Fusco [US]	W	7	3
Joshua Acevedo [US]	Dustin Ashford [CA]	L	7	4
Joshua Acevedo [US]	Joseph Fragomeni [US]	W	10	5
Joshua Acevedo [US]	Christopher Regan [US]	W	13	6
Joshua Acevedo [US]	Preston Rutledge [US]	W	16	7
Joshua Acevedo [US]	Tristan Rojas [US]	W	19	8
Joshua Acevedo [US]	Gregory Playter [US]	W	22	9
Joshua Acevedo [US]	Tord Reklev [NO]	L	22	10
Joshua Acevedo [US]	Isaiah Cheville [US]	L	22	11
Joshua Acevedo [US]	**VIP22 Jose Marzan [US]	L	22	12
Joshua Acevedo [US]	Liam Conant [US]	W	25	13
Joshua Acevedo [US]	Christopher Venier [CA]	L	25	14
Joshua Acevedo [US]	Brad Brown [US]	L	25	15
Alexander Phillips [US]	Lucas McCulla [US]	W	3	1
Alexander Phillips [US]	joshua adams [US]	W	6	2
Alexander Phillips [US]	Tristan Lackey [US]	W	9	3
Alexander Phillips [US]	Jake Abrams [US]	L	9	4
Alexander Phillips [US]	Joseph Kreiser [US]	W	12	5
Alexander Phillips [US]	Dregan Shook [US]	T	13	6
Alexander Phillips [US]	Calvin Tathanhlong [CA]	W	16	7
Alexander Phillips [US]	Mateo Thompson Soto [US]	W	19	8
Alexander Phillips [US]	Ryan Tongue [US]	T	20	9
Alexander Phillips [US]	George Gebhardt [US]	T	21	10
Alexander Phillips [US]	Ryan Sabelhaus [US]	T	22	11
Alexander Phillips [US]	JW Kriewall [US]	L	22	12
Alexander Phillips [US]	Nick Trausch [US]	W	25	13
Alexander Phillips [US]	Christopher Wigelsworth [US]	L	25	14
Alexander Phillips [US]	Zeryx Schaefer [US]	L	25	15
Mason Lovato [US]	Andreya Dunks [US]	L	0	1
Mason Lovato [US]	MiguelAngel Tovar [US]	W	3	2
Mason Lovato [US]	John Perez [US]	L	3	3
Mason Lovato [US]	Matt Marcial [US]	W	6	4
Mason Lovato [US]	Eudezia Rodrigues [BR]	W	9	5
Mason Lovato [US]	Michael Natto [US]	W	12	6
Mason Lovato [US]	Andrew Ryals [US]	T	13	7
Mason Lovato [US]	Austin Roop [US]	W	16	8
Mason Lovato [US]	Daniel Ceculski [US]	W	19	9
Mason Lovato [US]	Owen Rhoads [US]	W	22	10
Mason Lovato [US]	Ryan Miller [US]	W	25	11
Mason Lovato [US]	Joshua Curtin [US]	L	25	12
Mason Lovato [US]	Mitchell Roberge [US]	L	25	13
Mason Lovato [US]	Abaan Ahmed [US]	L	25	14
Mason Lovato [US]	Brayden Karvelas [US]	L	25	15
Andrew Weiss [US]	Grayson McKinley [US]	W	3	1
Andrew Weiss [US]	David Lugo [US]	T	4	2
Andrew Weiss [US]	Christopher VanBrunt [US]	W	7	3
Andrew Weiss [US]	Megan McBreairty [US]	W	10	4
Andrew Weiss [US]	Michael Davidson [US]	L	10	5
Andrew Weiss [US]	Joseph Cornell [US]	W	13	6
Andrew Weiss [US]	Kamil Colatosti [CA]	L	13	7
Andrew Weiss [US]	Anthony Appelt [US]	W	16	8
Andrew Weiss [US]	Joseph Figliano [US]	W	19	9
Andrew Weiss [US]	Calvin Chang [US]	L	19	10
Andrew Weiss [US]	Benjamin Nackman [US]	L	19	11
Andrew Weiss [US]	BYE	W	22	12
Andrew Weiss [US]	Christopher Wigelsworth [US]	L	22	13
Andrew Weiss [US]	Victor Carrillo [US]	W	25	14
Andrew Weiss [US]	Shashi Naraine [CA]	L	25	15
Gabriel Smart [US]	Ryan Overcash [US]	W	3	1
Gabriel Smart [US]	Julia Butenhoff [US]	W	6	2
Gabriel Smart [US]	Chris Fulop [US]	L	6	3
Gabriel Smart [US]	Adam Caracciolo [US]	L	6	4
Gabriel Smart [US]	Carter Inman [US]	W	9	5
Gabriel Smart [US]	Collin Harris [US]	W	12	6
Gabriel Smart [US]	Daniel Leon [US]	W	15	7
Gabriel Smart [US]	**VIP22 Jose Marzan [US]	T	16	8
Gabriel Smart [US]	Ryan Reichley [US]	W	19	9
Gabriel Smart [US]	Ian Robb [US]	L	19	10
Gabriel Smart [US]	Dakota Davey [US]	W	22	11
Gabriel Smart [US]	**VIP31 Joseph Sumner [US]	W	25	12
Gabriel Smart [US]	Gibson Archer-Tang [US]	L	25	13
Gabriel Smart [US]	Jeremy Gumila [US]	L	25	14
Gabriel Smart [US]	Erich Francis [US]	L	25	15
Caleb Rogerson [US]	Cody Zimmerman [US]	W	3	1
Caleb Rogerson [US]	Andrew Estrada [CA]	L	3	2
Caleb Rogerson [US]	Alexander Edralin [US]	W	6	3
Caleb Rogerson [US]	Joseph Brecht [US]	T	7	4
Caleb Rogerson [US]	Megan McBreairty [US]	W	10	5
Caleb Rogerson [US]	Jacob Howard [US]	W	13	6
Caleb Rogerson [US]	Keegan Ives [US]	W	16	7
Caleb Rogerson [US]	Jeremy Gomez [US]	W	19	8
Caleb Rogerson [US]	Teja Gummadi [US]	T	20	9
Caleb Rogerson [US]	Ryan Sabelhaus [US]	T	21	10
Caleb Rogerson [US]	Ben Dobberstein [US]	T	22	11
Caleb Rogerson [US]	Liam Conant [US]	W	25	12
Caleb Rogerson [US]	Benjamin Nackman [US]	L	25	13
Caleb Rogerson [US]	Chris Franco [US]	L	25	14
Caleb Rogerson [US]	Luke Morsa [US]	L	25	15
Cyrus Davis [CA]	Michael Kim [US]	W	3	1
Cyrus Davis [CA]	Andy Hyun [US]	W	6	2
Cyrus Davis [CA]	Chris Costa [US]	W	9	3
Cyrus Davis [CA]	Elcain Chase [US]	W	12	4
Cyrus Davis [CA]	Aaron Hunt [US]	T	13	5
Cyrus Davis [CA]	Joe Sturino [US]	L	13	6
Cyrus Davis [CA]	Ryan Harris [US]	L	13	7
Cyrus Davis [CA]	Aidyn Moye [US]	W	16	8
Cyrus Davis [CA]	Joe Rowe [US]	W	19	9
Cyrus Davis [CA]	Jeremy Gumila [US]	W	22	10
Cyrus Davis [CA]	Chris Franco [US]	L	22	11
Cyrus Davis [CA]	Jacky Su [CA]	L	22	12
Cyrus Davis [CA]	Colton Meahl [US]	L	22	13
Cyrus Davis [CA]	Davin Erickson [US]	L	22	14
Cyrus Davis [CA]	Owen Johnson [CA]	W	25	15
Elliot Sayles [US]	Pranav Ganti [US]	W	3	1
Elliot Sayles [US]	Corey Dancause [US]	W	6	2
Elliot Sayles [US]	James Arnold [US]	W	9	3
Elliot Sayles [US]	Gable Funchess [US]	L	9	4
Elliot Sayles [US]	Johny Vu [US]	W	12	5
Elliot Sayles [US]	Seth Savage [US]	W	15	6
Elliot Sayles [US]	Sebastian Francomartin [US]	W	18	7
Elliot Sayles [US]	Zeryx Schaefer [US]	T	19	8
Elliot Sayles [US]	Dan Hugar [US]	W	22	9
Elliot Sayles [US]	Rowan Stavenow [CA]	L	22	10
Elliot Sayles [US]	Gilberto Acosta [US]	L	22	11
Elliot Sayles [US]	Ben Dobberstein [US]	L	22	12
Elliot Sayles [US]	Abaan Ahmed [US]	L	22	13
Elliot Sayles [US]	Dakota Davey [US]	L	22	14
Elliot Sayles [US]	Victor Carrillo [US]	W	25	15
Brennon Conner [US]	William Herrmann [US]	T	1	1
Brennon Conner [US]	James King [US]	W	4	2
Brennon Conner [US]	Edwin Lopez [US]	L	4	3
Brennon Conner [US]	Izaiah Santiago [US]	L	4	4
Brennon Conner [US]	Anthony Saia [US]	W	7	5
Brennon Conner [US]	Daniel Helm [US]	W	10	6
Brennon Conner [US]	Jerrick Gumila [US]	W	13	7
Brennon Conner [US]	Matthew Upton [US]	W	16	8
Brennon Conner [US]	Anthony Smith [US]	W	19	9
Brennon Conner [US]	Brendan Cevasco [US]	L	19	10
Brennon Conner [US]	Shashi Naraine [CA]	L	19	11
Brennon Conner [US]	Matthew Hammond [US]	L	19	12
Brennon Conner [US]	BYE	W	22	13
Brennon Conner [US]	Nick Trausch [US]	L	22	14
Brennon Conner [US]	Andres Estrada [US]	W	25	15
Nathan Bumbarger [US]	Sherri Lee [US]	W	3	1
Nathan Bumbarger [US]	Erin McCann [US]	W	6	2
Nathan Bumbarger [US]	Martin Solis [US]	W	9	3
Nathan Bumbarger [US]	Lucas Xing [CA]	L	9	4
Nathan Bumbarger [US]	Natalie Miller [US]	W	12	5
Nathan Bumbarger [US]	CJ Rodriguez [US]	W	15	6
Nathan Bumbarger [US]	Myles Holtsclaw [US]	W	18	7
Nathan Bumbarger [US]	Darin O'Meara [US]	W	21	8
Nathan Bumbarger [US]	Mike Newey [US]	L	21	9
Nathan Bumbarger [US]	Kyle Tokarczyk [US]	L	21	10
Nathan Bumbarger [US]	Michael Otero [US]	L	21	11
Nathan Bumbarger [US]	Vincent Vuong [CA]	L	21	12
Nathan Bumbarger [US]	Jake Abrams [US]	W	24	13
Nathan Bumbarger [US]	Erich Francis [US]	T	25	14
Nathan Bumbarger [US]	Dakota Davey [US]	L	25	15
McKinley Freeman [US]	Tyler Schoenfeld [US]	T	1	1
McKinley Freeman [US]	Thomas DeHart [US]	W	4	2
McKinley Freeman [US]	Braeden Wentling [US]	W	7	3
McKinley Freeman [US]	Kamil Colatosti [CA]	L	7	4
McKinley Freeman [US]	Kenneth Mauder [US]	T	8	5
McKinley Freeman [US]	**VIP28 Joshua Murray [US]	W	11	6
McKinley Freeman [US]	Zachary Heeter [US]	W	14	7
McKinley Freeman [US]	Adam Gherbi [US]	W	17	8
McKinley Freeman [US]	Dan Ricci [US]	W	20	9
McKinley Freeman [US]	Sanjay Sundararajan [US]	T	21	10
McKinley Freeman [US]	**VIP31 Joseph Sumner [US]	T	22	11
McKinley Freeman [US]	Christian Chase [US]	L	22	12
McKinley Freeman [US]	Matthew Hammond [US]	W	25	13
McKinley Freeman [US]	Austin Daniels [US]	L	25	14
McKinley Freeman [US]	Michael Diaz [US]	L	25	15
Matthew Hammond [US]	Kyle Baxter [US]	L	0	1
Matthew Hammond [US]	Ryan Akuszewski [US]	W	3	2
Matthew Hammond [US]	Mike Fouchet [US]	W	6	3
Matthew Hammond [US]	Alex Espinosa [US]	W	9	4
Matthew Hammond [US]	Ryan Miller [US]	T	10	5
Matthew Hammond [US]	Calvin Connor [US]	L	10	6
Matthew Hammond [US]	John Perez [US]	W	13	7
Matthew Hammond [US]	James Byrum [US]	W	16	8
Matthew Hammond [US]	Nicholas Avarello [US]	W	19	9
Matthew Hammond [US]	Dre Alderette [US]	L	19	10
Matthew Hammond [US]	Owen Rhoads [US]	L	19	11
Matthew Hammond [US]	Brennon Conner [US]	W	22	12
Matthew Hammond [US]	McKinley Freeman [US]	L	22	13
Matthew Hammond [US]	Matthew Connors [US]	L	22	14
Matthew Hammond [US]	Jack Bray [US]	W	25	15
Davin Erickson [US]	Preston Alberts [US]	W	3	1
Davin Erickson [US]	Iyla Sutherland [US]	T	4	2
Davin Erickson [US]	Eric Rink [US]	L	4	3
Davin Erickson [US]	James Riggs [US]	W	7	4
Davin Erickson [US]	Valkyrie Kraemer [US]	W	10	5
Davin Erickson [US]	James Quick [US]	W	13	6
Davin Erickson [US]	Daniel Altavilla [US]	L	13	7
Davin Erickson [US]	Kevin Williams [US]	W	16	8
Davin Erickson [US]	Richard Rogers [US]	W	19	9
Davin Erickson [US]	Michael Zheng [US]	L	19	10
Davin Erickson [US]	Victor Carrillo [US]	W	22	11
Davin Erickson [US]	Corey Patterson [US]	L	22	12
Davin Erickson [US]	Ryan Antonucci [US]	L	22	13
Davin Erickson [US]	Cyrus Davis [CA]	W	25	14
Davin Erickson [US]	Ryan Miller [US]	L	25	15
Liam Conant [US]	Tim Tipton [US]	W	3	1
Liam Conant [US]	Cory Koehler [US]	W	6	2
Liam Conant [US]	Michael Zheng [US]	W	9	3
Liam Conant [US]	Ralts Musser [US]	L	9	4
Liam Conant [US]	Mitchell Courtney [US]	W	12	5
Liam Conant [US]	Joe Dietrich [US]	W	15	6
Liam Conant [US]	Nicholas Avarello [US]	W	18	7
Liam Conant [US]	Bryan McDaniel [US]	L	18	8
Liam Conant [US]	Harris Noor [US]	T	19	9
Liam Conant [US]	Nick Trausch [US]	L	19	10
Liam Conant [US]	Ryan Antonucci [US]	W	22	11
Liam Conant [US]	Caleb Rogerson [US]	L	22	12
Liam Conant [US]	Joshua Acevedo [US]	L	22	13
Liam Conant [US]	Iyla Sutherland [US]	W	25	14
Liam Conant [US]	Riley Hulbert [US]	L	25	15
Iyla Sutherland [US]	Connor Simpson [US]	W	3	1
Iyla Sutherland [US]	Davin Erickson [US]	T	4	2
Iyla Sutherland [US]	Cody Criner [US]	L	4	3
Iyla Sutherland [US]	Solomon Shurge [US]	W	7	4
Iyla Sutherland [US]	Joseph Huber [US]	L	7	5
Iyla Sutherland [US]	luis diaz [US]	W	10	6
Iyla Sutherland [US]	Jessica Burden-Cheresna [CA]	W	13	7
Iyla Sutherland [US]	Arjun Khadse [US]	W	16	8
Iyla Sutherland [US]	Nick Newton [US]	W	19	9
Iyla Sutherland [US]	Suchit Koparde [US]	L	19	10
Iyla Sutherland [US]	Matthew Connors [US]	L	19	11
Iyla Sutherland [US]	Andres Estrada [US]	W	22	12
Iyla Sutherland [US]	Ely Greenfeld [US]	L	22	13
Iyla Sutherland [US]	Liam Conant [US]	L	22	14
Iyla Sutherland [US]	Omar Ben-Gacem [UK]	W	25	15
Ralts Musser [US]	Mark Dizon [CA]	W	3	1
Ralts Musser [US]	Adam Kalamat [CA]	W	6	2
Ralts Musser [US]	Jacob Stillwell [US]	W	9	3
Ralts Musser [US]	Liam Conant [US]	W	12	4
Ralts Musser [US]	Regan Retzloff [US]	W	15	5
Ralts Musser [US]	Krystal Florendo [CA]	T	16	6
Ralts Musser [US]	Bradley Lippert [US]	T	17	7
Ralts Musser [US]	Peter Kica [US]	T	18	8
Ralts Musser [US]	Ian Robb [US]	T	19	9
Ralts Musser [US]	Jonathan Ramirez [US]	L	19	10
Ralts Musser [US]	Andrew Ryals [US]	T	20	11
Ralts Musser [US]	Maxim Korobov [US]	W	23	12
Ralts Musser [US]	Justin Norris [US]	L	23	13
Ralts Musser [US]	Jonathan Valenzuela [US]	T	24	14
Ralts Musser [US]	Tyler Perry [US]	L	24	15
Aleaner Pabonnie [US]	Joseph Feliciano Garcia [US]	T	1	1
Aleaner Pabonnie [US]	Jay Medeiros [CA]	W	4	2
Aleaner Pabonnie [US]	Paul Semanco [US]	W	7	3
Aleaner Pabonnie [US]	Kevin Garcia [US]	W	10	4
Aleaner Pabonnie [US]	Neel Patel [US]	W	13	5
Aleaner Pabonnie [US]	Rishi Gupta [US]	W	16	6
Aleaner Pabonnie [US]	Conner Truitt [US]	L	16	7
Aleaner Pabonnie [US]	Guy Bennett [US]	W	19	8
Aleaner Pabonnie [US]	Vincent D'Arcy [US]	T	20	9
Aleaner Pabonnie [US]	Mario Vivas [CA]	T	21	10
Aleaner Pabonnie [US]	Vance Kelley [US]	L	21	11
Aleaner Pabonnie [US]	Luke Morsa [US]	L	21	12
Aleaner Pabonnie [US]	Dang Pho [US]	W	24	13
Aleaner Pabonnie [US]	Kyle Tokarczyk [US]	L	24	14
Aleaner Pabonnie [US]	Patrick Scharff [US]	L	24	15
Jonathan Valenzuela [US]	Mathew Boat [US]	T	1	1
Jonathan Valenzuela [US]	Tom Hellkamp [US]	W	4	2
Jonathan Valenzuela [US]	Daniel Sopko [US]	L	4	3
Jonathan Valenzuela [US]	Alexane Bellemare [CA]	L	4	4
Jonathan Valenzuela [US]	Cresmar Justin Hernaez [US]	W	7	5
Jonathan Valenzuela [US]	Halim Bourjeili [US]	W	10	6
Jonathan Valenzuela [US]	Isaiah Marks [US]	W	13	7
Jonathan Valenzuela [US]	Jack Wong [CA]	W	16	8
Jonathan Valenzuela [US]	Michael Broderick [US]	W	19	9
Jonathan Valenzuela [US]	Soumil Dusara [US]	L	19	10
Jonathan Valenzuela [US]	Christopher Wigelsworth [US]	L	19	11
Jonathan Valenzuela [US]	Jack Bray [US]	W	22	12
Jonathan Valenzuela [US]	Cody Bruder [US]	T	23	13
Jonathan Valenzuela [US]	Ralts Musser [US]	T	24	14
Jonathan Valenzuela [US]	Jacob Stock [US]	L	24	15
Ryan Tongue [US]	Marvin Lu Banzon [CA]	W	3	1
Ryan Tongue [US]	Aren Ashlock [US]	W	6	2
Ryan Tongue [US]	Tanner Drabek [US]	T	7	3
Ryan Tongue [US]	SETH RAMOS [US]	W	10	4
Ryan Tongue [US]	Alex Hamilton [US]	W	13	5
Ryan Tongue [US]	Tristan Rojas [US]	W	16	6
Ryan Tongue [US]	Noah Sawyer [US]	L	16	7
Ryan Tongue [US]	Adam Jones [US]	W	19	8
Ryan Tongue [US]	Alexander Phillips [US]	T	20	9
Ryan Tongue [US]	Brayden Karvelas [US]	L	20	10
Ryan Tongue [US]	Krystal Florendo [CA]	L	20	11
Ryan Tongue [US]	Teja Gummadi [US]	L	20	12
Ryan Tongue [US]	Miguel Arocho [US]	W	23	13
Ryan Tongue [US]	Tyler Perry [US]	T	24	14
Ryan Tongue [US]	Christian Cantelon [CA]	L	24	15
Dregan Shook [US]	Philip Matthews [US]	W	3	1
Dregan Shook [US]	Jennifer Perez [US]	W	6	2
Dregan Shook [US]	Anthony Scornavacca [US]	W	9	3
Dregan Shook [US]	Sarah Burnside [CA]	L	9	4
Dregan Shook [US]	Wilfred Worland [US]	W	12	5
Dregan Shook [US]	Alexander Phillips [US]	T	13	6
Dregan Shook [US]	Toby Eyre [US]	W	16	7
Dregan Shook [US]	Austin Daniels [US]	W	19	8
Dregan Shook [US]	Kenny Hernandez [US]	T	20	9
Dregan Shook [US]	Vincent D'Arcy [US]	L	20	10
Dregan Shook [US]	Jonathan Twigg [US]	L	20	11
Dregan Shook [US]	June Norber [US]	W	23	12
Dregan Shook [US]	Morgan Purdy [US]	L	23	13
Dregan Shook [US]	Nicholas Moses [US]	L	23	14
Dregan Shook [US]	Dalen Dockery [US]	L	23	15
**VIP31 Joseph Sumner [US]	anthony grasso [US]	T	1	1
**VIP31 Joseph Sumner [US]	Luke Levy [US]	W	4	2
**VIP31 Joseph Sumner [US]	Paul Margold [CA]	L	4	3
**VIP31 Joseph Sumner [US]	Nathan Spencer [US]	T	5	4
**VIP31 Joseph Sumner [US]	Brian Tabares-Navia [US]	W	8	5
**VIP31 Joseph Sumner [US]	Christopher Carrier [US]	W	11	6
**VIP31 Joseph Sumner [US]	Dominick Paul [US]	W	14	7
**VIP31 Joseph Sumner [US]	Jonathan Herrera [US]	W	17	8
**VIP31 Joseph Sumner [US]	Michele Lesage [CA]	W	20	9
**VIP31 Joseph Sumner [US]	Vance Kelley [US]	T	21	10
**VIP31 Joseph Sumner [US]	McKinley Freeman [US]	T	22	11
**VIP31 Joseph Sumner [US]	Gabriel Smart [US]	L	22	12
**VIP31 Joseph Sumner [US]	Andrew Ryals [US]	L	22	13
**VIP31 Joseph Sumner [US]	Eddie North [US]	L	22	14
**VIP31 Joseph Sumner [US]	Dang Pho [US]	T	23	15
Omar Ben-Gacem [UK]	Tanner Bilbrey [US]	W	3	1
Omar Ben-Gacem [UK]	Nairobi Gammage [US]	W	6	2
Omar Ben-Gacem [UK]	Christian LaBella [CA]	L	6	3
Omar Ben-Gacem [UK]	Jeffrey Criss [US]	W	9	4
Omar Ben-Gacem [UK]	Corey Lilly [US]	W	12	5
Omar Ben-Gacem [UK]	Robert Burley [US]	W	15	6
Omar Ben-Gacem [UK]	Luke Smith [US]	W	18	7
Omar Ben-Gacem [UK]	Dan Hugar [US]	T	19	8
Omar Ben-Gacem [UK]	Tyler Mathews [US]	L	19	9
Omar Ben-Gacem [UK]	Isaiah Cheville [US]	L	19	10
Omar Ben-Gacem [UK]	Patrick Scharff [US]	T	20	11
Omar Ben-Gacem [UK]	Miguel Arocho [US]	W	23	12
Omar Ben-Gacem [UK]	Kamil Colatosti [CA]	L	23	13
Omar Ben-Gacem [UK]	Teja Gummadi [US]	L	23	14
Omar Ben-Gacem [UK]	Iyla Sutherland [US]	L	23	15
Dang Pho [US]	Fred Singer IV [US]	W	3	1
Dang Pho [US]	Raulin Dick [US]	W	6	2
Dang Pho [US]	Ryan Antonucci [US]	W	9	3
Dang Pho [US]	Christopher Venier [CA]	W	12	4
Dang Pho [US]	Luke Morsa [US]	L	12	5
Dang Pho [US]	Corey Patterson [US]	W	15	6
Dang Pho [US]	Ryan Soety [US]	L	15	7
Dang Pho [US]	Jessica Love [US]	W	18	8
Dang Pho [US]	Victor Carrillo [US]	T	19	9
Dang Pho [US]	Ryan Soety [US]	T	20	10
Dang Pho [US]	Vincent Vuong [CA]	T	21	11
Dang Pho [US]	Dylan Gunn [US]	L	21	12
Dang Pho [US]	Aleaner Pabonnie [US]	L	21	13
Dang Pho [US]	Miguel Arocho [US]	T	22	14
Dang Pho [US]	**VIP31 Joseph Sumner [US]	T	23	15
Jake Abrams [US]	Adam Beavers [US]	W	3	1
Jake Abrams [US]	Daniel Leon [US]	W	6	2
Jake Abrams [US]	Kyle Cook [US]	W	9	3
Jake Abrams [US]	Alexander Phillips [US]	W	12	4
Jake Abrams [US]	Ryan Bownes [US]	T	13	5
Jake Abrams [US]	Joseph Figliano [US]	W	16	6
Jake Abrams [US]	Christian Cantelon [CA]	W	19	7
Jake Abrams [US]	Andrew Hedrick [US]	L	19	8
Jake Abrams [US]	Edwin Lopez [US]	L	19	9
Jake Abrams [US]	Calvin Connor [US]	L	19	10
Jake Abrams [US]	Andrew Dombroski [US]	T	20	11
Jake Abrams [US]	Joshua Sambrano [US]	L	20	12
Jake Abrams [US]	Nathan Bumbarger [US]	L	20	13
Jake Abrams [US]	Jack Bray [US]	L	20	14
Jake Abrams [US]	Miguel Arocho [US]	W	23	15
June Norber [US]	Austin Kuhn [US]	L	0	1
June Norber [US]	MATTHEW DIFIORE [US]	W	3	2
June Norber [US]	Bridget Curley [US]	W	6	3
June Norber [US]	Buddy Perry [US]	W	9	4
June Norber [US]	Anthony Romanello [US]	T	10	5
June Norber [US]	Joshua Curtin [US]	L	10	6
June Norber [US]	Christopher Regan [US]	W	13	7
June Norber [US]	Anthony Balko [US]	W	16	8
June Norber [US]	Mark Dizon [CA]	W	19	9
June Norber [US]	Miguel Arocho [US]	T	20	10
June Norber [US]	Prin Basser [US]	L	20	11
June Norber [US]	Dregan Shook [US]	L	20	12
June Norber [US]	Andrew Dombroski [US]	W	23	13
June Norber [US]	Peyton Bauermeister [US]	L	23	14
June Norber [US]	Cody Bruder [US]	L	23	15
Owen Johnson [CA]	luis diaz [US]	W	3	1
Owen Johnson [CA]	Jake Humphries [US]	W	6	2
Owen Johnson [CA]	Aaron Hunt [US]	L	6	3
Owen Johnson [CA]	Eric Straining [US]	W	9	4
Owen Johnson [CA]	Fred Singer IV [US]	L	9	5
Owen Johnson [CA]	Daniel Lammers [US]	W	12	6
Owen Johnson [CA]	Roger Ramjit [US]	W	15	7
Owen Johnson [CA]	siming qian [US]	W	18	8
Owen Johnson [CA]	Alexander Pineda [US]	W	21	9
Owen Johnson [CA]	Luke Smith [US]	T	22	10
Owen Johnson [CA]	Austin Daniels [US]	L	22	11
Owen Johnson [CA]	Harris Noor [US]	L	22	12
Owen Johnson [CA]	Sanjay Sundararajan [US]	L	22	13
Owen Johnson [CA]	Edwin Arrollo [US]	L	22	14
Owen Johnson [CA]	Cyrus Davis [CA]	L	22	15
Jack Bray [US]	Shawn Ovens [US]	L	0	1
Jack Bray [US]	Rafal Gladysz [US]	L	0	2
Jack Bray [US]	Daniel D'Angelo [US]	W	3	3
Jack Bray [US]	Zach Bachofner [US]	W	6	4
Jack Bray [US]	Carmen Condeluci [US]	W	9	5
Jack Bray [US]	Anthony Guevara [US]	W	12	6
Jack Bray [US]	Jacqueline Wallis [US]	W	15	7
Jack Bray [US]	Dustin Ashford [CA]	T	16	8
Jack Bray [US]	Preston Rutledge [US]	W	19	9
Jack Bray [US]	Zach Lesage [CA]	L	19	10
Jack Bray [US]	Caleb Gedemer [US]	L	19	11
Jack Bray [US]	Jonathan Valenzuela [US]	L	19	12
Jack Bray [US]	Mateo Thompson Soto [US]	L	19	13
Jack Bray [US]	Jake Abrams [US]	W	22	14
Jack Bray [US]	Matthew Hammond [US]	L	22	15
Victor Carrillo [US]	Sam Corder [US]	W	3	1
Victor Carrillo [US]	Albert Centeno [US]	W	6	2
Victor Carrillo [US]	Nicholas Moffitt [US]	L	6	3
Victor Carrillo [US]	evan fullaway [US]	W	9	4
Victor Carrillo [US]	Clifton Dalgard [US]	W	12	5
Victor Carrillo [US]	Carlos Artze [US]	W	15	6
Victor Carrillo [US]	Austin Ellis [CA]	W	18	7
Victor Carrillo [US]	Rahul Reddy [US]	L	18	8
Victor Carrillo [US]	Dang Pho [US]	T	19	9
Victor Carrillo [US]	Erin McCann [US]	L	19	10
Victor Carrillo [US]	Davin Erickson [US]	L	19	11
Victor Carrillo [US]	Joseph Horth [US]	W	22	12
Victor Carrillo [US]	Jeremy Gumila [US]	L	22	13
Victor Carrillo [US]	Andrew Weiss [US]	L	22	14
Victor Carrillo [US]	Elliot Sayles [US]	L	22	15
Andres Estrada [US]	Sava Radovic [US]	W	3	1
Andres Estrada [US]	Jared Colbert [US]	L	3	2
Andres Estrada [US]	Armaan Pahwa [US]	T	4	3
Andres Estrada [US]	Tony Vuong [US]	W	7	4
Andres Estrada [US]	Nik Barbero [US]	W	10	5
Andres Estrada [US]	**VIP26 Fred Neilan [US]	W	13	6
Andres Estrada [US]	Zoe Jacobsen [US]	W	16	7
Andres Estrada [US]	Tyler Mathews [US]	L	16	8
Andres Estrada [US]	Duncan Crowley [US]	W	19	9
Andres Estrada [US]	Chris Franco [US]	L	19	10
Andres Estrada [US]	Nicholas Moses [US]	L	19	11
Andres Estrada [US]	Iyla Sutherland [US]	L	19	12
Andres Estrada [US]	Maxim Korobov [US]	L	19	13
Andres Estrada [US]	BYE	W	22	14
Andres Estrada [US]	Brennon Conner [US]	L	22	15
Maxim Korobov [US]	Kayla Walker [US]	W	3	1
Maxim Korobov [US]	Andrew Wu [US]	L	3	2
Maxim Korobov [US]	James Smith [US]	W	6	3
Maxim Korobov [US]	Dominic Viola [US]	L	6	4
Maxim Korobov [US]	Josh Maurer [US]	T	7	5
Maxim Korobov [US]	Charles Snyder III [US]	W	10	6
Maxim Korobov [US]	Chris Siakala [US]	W	13	7
Maxim Korobov [US]	Dominick Ciampi [US]	W	16	8
Maxim Korobov [US]	Anthony Romanello [US]	W	19	9
Maxim Korobov [US]	Keaton Gill [US]	L	19	10
Maxim Korobov [US]	Giancarlo Bortolon [CA]	L	19	11
Maxim Korobov [US]	Ralts Musser [US]	L	19	12
Maxim Korobov [US]	Andres Estrada [US]	W	22	13
Maxim Korobov [US]	Patrick Scharff [US]	L	22	14
Mateo Thompson Soto [US]	Michael Chen [US]	L	0	1
Mateo Thompson Soto [US]	Collin Ray [US]	W	3	2
Mateo Thompson Soto [US]	Dominick Caparotti [US]	T	4	3
Mateo Thompson Soto [US]	Nikita Matyukov [US]	W	7	4
Mateo Thompson Soto [US]	Nathaniel Lamar [US]	W	10	5
Mateo Thompson Soto [US]	Tyler Herrmann [US]	W	13	6
Mateo Thompson Soto [US]	Nicholas Moses [US]	W	16	7
Mateo Thompson Soto [US]	Alexander Phillips [US]	L	16	8
Mateo Thompson Soto [US]	Carl Caldwell [US]	W	19	9
Mateo Thompson Soto [US]	Tyler Perry [US]	L	19	10
Mateo Thompson Soto [US]	Harrison Zipp [US]	L	19	11
Mateo Thompson Soto [US]	Jeremy Gumila [US]	L	19	12
Mateo Thompson Soto [US]	Jack Bray [US]	W	22	13
Mateo Thompson Soto [US]	Ryan Miller [US]	L	22	14
Scott Cottrell [US]	ulises perez [US]	W	3	1
Scott Cottrell [US]	Kyle Baxter [US]	W	6	2
Scott Cottrell [US]	Chi Chi Huang [US]	W	9	3
Scott Cottrell [US]	Krystal Florendo [CA]	L	9	4
Scott Cottrell [US]	Ming Weng [US]	T	10	5
Scott Cottrell [US]	**VIP16 Oziel Cuellar [US]	W	13	6
Scott Cottrell [US]	Bryce Branch [US]	W	16	7
Scott Cottrell [US]	Kyle Lesniewicz [US]	W	19	8
Scott Cottrell [US]	Chris Franco [US]	W	22	9
Scott Cottrell [US]	Ryan Bownes [US]	L	22	10
Scott Cottrell [US]	Grant Manley [US]	L	22	11
Scott Cottrell [US]	Erin McCann [US]	L	22	12
Scott Cottrell [US]	Brandon Dean [US]	L	22	13
Harrison Zipp [US]	Joseph Young [US]	W	3	1
Harrison Zipp [US]	Thomas Veazie [US]	W	6	2
Harrison Zipp [US]	Amanda Ploener [US]	W	9	3
Harrison Zipp [US]	George Burdine [US]	L	9	4
Harrison Zipp [US]	Jacob Gross [US]	W	12	5
Harrison Zipp [US]	Anthony Appelt [US]	W	15	6
Harrison Zipp [US]	Alexander Pineda [US]	W	18	7
Harrison Zipp [US]	Luke Morsa [US]	L	18	8
Harrison Zipp [US]	Brendan Cevasco [US]	T	19	9
Harrison Zipp [US]	Gabe Shumway [US]	L	19	10
Harrison Zipp [US]	Mateo Thompson Soto [US]	W	22	11
Harrison Zipp [US]	Benjamin Howard [US]	L	22	12
Michael Zheng [US]	Michael Lacek [US]	W	3	1
Michael Zheng [US]	Matt Bubp [US]	W	6	2
Michael Zheng [US]	Liam Conant [US]	L	6	3
Michael Zheng [US]	Julia Butenhoff [US]	L	6	4
Michael Zheng [US]	James Smith [US]	W	9	5
Michael Zheng [US]	Alex Raymond [US]	W	12	6
Michael Zheng [US]	Matthew Reed [US]	W	15	7
Michael Zheng [US]	Michael Catron [US]	W	18	8
Michael Zheng [US]	Ryan Soety [US]	T	19	9
Michael Zheng [US]	Davin Erickson [US]	W	22	10
Michael Zheng [US]	Haru Nishikawa [JP]	L	22	11
Michael Zheng [US]	Caleb Gedemer [US]	L	22	12
Miguel Arocho [US]	James Thiel [US]	W	3	1
Miguel Arocho [US]	Kenny Hernandez [US]	L	3	2
Miguel Arocho [US]	Paul DeJesus [US]	W	6	3
Miguel Arocho [US]	Ethan Singleman [US]	W	9	4
Miguel Arocho [US]	Brendan Cevasco [US]	L	9	5
Miguel Arocho [US]	Anthony Finney [US]	W	12	6
Miguel Arocho [US]	Alex Espinosa [US]	W	15	7
Miguel Arocho [US]	Connor Chiappetta [US]	W	18	8
Miguel Arocho [US]	Jon Eng [US]	T	19	9
Miguel Arocho [US]	June Norber [US]	T	20	10
Miguel Arocho [US]	Morgan Purdy [US]	L	20	11
Miguel Arocho [US]	Omar Ben-Gacem [UK]	L	20	12
Miguel Arocho [US]	Ryan Tongue [US]	L	20	13
Miguel Arocho [US]	Dang Pho [US]	T	21	14
Miguel Arocho [US]	Jake Abrams [US]	L	21	15
Nhan Le [US]	Val McFarland [US]	W	3	1
Nhan Le [US]	Cody Torres [US]	W	6	2
Nhan Le [US]	Ryan Savino [US]	W	9	3
Nhan Le [US]	Andrew Estrada [CA]	W	12	4
Nhan Le [US]	Colton Ames [US]	T	13	5
Nhan Le [US]	Dalen Dockery [US]	W	16	6
Nhan Le [US]	Elliott Chereches [CA]	W	19	7
Nhan Le [US]	Vance Kelley [US]	T	20	8
Nhan Le [US]	Ryan Harris [US]	T	21	9
Nhan Le [US]	Alex Schemanske [US]	L	21	10
Andrew Dombroski [US]	Levi Burke [US]	W	3	1
Andrew Dombroski [US]	Yong-Kyoo Hong [CA]	W	6	2
Andrew Dombroski [US]	Nathan Forte [US]	T	7	3
Andrew Dombroski [US]	Jonathan Zazinski [US]	L	7	4
Andrew Dombroski [US]	Alexane Bellemare [CA]	W	10	5
Andrew Dombroski [US]	Jack Rooney [US]	W	13	6
Andrew Dombroski [US]	Kian Siadat [US]	W	16	7
Andrew Dombroski [US]	Daniel Lopez [US]	W	19	8
Andrew Dombroski [US]	Rowan Stavenow [CA]	L	19	9
Andrew Dombroski [US]	Abaan Ahmed [US]	L	19	10
Andrew Dombroski [US]	Jake Abrams [US]	T	20	11
Andrew Dombroski [US]	Christian Cantelon [CA]	L	20	12
Andrew Dombroski [US]	June Norber [US]	L	20	13
Joseph Horth [US]	MATTHEW DIFIORE [US]	W	3	1
Joseph Horth [US]	Damian Schell [US]	W	6	2
Joseph Horth [US]	Tyler Ralston [US]	W	9	3
Joseph Horth [US]	Ross Cawthon [US]	W	12	4
Joseph Horth [US]	DJ Alleyne [US]	W	15	5
Joseph Horth [US]	Nikolas Christodoulou [US]	T	16	6
Joseph Horth [US]	George Burdine [US]	W	19	7
Joseph Horth [US]	Andrew Wu [US]	L	19	8
Joseph Horth [US]	Michael Chen [US]	L	19	9
Joseph Horth [US]	Daniel Altavilla [US]	L	19	10
Joseph Horth [US]	Mitchell Roberge [US]	L	19	11
Joseph Horth [US]	Victor Carrillo [US]	L	19	12
Joseph Horth [US]	Eddie North [US]	L	19	13
Sammy Allen [US]	andrew amistad [CA]	W	3	1
Sammy Allen [US]	Landen Kaetler [CA]	L	3	2
Sammy Allen [US]	Theodore Guistwite [US]	W	6	3
Sammy Allen [US]	Dillon Ryan [US]	W	9	4
Sammy Allen [US]	Nicholas Linenbroker [US]	W	12	5
Sammy Allen [US]	Julian Gort-Barry [CA]	L	12	6
Sammy Allen [US]	Luke Talkington [US]	W	15	7
Sammy Allen [US]	Kris Kavanagh [US]	W	18	8
Sammy Allen [US]	Charlie Kerr [US]	T	19	9
Sammy Allen [US]	Jake Riggs [US]	L	19	10
Sammy Allen [US]	Corey Patterson [US]	L	19	11
Sammy Allen [US]	Aden Cunningham [US]	L	19	12
Sammy Allen [US]	Dakota Davey [US]	L	19	13
Zoe Jacobsen [US]	Charlie Kerr [US]	L	0	1
Zoe Jacobsen [US]	Dylan Parris [US]	W	3	2
Zoe Jacobsen [US]	Gabriel Rosa [US]	W	6	3
Zoe Jacobsen [US]	Logan Forsythe [US]	W	9	4
Zoe Jacobsen [US]	Kyle Mamounis [US]	W	12	5
Zoe Jacobsen [US]	Alexander Hamilton [US]	T	13	6
Zoe Jacobsen [US]	Andres Estrada [US]	L	13	7
Zoe Jacobsen [US]	Osvaldo Murillo [US]	W	16	8
Zoe Jacobsen [US]	Lorenzo Menendez [CA]	W	19	9
Zoe Jacobsen [US]	Gilberto Acosta [US]	L	19	10
Zoe Jacobsen [US]	**VIP22 Jose Marzan [US]	L	19	11
Charlie Kerr [US]	Zoe Jacobsen [US]	W	3	1
Charlie Kerr [US]	Matthew Hensley [US]	W	6	2
Charlie Kerr [US]	Rosh Patel [US]	W	9	3
Charlie Kerr [US]	Jesse Parker [US]	L	9	4
Charlie Kerr [US]	Chazz Castaneda [US]	W	12	5
Charlie Kerr [US]	Dan Hugar [US]	L	12	6
Charlie Kerr [US]	Kenny Ngo [US]	W	15	7
Charlie Kerr [US]	Vaughn O'Brien [US]	W	18	8
Charlie Kerr [US]	Sammy Allen [US]	T	19	9
Charlie Kerr [US]	Dalen Dockery [US]	L	19	10
Charlie Kerr [US]	Michele Schiraldi [CA]	L	19	11
Jeffrey Chau [CA]	Joseph Nawal [US]	W	3	1
Jeffrey Chau [CA]	Aaron Santos [US]	T	4	2
Jeffrey Chau [CA]	Yehoshua Tate [US]	W	7	3
Jeffrey Chau [CA]	Ayana May [US]	L	7	4
Jeffrey Chau [CA]	Dario Marchetta [CA]	W	10	5
Jeffrey Chau [CA]	Sam Chen [US]	W	13	6
Jeffrey Chau [CA]	Brandon Dean [US]	W	16	7
Jeffrey Chau [CA]	Gilberto Acosta [US]	W	19	8
Jeffrey Chau [CA]	Kamil Colatosti [CA]	L	19	9
Jeffrey Chau [CA]	Benjamin Howard [US]	L	19	10
Jeffrey Chau [CA]	Harris Noor [US]	L	19	11
Jack Fedrow [US]	Trenton Staley [US]	W	3	1
Jack Fedrow [US]	Stephen McGaffney [US]	W	6	2
Jack Fedrow [US]	Cobi Kawasaki [US]	W	9	3
Jack Fedrow [US]	JW Kriewall [US]	W	12	4
Jack Fedrow [US]	Michael Chen [US]	L	12	5
Jack Fedrow [US]	Damon Price [US]	W	15	6
Jack Fedrow [US]	Michael Diaz [US]	L	15	7
Jack Fedrow [US]	Cody Graham [US]	L	15	8
Jack Fedrow [US]	Simon Luong [CA]	W	18	9
Alexander Pineda [US]	Landon Riffle [US]	W	3	1
Alexander Pineda [US]	Ryan Gonzalez [US]	W	6	2
Alexander Pineda [US]	Jake Gearhart [US]	W	9	3
Alexander Pineda [US]	Manuel Perez [US]	W	12	4
Alexander Pineda [US]	Luke Smith [US]	W	15	5
Alexander Pineda [US]	Michael Chen [US]	L	15	6
Alexander Pineda [US]	Harrison Zipp [US]	L	15	7
Alexander Pineda [US]	Sujith Nalabolu [US]	W	18	8
Alexander Pineda [US]	Owen Johnson [CA]	L	18	9
Dominic Viola [US]	Joseph Perez [US]	W	3	1
Dominic Viola [US]	Nikolas Christodoulou [US]	L	3	2
Dominic Viola [US]	Matthew Molloy [US]	W	6	3
Dominic Viola [US]	Maxim Korobov [US]	W	9	4
Dominic Viola [US]	Brandon May [US]	W	12	5
Dominic Viola [US]	Caleb Gedemer [US]	W	15	6
Dominic Viola [US]	Andrew Estrada [CA]	L	15	7
Dominic Viola [US]	Benjamin McEachen [US]	L	15	8
Dominic Viola [US]	Hezekiah Rich [US]	W	18	9
Kevin Cruz [US]	Morgan Abreu [US]	W	3	1
Kevin Cruz [US]	Kraig Krueger [US]	W	6	2
Kevin Cruz [US]	Matthew Nixon [US]	T	7	3
Kevin Cruz [US]	Zach Cohen [US]	W	10	4
Kevin Cruz [US]	Dustin Ashford [CA]	T	11	5
Kevin Cruz [US]	Ramon Morales [US]	W	14	6
Kevin Cruz [US]	Midori Kawaue [US]	T	15	7
Kevin Cruz [US]	Abaan Ahmed [US]	L	15	8
Kevin Cruz [US]	Raymond Vega [US]	W	18	9
Ross Cawthon [US]	cesar gastelbondo [CO]	W	3	1
Ross Cawthon [US]	Chad Hewitt [US]	W	6	2
Ross Cawthon [US]	Dan Hugar [US]	W	9	3
Ross Cawthon [US]	Joseph Horth [US]	L	9	4
Ross Cawthon [US]	Jack Wong [CA]	W	12	5
Ross Cawthon [US]	Braiden Elfert [US]	L	12	6
Ross Cawthon [US]	Michael Battaglia [CA]	W	15	7
Ross Cawthon [US]	Zachery Wolf [US]	W	18	8
Ross Cawthon [US]	Grant Manley [US]	L	18	9
Seth Savage [US]	Michael Lade [US]	W	3	1
Seth Savage [US]	Nicholas Avarello [US]	W	6	2
Seth Savage [US]	Nathan Ritchie [CA]	W	9	3
Seth Savage [US]	Evan Brzeczkowski [US]	W	12	4
Seth Savage [US]	Ivan Chan [US]	L	12	5
Seth Savage [US]	Elliot Sayles [US]	L	12	6
Seth Savage [US]	Jordan Lipner [US]	L	12	7
Seth Savage [US]	Kenny Ngo [US]	W	15	8
Seth Savage [US]	joseph halcomb [US]	W	18	9
Jashua Robles [US]	Katlyn Custer [US]	W	3	1
Jashua Robles [US]	Jordan Markle [US]	W	6	2
Jashua Robles [US]	Rico Schugmann [US]	W	9	3
Jashua Robles [US]	Wyatt Palguta [US]	T	10	4
Jashua Robles [US]	Jared Wilson [US]	T	11	5
Jashua Robles [US]	Trevor Passmore [US]	T	12	6
Jashua Robles [US]	Jacob Stillwell [US]	W	15	7
Jashua Robles [US]	Daniel Zhou [CA]	W	18	8
Jashua Robles [US]	Grayson Lang [US]	L	18	9
Jalen Jones [US]	Jonathan Ramirez [US]	L	0	1
Jalen Jones [US]	Michael Lade [US]	W	3	2
Jalen Jones [US]	Jeremy Sussman [US]	W	6	3
Jalen Jones [US]	Tom Day [CA]	W	9	4
Jalen Jones [US]	Calvin Yau [US]	W	12	5
Jalen Jones [US]	Jacky Su [CA]	L	12	6
Jalen Jones [US]	Stephen Eshghy [US]	W	15	7
Jalen Jones [US]	Sean Munn [US]	W	18	8
Jalen Jones [US]	Zeryx Schaefer [US]	L	18	9
Martin Solis [US]	Chris Wilkinson [US]	W	3	1
Martin Solis [US]	Michael Natto [US]	W	6	2
Martin Solis [US]	Nathan Bumbarger [US]	L	6	3
Martin Solis [US]	Nicholas Linenbroker [US]	L	6	4
Martin Solis [US]	Kelsey Stapler [US]	W	9	5
Martin Solis [US]	Marco Profenno [US]	W	12	6
Martin Solis [US]	Will Schoeffler [US]	W	15	7
Martin Solis [US]	Jordan Lipner [US]	W	18	8
Martin Solis [US]	Darin O'Meara [US]	L	18	9
jesse spencer [US]	Jordan Lipner [US]	W	3	1
jesse spencer [US]	Zach Bowers [US]	W	6	2
jesse spencer [US]	Nathan Trybus [US]	W	9	3
jesse spencer [US]	Brian Ortiz [US]	W	12	4
jesse spencer [US]	Andrew Hedrick [US]	L	12	5
jesse spencer [US]	Mike Newey [US]	L	12	6
jesse spencer [US]	Joe Turrentine [US]	W	15	7
jesse spencer [US]	Harris Noor [US]	L	15	8
jesse spencer [US]	Dan Irish [US]	W	18	9
Andres David Torres [CO]	joshua daily [US]	W	3	1
Andres David Torres [CO]	Nathan Flanders [CA]	W	6	2
Andres David Torres [CO]	Josh Litvinoff [US]	W	9	3
Andres David Torres [CO]	Sanjay Sundararajan [US]	T	10	4
Andres David Torres [CO]	Conner Truitt [US]	L	10	5
Andres David Torres [CO]	Alex Rubin [US]	W	13	6
Andres David Torres [CO]	Adam Gherbi [US]	T	14	7
Andres David Torres [CO]	Greg Minklei [US]	T	15	8
Andres David Torres [CO]	Bradley Erickson [US]	W	18	9
Aidan Khus [US]	Ryan Silva [US]	W	3	1
Aidan Khus [US]	Connor McNamara [US]	W	6	2
Aidan Khus [US]	Colton Ames [US]	L	6	3
Aidan Khus [US]	Konstantinos Kousidis [US]	W	9	4
Aidan Khus [US]	Blake Reagan [US]	W	12	5
Aidan Khus [US]	Haoyan Kang [US]	W	15	6
Aidan Khus [US]	Evan Brzeczkowski [US]	W	18	7
Aidan Khus [US]	Mike Newey [US]	L	18	8
Aidan Khus [US]	Luke Smith [US]	L	18	9
Jared Grimes [US]	Ryan Prusak [US]	L	0	1
Jared Grimes [US]	Shawn Chauvin [CA]	W	3	2
Jared Grimes [US]	Kevin Baxter [US]	W	6	3
Jared Grimes [US]	**VIP17 Ricardo Escobar [US]	W	9	4
Jared Grimes [US]	Kyle Caruthers [US]	W	12	5
Jared Grimes [US]	Austin Ellis [CA]	L	12	6
Jared Grimes [US]	Victor Aung [US]	W	15	7
Jared Grimes [US]	Grant Manley [US]	L	15	8
Jared Grimes [US]	Peyton Zelenak [US]	W	18	9
Luke Paul [US]	Thad Weyand [US]	W	3	1
Luke Paul [US]	Steve Zhang [US]	W	6	2
Luke Paul [US]	Natalie Miller [US]	W	9	3
Luke Paul [US]	Nikolas Carson [CA]	T	10	4
Luke Paul [US]	jean pierre fortin [US]	W	13	5
Luke Paul [US]	Will Jenkins [US]	T	14	6
Luke Paul [US]	Noah Hanerland [US]	L	14	7
Luke Paul [US]	Ming Weng [US]	T	15	8
Luke Paul [US]	Ryan Prusak [US]	W	18	9
Corey Lilly [US]	Jonathan Carlin [US]	W	3	1
Corey Lilly [US]	Kris Kavanagh [US]	W	6	2
Corey Lilly [US]	Krystal Florendo [CA]	L	6	3
Corey Lilly [US]	Josh Litvinoff [US]	W	9	4
Corey Lilly [US]	Omar Ben-Gacem [UK]	L	9	5
Corey Lilly [US]	Joe Ferrari [CA]	W	12	6
Corey Lilly [US]	Michael Catron [US]	L	12	7
Corey Lilly [US]	Haoyan Kang [US]	W	15	8
Corey Lilly [US]	Zachery Wolf [US]	W	18	9
Jessica Love [US]	Victor Ghibu [CA]	W	3	1
Jessica Love [US]	Chad Kray [US]	W	6	2
Jessica Love [US]	Leandro Cortez [US]	W	9	3
Jessica Love [US]	Zeryx Schaefer [US]	L	9	4
Jessica Love [US]	Adam Reinhardt [US]	L	9	5
Jessica Love [US]	Adam Schiewe [US]	W	12	6
Jessica Love [US]	Ryan Graywacz [US]	W	15	7
Jessica Love [US]	Dang Pho [US]	L	15	8
Jessica Love [US]	Frank Hunter [US]	W	18	9
Jonathan Bergman [US]	Juan Mora [US]	W	3	1
Jonathan Bergman [US]	Erick Mauricio [US]	W	6	2
Jonathan Bergman [US]	Landen Kaetler [CA]	T	7	3
Jonathan Bergman [US]	Greg Minklei [US]	L	7	4
Jonathan Bergman [US]	Jake Keebler [US]	W	10	5
Jonathan Bergman [US]	Regis Bellemare [CA]	T	11	6
Jonathan Bergman [US]	Scott Knell [UK]	W	14	7
Jonathan Bergman [US]	Emmi Stonier [US]	W	17	8
Jonathan Bergman [US]	Corey Blankenship [US]	T	18	9
Peter Kica [US]	jean pierre fortin [US]	T	1	1
Peter Kica [US]	Sebastian Lashmet [US]	T	2	2
Peter Kica [US]	Evan Bennett [US]	W	5	3
Peter Kica [US]	Charles Ligato [US]	W	8	4
Peter Kica [US]	Aryn Fitzpatrick [US]	W	11	5
Peter Kica [US]	Liam Halliburton [US]	W	14	6
Peter Kica [US]	Dustin Ashford [CA]	W	17	7
Peter Kica [US]	Ralts Musser [US]	T	18	8
Peter Kica [US]	Jacky Su [CA]	L	18	9
bryan okrey [US]	Jason Beers [US]	W	3	1
bryan okrey [US]	Zachary Hopper [US]	W	6	2
bryan okrey [US]	Walker Halliburton [US]	W	9	3
bryan okrey [US]	Jacob Stock [US]	L	9	4
bryan okrey [US]	BILLY CHAN [CA]	W	12	5
bryan okrey [US]	Darin O'Meara [US]	L	12	6
bryan okrey [US]	Ciaran Farah [CA]	L	12	7
bryan okrey [US]	Grant Shen [US]	W	15	8
bryan okrey [US]	Cyrus McCane [US]	W	18	9
Myles Holtsclaw [US]	Matthew Hall [US]	W	3	1
Myles Holtsclaw [US]	Tyler Holland [US]	W	6	2
Myles Holtsclaw [US]	Dillon Ryan [US]	W	9	3
Myles Holtsclaw [US]	Ryan Prusak [US]	W	12	4
Myles Holtsclaw [US]	Lucas Xing [CA]	L	12	5
Myles Holtsclaw [US]	DJ Alleyne [US]	W	15	6
Myles Holtsclaw [US]	Nathan Bumbarger [US]	L	15	7
Myles Holtsclaw [US]	BILLY CHAN [CA]	W	18	8
Myles Holtsclaw [US]	Brad Brown [US]	L	18	9
Evan Aronhalt [US]	Richard Freire [US]	L	0	1
Evan Aronhalt [US]	Benjamin Grove [US]	W	3	2
Evan Aronhalt [US]	Anthony Allmond [US]	W	6	3
Evan Aronhalt [US]	mason hein [US]	L	6	4
Evan Aronhalt [US]	Wojtek Gronek [CA]	W	9	5
Evan Aronhalt [US]	Evan Gregory [US]	W	12	6
Evan Aronhalt [US]	Brad Brown [US]	L	12	7
Evan Aronhalt [US]	Camden Southern [US]	W	15	8
Evan Aronhalt [US]	Ethan Bougneit [US]	W	18	9
Corey Blankenship [US]	Brandon House [US]	T	1	1
Corey Blankenship [US]	Juan Vazquez [US]	W	4	2
Corey Blankenship [US]	Mustafa Tobah [US]	L	4	3
Corey Blankenship [US]	Michael French [US]	W	7	4
Corey Blankenship [US]	Jeremie G. [US]	W	10	5
Corey Blankenship [US]	Michele Lesage [CA]	T	11	6
Corey Blankenship [US]	José Torres [US]	W	14	7
Corey Blankenship [US]	Austin Davis [US]	W	17	8
Corey Blankenship [US]	Jonathan Bergman [US]	T	18	9
Daniel Leon [US]	John-Peter Gero [US]	W	3	1
Daniel Leon [US]	Jake Abrams [US]	L	3	2
Daniel Leon [US]	Ethan Bougneit [US]	W	6	3
Daniel Leon [US]	Jonathan Zielenski [US]	W	9	4
Daniel Leon [US]	Rico Schugmann [US]	W	12	5
Daniel Leon [US]	Evan Brzeczkowski [US]	L	12	6
Daniel Leon [US]	Gabriel Smart [US]	L	12	7
Daniel Leon [US]	Will Schoeffler [US]	W	15	8
Daniel Leon [US]	Austin Davis [US]	W	18	9
Ramon Morales [US]	Ralph Manahan [CA]	T	1	1
Ramon Morales [US]	Stephen Whitledge [US]	T	2	2
Ramon Morales [US]	Dillon Johnson [US]	W	5	3
Ramon Morales [US]	Brock Robertson [US]	W	8	4
Ramon Morales [US]	William Paquette [US]	W	11	5
Ramon Morales [US]	Kevin Cruz [US]	L	11	6
Ramon Morales [US]	Bryan Ortiz [CA]	W	14	7
Ramon Morales [US]	Justin Doney [US]	T	15	8
Ramon Morales [US]	Heather Coleman [US]	W	18	9
Sebastian Francomartin [US]	Nicolas Roseamelia [US]	W	3	1
Sebastian Francomartin [US]	Brandon Dean [US]	L	3	2
Sebastian Francomartin [US]	Orin Porter [US]	W	6	3
Sebastian Francomartin [US]	Austin Faulk [US]	W	9	4
Sebastian Francomartin [US]	Collin Harris [US]	W	12	5
Sebastian Francomartin [US]	Ryan Prusak [US]	W	15	6
Sebastian Francomartin [US]	Elliot Sayles [US]	L	15	7
Sebastian Francomartin [US]	Wilson Rowland [US]	W	18	8
Sebastian Francomartin [US]	Haru Nishikawa [JP]	L	18	9
Tyler Ralston [US]	Mitchell O'Neill [US]	W	3	1
Tyler Ralston [US]	Ava Cruzan [US]	W	6	2
Tyler Ralston [US]	Joseph Horth [US]	L	6	3
Tyler Ralston [US]	Brandon Conrad [US]	W	9	4
Tyler Ralston [US]	Danny Chalet [US]	W	12	5
Tyler Ralston [US]	Benjamin Nackman [US]	L	12	6
Tyler Ralston [US]	Harris Noor [US]	L	12	7
Tyler Ralston [US]	Conor Devins [US]	W	15	8
Tyler Ralston [US]	Adrian Barrientos [US]	W	18	9
Akdiel Flores [US]	Cody Pedigo [US]	W	3	1
Akdiel Flores [US]	Thai Truong [US]	L	3	2
Akdiel Flores [US]	Vincent Ciampi [US]	W	6	3
Akdiel Flores [US]	Justin Norris [US]	L	6	4
Akdiel Flores [US]	Zachary Smart [US]	W	9	5
Akdiel Flores [US]	Dan Irish [US]	L	9	6
Akdiel Flores [US]	Evan Gregory [US]	W	12	7
Akdiel Flores [US]	Maxwell Bishop [US]	W	15	8
Akdiel Flores [US]	Stephen Eshghy [US]	W	18	9
Joe Dietrich [US]	Christian Cantelon [CA]	L	0	1
Joe Dietrich [US]	Andrew Emerson [US]	W	3	2
Joe Dietrich [US]	Odyssey Shanklin [US]	W	6	3
Joe Dietrich [US]	Ryan Ferry [US]	W	9	4
Joe Dietrich [US]	Aaron Hickok [US]	W	12	5
Joe Dietrich [US]	Liam Conant [US]	L	12	6
Joe Dietrich [US]	Aidan Ulian [CA]	W	15	7
Joe Dietrich [US]	Jose Medina [US]	L	15	8
Joe Dietrich [US]	Josh Rhea [US]	W	18	9
Jacob Stillwell [US]	Ryan Turner [US]	W	3	1
Jacob Stillwell [US]	Sackett Brehmer [US]	W	6	2
Jacob Stillwell [US]	Ralts Musser [US]	L	6	3
Jacob Stillwell [US]	Matthew Ratliff [US]	W	9	4
Jacob Stillwell [US]	Trenton Staley [US]	L	9	5
Jacob Stillwell [US]	Robert Bradley [US]	W	12	6
Jacob Stillwell [US]	Jashua Robles [US]	L	12	7
Jacob Stillwell [US]	Tristan Batman Macek [US]	W	15	8
Jacob Stillwell [US]	Luis Negron [US]	W	18	9
Jacqueline Wallis [US]	Patrick Rampton [US]	W	3	1
Jacqueline Wallis [US]	Christopher Venier [CA]	L	3	2
Jacqueline Wallis [US]	Corey Patterson [US]	L	3	3
Jacqueline Wallis [US]	Abery Ohayon [US]	W	6	4
Jacqueline Wallis [US]	Tristan Maier [US]	W	9	5
Jacqueline Wallis [US]	Matthew Molloy [US]	W	12	6
Jacqueline Wallis [US]	Jack Bray [US]	L	12	7
Jacqueline Wallis [US]	Jose Marrero [US]	W	15	8
Jacqueline Wallis [US]	Dustin Ashford [CA]	W	18	9
Bo Montanye [US]	Joseph Fragomeni [US]	L	0	1
Bo Montanye [US]	Jeny Villanueva [US]	L	0	2
Bo Montanye [US]	Shawn Chauvin [CA]	W	3	3
Bo Montanye [US]	Christian Villarosa [US]	W	6	4
Bo Montanye [US]	Caleb Sprague [US]	W	9	5
Bo Montanye [US]	Eric Aubertin [CA]	W	12	6
Bo Montanye [US]	Manuel Perez [US]	W	15	7
Bo Montanye [US]	Timothy Bennett [US]	W	18	8
Bo Montanye [US]	Isaiah Bradner [US]	L	18	9
Michael Marino [US]	Nicholas Moses [US]	W	3	1
Michael Marino [US]	Petar Luketina [US]	L	3	2
Michael Marino [US]	Aaron Tarbell [US]	L	3	3
Michael Marino [US]	Pedro Estrada [US]	W	6	4
Michael Marino [US]	Adam Emerson [US]	W	9	5
Michael Marino [US]	Jared Burgon [US]	L	9	6
Michael Marino [US]	Jacob Boris [US]	W	12	7
Michael Marino [US]	Blake Reagan [US]	W	15	8
Michael Marino [US]	Vaughn O'Brien [US]	W	18	9
Marco Profenno [US]	Thomas Brophy [US]	W	3	1
Marco Profenno [US]	Leopoldo Narciso [US]	W	6	2
Marco Profenno [US]	Ryan Prusak [US]	L	6	3
Marco Profenno [US]	Michael Natto [US]	W	9	4
Marco Profenno [US]	Kyle Lesniewicz [US]	L	9	5
Marco Profenno [US]	Martin Solis [US]	L	9	6
Marco Profenno [US]	Brandon May [US]	W	12	7
Marco Profenno [US]	Harry Rachel [US]	W	15	8
Marco Profenno [US]	Trenton Staley [US]	W	18	9
Jared Burgon [US]	Kevin Walunas [US]	W	3	1
Jared Burgon [US]	Alex Hamilton [US]	L	3	2
Jared Burgon [US]	Nick Alvarez [US]	W	6	3
Jared Burgon [US]	Kelsey Stapler [US]	W	9	4
Jared Burgon [US]	Aren Ashlock [US]	L	9	5
Jared Burgon [US]	Michael Marino [US]	W	12	6
Jared Burgon [US]	Joe Rowe [US]	L	12	7
Jared Burgon [US]	Axel Alvarez [US]	W	15	8
Jared Burgon [US]	siming qian [US]	W	18	9
John Munoz [US]	Tony Hoang [US]	W	3	1
John Munoz [US]	Benjamin McEachen [US]	L	3	2
John Munoz [US]	Grayson Jones [US]	L	3	3
John Munoz [US]	Connor Woolf [US]	W	6	4
John Munoz [US]	Aidan Ulian [CA]	L	6	5
John Munoz [US]	Hasan Kunukcu [US]	W	9	6
John Munoz [US]	Joe Browning [US]	W	12	7
John Munoz [US]	William Paquette [US]	W	15	8
John Munoz [US]	Carlos Artze [US]	W	18	9
Anthony Bulone [US]	Orin Porter [US]	W	3	1
Anthony Bulone [US]	Michael Zele [US]	T	4	2
Anthony Bulone [US]	Andreya Dunks [US]	T	5	3
Anthony Bulone [US]	Isaiah Marks [US]	T	6	4
Anthony Bulone [US]	Ava Cruzan [US]	W	9	5
Anthony Bulone [US]	Harrison Leven [US]	W	12	6
Anthony Bulone [US]	Eddie North [US]	L	12	7
Anthony Bulone [US]	Clifton Dalgard [US]	W	15	8
Anthony Bulone [US]	Danny Barger [US]	W	18	9
Justin Doney [US]	Zach Bachofner [US]	W	3	1
Justin Doney [US]	James DiMaggio [US]	W	6	2
Justin Doney [US]	**VIP23 Link Maynard [US]	T	7	3
Justin Doney [US]	Justin Kulas [US]	W	10	4
Justin Doney [US]	Midori Kawaue [US]	L	10	5
Justin Doney [US]	Mikey Kalb [US]	T	11	6
Justin Doney [US]	Alexander Rodriguez [US]	W	14	7
Justin Doney [US]	Ramon Morales [US]	T	15	8
Justin Doney [US]	Christian LaBella [CA]	W	18	9
Braiden Elfert [US]	Harley Palmer [US]	W	3	1
Braiden Elfert [US]	Anthony DiMascio [US]	W	6	2
Braiden Elfert [US]	Brian Ortiz [US]	L	6	3
Braiden Elfert [US]	Erick Mauricio [US]	W	9	4
Braiden Elfert [US]	Paul D'Amico [US]	W	12	5
Braiden Elfert [US]	Ross Cawthon [US]	W	15	6
Braiden Elfert [US]	HECTOR IBARRA [US]	W	18	7
Braiden Elfert [US]	Ben Dobberstein [US]	L	18	8
Braiden Elfert [US]	Austin Ellis [CA]	L	18	9
Daniel Rao [CA]	Ricardo Quintanilla [US]	W	3	1
Daniel Rao [CA]	SETH RAMOS [US]	L	3	2
Daniel Rao [CA]	Logan Stumbo [US]	W	6	3
Daniel Rao [CA]	Joseph Perez [US]	W	9	4
Daniel Rao [CA]	Kevin Hardy [US]	W	12	5
Daniel Rao [CA]	Adam Reinhardt [US]	L	12	6
Daniel Rao [CA]	Haoyan Kang [US]	W	15	7
Daniel Rao [CA]	Luis Negron [US]	W	18	8
Daniel Rao [CA]	Alex Schemanske [US]	L	18	9
Bryan Kennedy [US]	Pierce Langley [US]	W	3	1
Bryan Kennedy [US]	Keegan Ives [US]	L	3	2
Bryan Kennedy [US]	Dylan Gunn [US]	L	3	3
Bryan Kennedy [US]	Abe Morales [US]	W	6	4
Bryan Kennedy [US]	Jiazuo Sun [US]	L	6	5
Bryan Kennedy [US]	Zachary Hopper [US]	W	9	6
Bryan Kennedy [US]	Ben Gateley [US]	W	12	7
Bryan Kennedy [US]	Corey Goss [US]	W	15	8
Bryan Kennedy [US]	Edward Valencia [US]	W	18	9
Ciaran Farah [CA]	Kevin Baxter [US]	L	0	1
Ciaran Farah [CA]	Amanda Gunkle [US]	W	3	2
Ciaran Farah [CA]	Rachel Conroy [US]	W	6	3
Ciaran Farah [CA]	Jack Rindal [US]	W	9	4
Ciaran Farah [CA]	Christopher Venier [CA]	L	9	5
Ciaran Farah [CA]	Alex Larson [US]	W	12	6
Ciaran Farah [CA]	bryan okrey [US]	W	15	7
Ciaran Farah [CA]	Carlos Artze [US]	W	18	8
Ciaran Farah [CA]	Colton Ames [US]	L	18	9
Alfredo Sepulveda [US]	Dennis Peroff [CA]	L	0	1
Alfredo Sepulveda [US]	Ryan Smith [US]	W	3	2
Alfredo Sepulveda [US]	Ryan Rafferty [US]	T	4	3
Alfredo Sepulveda [US]	Charles Martin [US]	T	5	4
Alfredo Sepulveda [US]	Jonathan Carlin [US]	W	8	5
Alfredo Sepulveda [US]	Daniel Kutinsky [US]	T	9	6
Alfredo Sepulveda [US]	Bryan Daly [US]	W	12	7
Alfredo Sepulveda [US]	Tecara Newton [CA]	W	15	8
Alfredo Sepulveda [US]	Sean Munn [US]	W	18	9
Jared Woitalla [US]	Tristan Maier [US]	L	0	1
Jared Woitalla [US]	Chris Mooney [US]	W	3	2
Jared Woitalla [US]	Nikolas Daily [US]	W	6	3
Jared Woitalla [US]	Chris Costa [US]	W	9	4
Jared Woitalla [US]	Luis Negron [US]	L	9	5
Jared Woitalla [US]	Tanner Johnson [US]	W	12	6
Jared Woitalla [US]	Ethan Bougneit [US]	W	15	7
Jared Woitalla [US]	Tristan Bennett [US]	L	15	8
Jared Woitalla [US]	Maxwell Douglass [US]	W	18	9
Jared Wilson [US]	James King [US]	T	1	1
Jared Wilson [US]	Brian Tabares-Navia [US]	W	4	2
Jared Wilson [US]	Anthony Murphy [US]	W	7	3
Jared Wilson [US]	Juan Contla [US]	W	10	4
Jared Wilson [US]	Jashua Robles [US]	T	11	5
Jared Wilson [US]	Robert Weidman [US]	T	12	6
Jared Wilson [US]	Wilson Rowland [US]	L	12	7
Jared Wilson [US]	Lily Morgan [US]	W	15	8
Jared Wilson [US]	Kris Kavanagh [US]	W	18	9
Ryne Morgan [US]	Daniel Sutch [US]	W	3	1
Ryne Morgan [US]	Anthony Scornavacca [US]	L	3	2
Ryne Morgan [US]	Mike Hines [US]	T	4	3
Ryne Morgan [US]	Jessica Blackwell [US]	T	5	4
Ryne Morgan [US]	Travis Rowley [US]	T	6	5
Ryne Morgan [US]	Russell Dilley [US]	W	9	6
Ryne Morgan [US]	Steven Tokar [US]	W	12	7
Ryne Morgan [US]	Lauren Talley [US]	W	15	8
Ryne Morgan [US]	Aren Ashlock [US]	W	18	9
Gavin Zhou [CA]	clayton may [US]	T	1	1
Gavin Zhou [CA]	David Wilber Jr [US]	T	2	2
Gavin Zhou [CA]	Edgar Gomez [US]	L	2	3
Gavin Zhou [CA]	Jason Malyuk jr [US]	W	5	4
Gavin Zhou [CA]	John Martin [US]	W	8	5
Gavin Zhou [CA]	Kamal Crooks-Valdez [US]	W	11	6
Gavin Zhou [CA]	Justin Lambert [US]	W	14	7
Gavin Zhou [CA]	Ralph Manahan [CA]	T	15	8
Gavin Zhou [CA]	Toby Eyre [US]	W	18	9
Steve Zhang [US]	Alexander Reckley [US]	W	3	1
Steve Zhang [US]	Luke Paul [US]	L	3	2
Steve Zhang [US]	Carlos Lugo [US]	L	3	3
Steve Zhang [US]	Jon Hoyt [US]	W	6	4
Steve Zhang [US]	matthew seifstein [US]	W	9	5
Steve Zhang [US]	Rafal Gladysz [US]	W	12	6
Steve Zhang [US]	Shashi Naraine [CA]	L	12	7
Steve Zhang [US]	Jiazuo Sun [US]	W	15	8
Steve Zhang [US]	Seth Christopher [US]	W	18	9
Jay Cristiano [CA]	Holly Sturm [US]	W	3	1
Jay Cristiano [CA]	Bryce Branch [US]	L	3	2
Jay Cristiano [CA]	Mose Galdames-Henry [US]	W	6	3
Jay Cristiano [CA]	Kevin Hardy [US]	L	6	4
Jay Cristiano [CA]	Jarek Mead [US]	W	9	5
Jay Cristiano [CA]	Taylor Mitchell [US]	W	12	6
Jay Cristiano [CA]	Aren Ashlock [US]	L	12	7
Jay Cristiano [CA]	Trevor Passmore [US]	W	15	8
Jay Cristiano [CA]	Jordan Lipner [US]	W	18	9
Shinnosuke Komiya [US]	Josh Fuller [US]	W	3	1
Shinnosuke Komiya [US]	Nathan Trybus [US]	L	3	2
Shinnosuke Komiya [US]	Tyler Wyrostek [US]	T	4	3
Shinnosuke Komiya [US]	Brian Tabares-Navia [US]	T	5	4
Shinnosuke Komiya [US]	Andy Zhang [US]	W	8	5
Shinnosuke Komiya [US]	Brenden Littlefield [US]	W	11	6
Shinnosuke Komiya [US]	Angelo Mangosing [CA]	W	14	7
Shinnosuke Komiya [US]	Sebastian Lashmet [US]	W	17	8
Shinnosuke Komiya [US]	Jose Medina [US]	T	18	9
Cody Friend [US]	**VIP34 Dallas White [US]	L	0	1
Cody Friend [US]	Daniel Moore [US]	W	3	2
Cody Friend [US]	Allyssa Kephart [US]	W	6	3
Cody Friend [US]	Gage Linton [US]	L	6	4
Cody Friend [US]	Vaughn O'Brien [US]	L	6	5
Cody Friend [US]	Nicholas Vause [US]	W	9	6
Cody Friend [US]	Kevin Hardy [US]	W	12	7
Cody Friend [US]	Daniel Nelson [US]	W	15	8
Cody Friend [US]	Wilson Rowland [US]	W	18	9
Mike Fouchet [US]	Christian Chase [US]	L	0	1
Mike Fouchet [US]	Jason Fisher [US]	W	3	2
Mike Fouchet [US]	Matthew Hammond [US]	L	3	3
Mike Fouchet [US]	Justin Kim [CA]	L	3	4
Mike Fouchet [US]	Jake Bankert [US]	W	6	5
Mike Fouchet [US]	Tiger Hickman [US]	W	9	6
Mike Fouchet [US]	Brandon Salazar [US]	W	12	7
Mike Fouchet [US]	Michael Messina [US]	W	15	8
Mike Fouchet [US]	Michael Catron [US]	W	18	9
Brian Carroll [US]	Suren Sritharan [CA]	W	3	1
Brian Carroll [US]	Wyatt Ethier [US]	T	4	2
Brian Carroll [US]	Mikey Kalb [US]	L	4	3
Brian Carroll [US]	Michael Meal [CA]	T	5	4
Brian Carroll [US]	Sai Pamulapati [US]	W	8	5
Brian Carroll [US]	Jordan Wilson [US]	W	11	6
Brian Carroll [US]	Ryan Brais [US]	W	14	7
Brian Carroll [US]	Seth Christopher [US]	T	15	8
Brian Carroll [US]	Julian Gort-Barry [CA]	W	18	9
Connor Chiappetta [US]	John Mostowy [US]	L	0	1
Connor Chiappetta [US]	Timothy Russ [US]	W	3	2
Connor Chiappetta [US]	Cody Zimmerman [US]	L	3	3
Connor Chiappetta [US]	Pat Eshghy [US]	W	6	4
Connor Chiappetta [US]	Logan Stumbo [US]	W	9	5
Connor Chiappetta [US]	Sean Andrese [US]	W	12	6
Connor Chiappetta [US]	Jose Marrero [US]	W	15	7
Connor Chiappetta [US]	Miguel Arocho [US]	L	15	8
Connor Chiappetta [US]	Aaron Tarbell [US]	W	18	9
Joseph Jennings [US]	Alexander Edralin [US]	L	0	1
Joseph Jennings [US]	Jonathan Zielenski [US]	L	0	2
Joseph Jennings [US]	Nathan Zondlo [US]	W	3	3
Joseph Jennings [US]	**VIP15 Brandon Chang [US]	L	3	4
Joseph Jennings [US]	Zack Gross [US]	W	6	5
Joseph Jennings [US]	Steven Spotts [US]	W	9	6
Joseph Jennings [US]	Nichola Bauwelinck [BE]	W	12	7
Joseph Jennings [US]	Cody Pedigo [US]	W	15	8
Joseph Jennings [US]	Leandro Cortez [US]	W	18	9
Zach Goodwin [US]	German Herrera [US]	L	0	1
Zach Goodwin [US]	Logan Poindexter [US]	L	0	2
Zach Goodwin [US]	Christine Lynn [US]	W	3	3
Zach Goodwin [US]	Jeff Opp [US]	W	6	4
Zach Goodwin [US]	Richard Rogers [US]	L	6	5
Zach Goodwin [US]	Zachary Trybus [US]	W	9	6
Zach Goodwin [US]	Ryan Overcash [US]	W	12	7
Zach Goodwin [US]	Josh Litvinoff [US]	W	15	8
Zach Goodwin [US]	Ming Weng [US]	W	18	9
Chris Berrocal [US]	Anthony Nimmons [US]	L	0	1
Chris Berrocal [US]	Jaylen Jackson [US]	T	1	2
Chris Berrocal [US]	Tony Quach [US]	T	2	3
Chris Berrocal [US]	Mark Zamora [US]	W	5	4
Chris Berrocal [US]	Tanner Brown [US]	W	8	5
Chris Berrocal [US]	Jordan Markle [US]	W	11	6
Chris Berrocal [US]	Zach Lowman [US]	T	12	7
Chris Berrocal [US]	Marty Reyes [US]	W	15	8
Chris Berrocal [US]	Anthony Strange [US]	W	18	9
Bradley Lippert [US]	Joe Rowe [US]	W	3	1
Bradley Lippert [US]	Adam Caracciolo [US]	W	6	2
Bradley Lippert [US]	Vincent D'Arcy [US]	W	9	3
Bradley Lippert [US]	Jacob Howard [US]	T	10	4
Bradley Lippert [US]	Adam Gherbi [US]	W	13	5
Bradley Lippert [US]	Soumil Dusara [US]	W	16	6
Bradley Lippert [US]	Ralts Musser [US]	T	17	7
Bradley Lippert [US]	Chris Pagan [US]	L	17	8
Bradley Lippert [US]	Christian Cantelon [CA]	L	17	9
Nikolas Christodoulou [US]	Nik Barbero [US]	W	3	1
Nikolas Christodoulou [US]	Dominic Viola [US]	W	6	2
Nikolas Christodoulou [US]	Bryan Lyons [US]	W	9	3
Nikolas Christodoulou [US]	Gabe Shumway [US]	W	12	4
Nikolas Christodoulou [US]	Bryan McDaniel [US]	W	15	5
Nikolas Christodoulou [US]	Joseph Horth [US]	T	16	6
Nikolas Christodoulou [US]	Collin Merli-Matthews [US]	L	16	7
Nikolas Christodoulou [US]	Christian Cantelon [CA]	T	17	8
Nikolas Christodoulou [US]	Michael Davidson [US]	L	17	9
Nathan Forte [US]	Jake Riggs [US]	W	3	1
Nathan Forte [US]	Diane Schemanske [US]	W	6	2
Nathan Forte [US]	Andrew Dombroski [US]	T	7	3
Nathan Forte [US]	Evan Gregory [US]	T	8	4
Nathan Forte [US]	Alexander Byrd [US]	L	8	5
Nathan Forte [US]	Adam Kalamat [CA]	W	11	6
Nathan Forte [US]	Bryan Cresswell [CA]	L	11	7
Nathan Forte [US]	Ken Hwang [CA]	W	14	8
Nathan Forte [US]	Chris Knudsvig [US]	W	17	9
Jake Ewart [US]	Jeff Tingley [US]	W	3	1
Jake Ewart [US]	Jarrod Ellis [US]	T	4	2
Jake Ewart [US]	Ryan Sabelhaus [US]	W	7	3
Jake Ewart [US]	Justin Lambert [US]	T	8	4
Jake Ewart [US]	Aaron Santos [US]	L	8	5
Jake Ewart [US]	Mauricio Martinez [US]	W	11	6
Jake Ewart [US]	Josh Chevigny [US]	W	14	7
Jake Ewart [US]	Russell Monteiro [US]	W	17	8
Jake Ewart [US]	Michael Otero [US]	L	17	9
Bryan Ortiz [CA]	Benjamin Sallavanti [US]	W	3	1
Bryan Ortiz [CA]	Isaiah Cheville [US]	T	4	2
Bryan Ortiz [CA]	James Riggs [US]	W	7	3
Bryan Ortiz [CA]	Colton Meahl [US]	L	7	4
Bryan Ortiz [CA]	Joseph Feliciano Garcia [US]	W	10	5
Bryan Ortiz [CA]	Jeffrey Honea [US]	T	11	6
Bryan Ortiz [CA]	Ramon Morales [US]	L	11	7
Bryan Ortiz [CA]	Samuel Gijanto [US]	W	14	8
Bryan Ortiz [CA]	Kyle Lamp [US]	W	17	9
Adam Gherbi [US]	Dillon Barta [US]	W	3	1
Adam Gherbi [US]	Daniel Zhou [CA]	W	6	2
Adam Gherbi [US]	William Lee [US]	W	9	3
Adam Gherbi [US]	Elliott Chereches [CA]	T	10	4
Adam Gherbi [US]	Bradley Lippert [US]	L	10	5
Adam Gherbi [US]	Raul Santiago [US]	W	13	6
Adam Gherbi [US]	Andres David Torres [CO]	T	14	7
Adam Gherbi [US]	McKinley Freeman [US]	L	14	8
Adam Gherbi [US]	Ryan Pham [US]	W	17	9
Aaron Santos [US]	Zack Gross [US]	W	3	1
Aaron Santos [US]	Jeffrey Chau [CA]	T	4	2
Aaron Santos [US]	Nick Guzman [US]	T	5	3
Aaron Santos [US]	Tanner Brown [US]	W	8	4
Aaron Santos [US]	Jake Ewart [US]	W	11	5
Aaron Santos [US]	Rahul Reddy [US]	L	11	6
Aaron Santos [US]	Aaron Walker [US]	W	14	7
Aaron Santos [US]	Alec Geissler [US]	W	17	8
Aaron Santos [US]	Erich Francis [US]	L	17	9
chris bodden [US]	Douglas Cox [US]	W	3	1
chris bodden [US]	Brandon May [US]	W	6	2
chris bodden [US]	Nathan Potter [US]	T	7	3
chris bodden [US]	Sawyer Melban [US]	L	7	4
chris bodden [US]	Scott Knell [UK]	T	8	5
chris bodden [US]	Paul McCann [US]	W	11	6
chris bodden [US]	Ken Hwang [CA]	W	14	7
chris bodden [US]	Mikey Kalb [US]	W	17	8
chris bodden [US]	Ryan Sabelhaus [US]	L	17	9
Mikey Kalb [US]	Christian Beech [US]	W	3	1
Mikey Kalb [US]	**VIP28 Joshua Murray [US]	T	4	2
Mikey Kalb [US]	Brian Carroll [US]	W	7	3
Mikey Kalb [US]	Mario Vivas [CA]	L	7	4
Mikey Kalb [US]	Drew Wilson [US]	W	10	5
Mikey Kalb [US]	Justin Doney [US]	T	11	6
Mikey Kalb [US]	Christian Umipig [CA]	W	14	7
Mikey Kalb [US]	chris bodden [US]	L	14	8
Mikey Kalb [US]	Niko Sanville [US]	W	17	9
Jeremiah Schmutz [US]	William Paquette [US]	T	1	1
Jeremiah Schmutz [US]	Landon Pfeffer [US]	W	4	2
Jeremiah Schmutz [US]	Greg Kerien [US]	W	7	3
Jeremiah Schmutz [US]	Vance Kelley [US]	L	7	4
Jeremiah Schmutz [US]	Austin Myers [US]	W	10	5
Jeremiah Schmutz [US]	Tanner Drabek [US]	T	11	6
Jeremiah Schmutz [US]	Jarrod Ellis [US]	W	14	7
Jeremiah Schmutz [US]	Neel Patel [US]	W	17	8
Jeremiah Schmutz [US]	Brayden Karvelas [US]	L	17	9
Emmi Stonier [US]	Jake Dillon [US]	T	1	1
Emmi Stonier [US]	Sean Robison [US]	W	4	2
Emmi Stonier [US]	Elliot Muskat [US]	T	5	3
Emmi Stonier [US]	Scott Zelenak [US]	W	8	4
Emmi Stonier [US]	Addie Ward [US]	W	11	5
Emmi Stonier [US]	Justin Lambert [US]	W	14	6
Emmi Stonier [US]	Sanjay Sundararajan [US]	L	14	7
Emmi Stonier [US]	Jonathan Bergman [US]	L	14	8
Emmi Stonier [US]	Edwin Cohetero	W	17	9
Michele Lesage [CA]	Brendan Redinger [US]	W	3	1
Michele Lesage [CA]	Kyle Salzman [US]	T	4	2
Michele Lesage [CA]	Nate Hathaway [US]	W	7	3
Michele Lesage [CA]	Carmen Klomparens [US]	W	10	4
Michele Lesage [CA]	Joseph Figliano [US]	L	10	5
Michele Lesage [CA]	Corey Blankenship [US]	T	11	6
Michele Lesage [CA]	Carlos Fernandez [US]	W	14	7
Michele Lesage [CA]	Niko Sanville [US]	W	17	8
Michele Lesage [CA]	**VIP31 Joseph Sumner [US]	L	17	9
Aushton Kelusky [CA]	Cesar Garcia-Carranza [US]	T	1	1
Aushton Kelusky [CA]	Christopher Ruiz [US]	W	4	2
Aushton Kelusky [CA]	Justin Teng [US]	L	4	3
Aushton Kelusky [CA]	Kristopher Gerald	W	7	4
Aushton Kelusky [CA]	Nick Dela Torre [US]	W	10	5
Aushton Kelusky [CA]	Ryan Sabelhaus [US]	T	11	6
Aushton Kelusky [CA]	Adam Caracciolo [US]	W	14	7
Aushton Kelusky [CA]	Chris Knudsvig [US]	W	17	8
Aushton Kelusky [CA]	Michael Canaves [US]	L	17	9
Jake Dillon [US]	Emmi Stonier [US]	T	1	1
Jake Dillon [US]	Jonathan Nutter [US]	W	4	2
Jake Dillon [US]	Rocky Barr [US]	W	7	3
Jake Dillon [US]	Calvin Connor [US]	L	7	4
Jake Dillon [US]	eugene davis [US]	L	7	5
Jake Dillon [US]	Douglas Wolf Jr [US]	W	10	6
Jake Dillon [US]	Sam Chen [US]	W	13	7
Jake Dillon [US]	andrew amistad [CA]	W	16	8
Jake Dillon [US]	David Ranney [US]	T	17	9
Justin Lambert [US]	Alexandra Rodriguez [US]	W	3	1
Justin Lambert [US]	Simon Trottier-Lacasse [CA]	W	6	2
Justin Lambert [US]	Mike Sprague [NO]	T	7	3
Justin Lambert [US]	Jake Ewart [US]	T	8	4
Justin Lambert [US]	Josh Clinton [US]	W	11	5
Justin Lambert [US]	Emmi Stonier [US]	L	11	6
Justin Lambert [US]	Gavin Zhou [CA]	L	11	7
Justin Lambert [US]	Shane Kelley [US]	W	14	8
Justin Lambert [US]	Izaiah Santiago [US]	W	17	9
Ben Cryer [US]	Eamon Johnston [US]	T	1	1
Ben Cryer [US]	Paul Scheetz [US]	W	4	2
Ben Cryer [US]	Cameron Kawasaki [US]	T	5	3
Ben Cryer [US]	Luis Nunez [US]	W	8	4
Ben Cryer [US]	Jarrod Ellis [US]	W	11	5
Ben Cryer [US]	Ryan Brais [US]	W	14	6
Ben Cryer [US]	Nick Guzman [US]	W	17	7
Ben Cryer [US]	Keaton Gill [US]	L	17	8
Ben Cryer [US]	Sanjay Sundararajan [US]	L	17	9
Bryan Cresswell [CA]	Jonathan Acosta [US]	T	1	1
Bryan Cresswell [CA]	Dylan McKinney [US]	W	4	2
Bryan Cresswell [CA]	Bryson Cliggett [US]	T	5	3
Bryan Cresswell [CA]	Christopher Osborn [US]	W	8	4
Bryan Cresswell [CA]	Tanner Leonardo [US]	W	11	5
Bryan Cresswell [CA]	Greg Minklei [US]	L	11	6
Bryan Cresswell [CA]	Nathan Forte [US]	W	14	7
Bryan Cresswell [CA]	Kenneth Mauder [US]	W	17	8
Bryan Cresswell [CA]	Colton Meahl [US]	L	17	9
Grayson Jones [US]	James Quick [US]	L	0	1
Grayson Jones [US]	Peter DeMartino [US]	W	3	2
Grayson Jones [US]	John Munoz [US]	W	6	3
Grayson Jones [US]	David Ceculski [US]	W	9	4
Grayson Jones [US]	Nick Newton [US]	T	10	5
Grayson Jones [US]	Ricardo Quintanilla [US]	W	13	6
Grayson Jones [US]	Rowan Stavenow [CA]	L	13	7
Grayson Jones [US]	Emmet Hurley [US]	T	14	8
Grayson Jones [US]	Sachit Soni [US]	W	17	9
Raymond Long [CA]	Evan Nowak [US]	W	3	1
Raymond Long [CA]	Eric Nickell [US]	W	6	2
Raymond Long [CA]	Gabe Shumway [US]	L	6	3
Raymond Long [CA]	Daniel Kutinsky [US]	T	7	4
Raymond Long [CA]	Jesus Ramirez [US]	T	8	5
Raymond Long [CA]	Zach Cohen [US]	W	11	6
Raymond Long [CA]	Bryson Cliggett [US]	W	14	7
Raymond Long [CA]	Tanner Drabek [US]	W	17	8
Raymond Long [CA]	Prin Basser [US]	L	17	9
Harel Manhaim [IL]	BILLY CHAN [CA]	W	3	1
Harel Manhaim [IL]	Elliott Chereches [CA]	L	3	2
Harel Manhaim [IL]	Jesus Ramirez [US]	T	4	3
Harel Manhaim [IL]	Chris Nagel [US]	W	7	4
Harel Manhaim [IL]	Carlos Fernandez [US]	T	8	5
Harel Manhaim [IL]	Izaiah Santiago [US]	L	8	6
Harel Manhaim [IL]	Andrew Reinhardt [US]	W	11	7
Harel Manhaim [IL]	Eric Nickell [US]	W	14	8
Harel Manhaim [IL]	Kenneth Mauder [US]	W	17	9
Anthony Scornavacca [US]	Drew Wilson [US]	W	3	1
Anthony Scornavacca [US]	Ryne Morgan [US]	W	6	2
Anthony Scornavacca [US]	Dregan Shook [US]	L	6	3
Anthony Scornavacca [US]	Haoyan Kang [US]	L	6	4
Anthony Scornavacca [US]	Buddy Perry [US]	W	9	5
Anthony Scornavacca [US]	Stefan Bechler [CA]	T	10	6
Anthony Scornavacca [US]	Joshua Tolan [US]	W	13	7
Anthony Scornavacca [US]	Jermell Parrish [US]	T	14	8
Anthony Scornavacca [US]	Ayana May [US]	W	17	9
Tyler Zikorus [US]	Tenchi Starr [US]	W	3	1
Tyler Zikorus [US]	Axel Alvarez [US]	L	3	2
Tyler Zikorus [US]	Joshua Curtin [US]	L	3	3
Tyler Zikorus [US]	Danny Barger [US]	W	6	4
Tyler Zikorus [US]	Austin Ensing [US]	W	9	5
Tyler Zikorus [US]	Bryan Lyons [US]	T	10	6
Tyler Zikorus [US]	Robert Simpson [CA]	T	11	7
Tyler Zikorus [US]	Pranav Ganti [US]	W	14	8
Tyler Zikorus [US]	Emmet Hurley [US]	W	17	9
Jackson Ford [CA]	Greg Kerien [US]	T	1	1
Jackson Ford [CA]	Justin Turner [US]	W	4	2
Jackson Ford [CA]	Midori Kawaue [US]	L	4	3
Jackson Ford [CA]	Anthony Alvarez [US]	T	5	4
Jackson Ford [CA]	Alex LeBlanc [US]	W	8	5
Jackson Ford [CA]	Arthur Terceira [US]	W	11	6
Jackson Ford [CA]	Brandon Lane [US]	W	14	7
Jackson Ford [CA]	Ryan Sabelhaus [US]	L	14	8
Jackson Ford [CA]	Fernando Calderon Jr [US]	W	17	9
Carlos Fernandez [US]	Kayla Plotkin [US]	W	3	1
Carlos Fernandez [US]	Calvin Tathanhlong [CA]	T	4	2
Carlos Fernandez [US]	Hayes Kwong [US]	W	7	3
Carlos Fernandez [US]	Noah Sawyer [US]	L	7	4
Carlos Fernandez [US]	Harel Manhaim [IL]	T	8	5
Carlos Fernandez [US]	Hal Stewart [US]	W	11	6
Carlos Fernandez [US]	Michele Lesage [CA]	L	11	7
Carlos Fernandez [US]	Addie Ward [US]	W	14	8
Carlos Fernandez [US]	Seth Dollars [US]	W	17	9
Ezequiel Moreno [US]	David Scott [US]	W	3	1
Ezequiel Moreno [US]	Brian Coppola [US]	W	6	2
Ezequiel Moreno [US]	Tom Nardello [US]	L	6	3
Ezequiel Moreno [US]	Eric Rodriguez [US]	W	9	4
Ezequiel Moreno [US]	Keegan Ives [US]	T	10	5
Ezequiel Moreno [US]	Rob Stephens [US]	T	11	6
Ezequiel Moreno [US]	Brayden Karvelas [US]	L	11	7
Ezequiel Moreno [US]	Calvin Nordberg [US]	W	14	8
Ezequiel Moreno [US]	Aiden Toler [US]	W	17	9
Justin Teng [US]	Dario Marchetta [CA]	W	3	1
Justin Teng [US]	Walter Anderson [US]	T	4	2
Justin Teng [US]	Aushton Kelusky [CA]	W	7	3
Justin Teng [US]	Trevor Passmore [US]	T	8	4
Justin Teng [US]	Ryan Brais [US]	L	8	5
Justin Teng [US]	Josh Clinton [US]	W	11	6
Justin Teng [US]	Samuel Gijanto [US]	W	14	7
Justin Teng [US]	Michael Otero [US]	L	14	8
Justin Teng [US]	Simon Trottier-Lacasse [CA]	W	17	9
Alex Wilson [US]	Casey Atkins [US]	W	3	1
Alex Wilson [US]	Matthew Kerner [US]	W	6	2
Alex Wilson [US]	Chris Gonzalez [US]	W	9	3
Alex Wilson [US]	Joshua Wheeler [US]	T	10	4
Alex Wilson [US]	Sawyer Melban [US]	L	10	5
Alex Wilson [US]	riyad mechel [CA]	T	11	6
Alex Wilson [US]	Troy Campbell [US]	W	14	7
Alex Wilson [US]	Nick Guzman [US]	W	17	8
Alex Wilson [US]	George Gebhardt [US]	L	17	9
David Ranney [US]	Will Jenkins [US]	T	1	1
David Ranney [US]	Eddy Morales-Bailey [US]	W	4	2
David Ranney [US]	Alex Pearce [US]	W	7	3
David Ranney [US]	Landen Kaetler [CA]	L	7	4
David Ranney [US]	Jack Rooney [US]	L	7	5
David Ranney [US]	Jake Keebler [US]	W	10	6
David Ranney [US]	joshua daily [US]	W	13	7
David Ranney [US]	Jonathan Zazinski [US]	W	16	8
David Ranney [US]	Jake Dillon [US]	T	17	9
Grant Keating [US]	Kyle Caruthers [US]	L	0	1
Grant Keating [US]	Meredith Knowles [US]	T	1	2
Grant Keating [US]	Matt Spitzer [US]	W	4	3
Grant Keating [US]	Matt Guyan [US]	W	7	4
Grant Keating [US]	Bailey Cleavenger [US]	T	8	5
Grant Keating [US]	Dylan Smeigh [US]	W	11	6
Grant Keating [US]	Daniel Fappiano [US]	W	14	7
Grant Keating [US]	Case Bennink [US]	W	17	8
Grant Keating [US]	Joshua Sambrano [US]	L	17	9
Clayton Fagan [US]	**VIP17 Ricardo Escobar [US]	W	3	1
Clayton Fagan [US]	Adam Peters [US]	W	6	2
Clayton Fagan [US]	Evan Moore [US]	L	6	3
Clayton Fagan [US]	siming qian [US]	L	6	4
Clayton Fagan [US]	Christian Dingle [US]	W	9	5
Clayton Fagan [US]	Ben Vasquez [US]	T	10	6
Clayton Fagan [US]	Richard Rothenbach [US]	T	11	7
Clayton Fagan [US]	Edgar Gomez [US]	W	14	8
Clayton Fagan [US]	Jonathan Herrera [US]	W	17	9
Pedro Hernandez [US]	Richard Cornwall [US]	T	1	1
Pedro Hernandez [US]	Mario Vivas [CA]	L	1	2
Pedro Hernandez [US]	Henry Charnock [US]	W	4	3
Pedro Hernandez [US]	Dillon Barta [US]	W	7	4
Pedro Hernandez [US]	Aidyn Moye [US]	W	10	5
Pedro Hernandez [US]	Gibson Archer-Tang [US]	L	10	6
Pedro Hernandez [US]	James Thiel [US]	W	13	7
Pedro Hernandez [US]	Keegan Ives [US]	T	14	8
Pedro Hernandez [US]	ulises perez [US]	W	17	9
Brennan Jackson [US]	Gina Padron [US]	L	0	1
Brennan Jackson [US]	Freddy Rodriguez [US]	W	3	2
Brennan Jackson [US]	James DiMaggio [US]	W	6	3
Brennan Jackson [US]	Felipe Arias [US]	T	7	4
Brennan Jackson [US]	Adrian Lopez [US]	W	10	5
Brennan Jackson [US]	Patrick Vargas [US]	W	13	6
Brennan Jackson [US]	Austin Roop [US]	W	16	7
Brennan Jackson [US]	Colton Meahl [US]	T	17	8
Brennan Jackson [US]	Mario Vivas [CA]	L	17	9
eugene davis [US]	Jaylen Jackson [US]	W	3	1
eugene davis [US]	Tom Day [CA]	L	3	2
eugene davis [US]	Jordan Markle [US]	T	4	3
eugene davis [US]	Matthew Monteiro [US]	W	7	4
eugene davis [US]	Jake Dillon [US]	W	10	5
eugene davis [US]	Case Bennink [US]	T	11	6
eugene davis [US]	Nate Hathaway [US]	L	11	7
eugene davis [US]	Jessica Blackwell [US]	W	14	8
eugene davis [US]	Jimmy O'Brien [US]	W	17	9
Josh Chevigny [US]	Solomon Shurge [US]	L	0	1
Josh Chevigny [US]	Dario Marchetta [CA]	T	1	2
Josh Chevigny [US]	Joseph Smith [US]	W	4	3
Josh Chevigny [US]	Derek Li [US]	W	7	4
Josh Chevigny [US]	Collins Eckard [US]	W	10	5
Josh Chevigny [US]	Sachit Soni [US]	T	11	6
Josh Chevigny [US]	Jake Ewart [US]	L	11	7
Josh Chevigny [US]	Michael Meal [CA]	W	14	8
Josh Chevigny [US]	Alec Geissler [US]	W	17	9
Case Bennink [US]	Nick Trausch [US]	L	0	1
Case Bennink [US]	Leslie McCartney [US]	W	3	2
Case Bennink [US]	Kevin Deitche [US]	W	6	3
Case Bennink [US]	Nathaniel Lamar [US]	T	7	4
Case Bennink [US]	Mario Martinez [US]	W	10	5
Case Bennink [US]	eugene davis [US]	T	11	6
Case Bennink [US]	Edgar Gomez [US]	W	14	7
Case Bennink [US]	Grant Keating [US]	L	14	8
Case Bennink [US]	Brandon House [US]	W	17	9
Richard Rothenbach [US]	Keaton Williams [US]	L	0	1
Richard Rothenbach [US]	Carmen Condeluci [US]	W	3	2
Richard Rothenbach [US]	Christopher Venier [CA]	L	3	3
Richard Rothenbach [US]	Alexander Edralin [US]	W	6	4
Richard Rothenbach [US]	Brandon Conrad [US]	T	7	5
Richard Rothenbach [US]	Shawn Smith [US]	W	10	6
Richard Rothenbach [US]	Clayton Fagan [US]	T	11	7
Richard Rothenbach [US]	**VIP34 Dallas White [US]	W	14	8
Richard Rothenbach [US]	John Mostowy [US]	W	17	9
Juan Mora [US]	Jonathan Bergman [US]	L	0	1
Juan Mora [US]	Jesse Spangler [US]	W	3	2
Juan Mora [US]	Edward Khodaei [US]	T	4	3
Juan Mora [US]	Brandon Roman [US]	W	7	4
Juan Mora [US]	Jordan Markle [US]	T	8	5
Juan Mora [US]	Nathan Ritchie [CA]	W	11	6
Juan Mora [US]	Rob Stephens [US]	W	14	7
Juan Mora [US]	Izaiah Santiago [US]	W	17	8
Juan Mora [US]	Noah Hanerland [US]	L	17	9
Dan Ricci [US]	Zach Lowman [US]	L	0	1
Dan Ricci [US]	Jason Ball [US]	W	3	2
Dan Ricci [US]	Christian Hamby [US]	T	4	3
Dan Ricci [US]	Zachary Schmidt [US]	W	7	4
Dan Ricci [US]	Joseph Cajas [US]	W	10	5
Dan Ricci [US]	Vincent Mangubat [US]	W	13	6
Dan Ricci [US]	Seth Christopher [US]	T	14	7
Dan Ricci [US]	Will Jenkins [US]	W	17	8
Dan Ricci [US]	McKinley Freeman [US]	L	17	9
Tanner Drabek [US]	Bryan Desmond [US]	W	3	1
Tanner Drabek [US]	Shawn Ovens [US]	W	6	2
Tanner Drabek [US]	Ryan Tongue [US]	T	7	3
Tanner Drabek [US]	Keller Hawkins [US]	L	7	4
Tanner Drabek [US]	Steven Hummelt [US]	W	10	5
Tanner Drabek [US]	Jeremiah Schmutz [US]	T	11	6
Tanner Drabek [US]	Ryan Mayer [US]	W	14	7
Tanner Drabek [US]	Raymond Long [CA]	L	14	8
Tanner Drabek [US]	Sebastian Lashmet [US]	W	17	9
Owen Robinson [US]	**VIP33 Anthony Watkins [US]	W	3	1
Owen Robinson [US]	Zach Lesage [CA]	L	3	2
Owen Robinson [US]	Dryden Hawn [US]	T	4	3
Owen Robinson [US]	Cesar Garcia-Carranza [US]	T	5	4
Owen Robinson [US]	Brodee McCoy [US]	L	5	5
Owen Robinson [US]	Fayez Syed [US]	W	8	6
Owen Robinson [US]	John Bannan [US]	W	11	7
Owen Robinson [US]	jaguar mount [CA]	W	14	8
Owen Robinson [US]	Jonathan Acosta [US]	W	17	9
Adam Kalamat [CA]	Anna Tarasuk [US]	W	3	1
Adam Kalamat [CA]	Ralts Musser [US]	L	3	2
Adam Kalamat [CA]	Brandon Salazar [US]	T	4	3
Adam Kalamat [CA]	Jacob Maxwell [US]	T	5	4
Adam Kalamat [CA]	Thomas Fogarty [US]	W	8	5
Adam Kalamat [CA]	Nathan Forte [US]	L	8	6
Adam Kalamat [CA]	Justin Kulas [US]	W	11	7
Adam Kalamat [CA]	Liam Halliburton [US]	W	14	8
Adam Kalamat [CA]	riyad mechel [CA]	W	17	9
Dylan Smeigh [US]	Ron Park [US]	W	3	1
Dylan Smeigh [US]	Addie Ward [US]	T	4	2
Dylan Smeigh [US]	Chase Sutton [US]	T	5	3
Dylan Smeigh [US]	Fernando Calderon Jr [US]	L	5	4
Dylan Smeigh [US]	Carli Wilson [US]	W	8	5
Dylan Smeigh [US]	Grant Keating [US]	L	8	6
Dylan Smeigh [US]	Jordan Markle [US]	W	11	7
Dylan Smeigh [US]	Kyle Salzman [US]	W	14	8
Dylan Smeigh [US]	Yehoshua Tate [US]	W	17	9
Joel Bergman [CA]	Haoyan Kang [US]	W	3	1
Joel Bergman [CA]	Noah Hanerland [US]	T	4	2
Joel Bergman [CA]	Patrick Vargas [US]	L	4	3
Joel Bergman [CA]	Eric Liu [US]	T	5	4
Joel Bergman [CA]	Anthony Bruno [US]	L	5	5
Joel Bergman [CA]	Gabriel Cruz [US]	W	8	6
Joel Bergman [CA]	Tanner Brown [US]	W	11	7
Joel Bergman [CA]	Arthur Terceira [US]	W	14	8
Joel Bergman [CA]	Mike Hines [US]	W	17	9
Thad Weyand [US]	Luke Paul [US]	L	0	1
Thad Weyand [US]	Nick Novak [US]	W	3	2
Thad Weyand [US]	Ludwig Llanos [US]	L	3	3
Thad Weyand [US]	Simon Copenhaver [US]	W	6	4
Thad Weyand [US]	JUSTIN PETERSON [US]	T	7	5
Thad Weyand [US]	Colin Alber [US]	W	10	6
Thad Weyand [US]	Gwen Tran [US]	W	13	7
Thad Weyand [US]	Ayana May [US]	T	14	8
Thad Weyand [US]	Jake Gearhart [US]	W	17	9
Tom Hellkamp [US]	Eric Cromer [US]	T	1	1
Tom Hellkamp [US]	Jonathan Valenzuela [US]	L	1	2
Tom Hellkamp [US]	James Wong [US]	W	4	3
Tom Hellkamp [US]	Josh Lemon [US]	L	4	4
Tom Hellkamp [US]	Timothy Thomas [US]	W	7	5
Tom Hellkamp [US]	Nathan Flanders [CA]	W	10	6
Tom Hellkamp [US]	Brian Peavy [US]	W	13	7
Tom Hellkamp [US]	Simon Trottier-Lacasse [CA]	T	14	8
Tom Hellkamp [US]	Brian Garcia [US]	W	17	9
Tate Whitesell [US]	Jerrick Gumila [US]	T	1	1
Tate Whitesell [US]	Nathan Spencer [US]	L	1	2
Tate Whitesell [US]	Arthur Cooke [US]	W	4	3
Tate Whitesell [US]	William Hughes [US]	W	7	4
Tate Whitesell [US]	Brian Kondor [US]	T	8	5
Tate Whitesell [US]	Scott Knell [UK]	L	8	6
Tate Whitesell [US]	David Stressman [US]	W	11	7
Tate Whitesell [US]	Dan Whitman [US]	W	14	8
Tate Whitesell [US]	Alexander Byrd [US]	W	17	9
Christian Umipig [CA]	Megan McBreairty [US]	L	0	1
Christian Umipig [CA]	Tony Quach [US]	T	1	2
Christian Umipig [CA]	Brandon Jaramillo [US]	W	4	3
Christian Umipig [CA]	Jordan Parrish [US]	W	7	4
Christian Umipig [CA]	Jonathan Herrera [US]	T	8	5
Christian Umipig [CA]	Tyler Wyrostek [US]	W	11	6
Christian Umipig [CA]	Mikey Kalb [US]	L	11	7
Christian Umipig [CA]	William Timmermeyer [US]	W	14	8
Christian Umipig [CA]	Nick Guzman [US]	W	17	9
Jermell Parrish [US]	Dino Sukalic [US]	W	3	1
Jermell Parrish [US]	Michael Battaglia [CA]	L	3	2
Jermell Parrish [US]	Josh Maurer [US]	L	3	3
Jermell Parrish [US]	Samantha Radford [US]	W	6	4
Jermell Parrish [US]	Paul DeJesus [US]	T	7	5
Jermell Parrish [US]	Kenrry Alvarado [US]	W	10	6
Jermell Parrish [US]	Mitchell O'Neill [US]	W	13	7
Jermell Parrish [US]	Anthony Scornavacca [US]	T	14	8
Jermell Parrish [US]	Paul Margold [CA]	W	17	9
Sophia Becker [US]	Jennifer Perez [US]	L	0	1
Sophia Becker [US]	John Wanggaard [US]	T	1	2
Sophia Becker [US]	John Blatchford [US]	T	2	3
Sophia Becker [US]	Javi Marrero [US]	W	5	4
Sophia Becker [US]	Mauricio Martinez [US]	L	5	5
Sophia Becker [US]	Thomas Fogarty [US]	W	8	6
Sophia Becker [US]	Greg Kerien [US]	W	11	7
Sophia Becker [US]	Troy Campbell [US]	W	14	8
Sophia Becker [US]	Neel Patel [US]	W	17	9
Meng-Yu Wang [US]	Steven Lavoie [US]	W	3	1
Meng-Yu Wang [US]	Colin Alber [US]	W	6	2
Meng-Yu Wang [US]	Andrew Wu [US]	T	7	3
Meng-Yu Wang [US]	Randall Coberly [US]	W	10	4
Meng-Yu Wang [US]	Kamil Colatosti [CA]	W	13	5
Meng-Yu Wang [US]	Keaton Gill [US]	L	13	6
Meng-Yu Wang [US]	Vincent D'Arcy [US]	L	13	7
Meng-Yu Wang [US]	Sebastian Ardila [US]	W	16	8
Meng-Yu Wang [US]	Nicholas Moffitt [US]	L	16	9
Anthony Romanello [US]	tyler palmison [US]	W	3	1
Anthony Romanello [US]	Harris Noor [US]	W	6	2
Anthony Romanello [US]	Alexander Polkow [US]	W	9	3
Anthony Romanello [US]	Mitchell Roberge [US]	L	9	4
Anthony Romanello [US]	June Norber [US]	T	10	5
Anthony Romanello [US]	Jonathan Ramirez [US]	W	13	6
Anthony Romanello [US]	Austin Daniels [US]	L	13	7
Anthony Romanello [US]	Ryan Vujanovich [US]	W	16	8
Anthony Romanello [US]	Maxim Korobov [US]	L	16	9
Tristan Rojas [US]	Alberto Plasencia [US]	T	1	1
Tristan Rojas [US]	Alexander Greslick [US]	W	4	2
Tristan Rojas [US]	Gibson Archer-Tang [US]	W	7	3
Tristan Rojas [US]	Eric Rink [US]	W	10	4
Tristan Rojas [US]	Christopher Regan [US]	W	13	5
Tristan Rojas [US]	Ryan Tongue [US]	L	13	6
Tristan Rojas [US]	Wyatt Palguta [US]	W	16	7
Tristan Rojas [US]	Joshua Acevedo [US]	L	16	8
Tristan Rojas [US]	Mitchell Roberge [US]	L	16	9
Sarah Burnside [CA]	Michael Broderick [US]	W	3	1
Sarah Burnside [CA]	Michael Catrino [US]	W	6	2
Sarah Burnside [CA]	Miguel Acevedo [US]	W	9	3
Sarah Burnside [CA]	Dregan Shook [US]	W	12	4
Sarah Burnside [CA]	Alex Schemanske [US]	L	12	5
Sarah Burnside [CA]	Alexander Huesca [US]	W	15	6
Sarah Burnside [CA]	Michael Canaves [US]	T	16	7
Sarah Burnside [CA]	Julia Butenhoff [US]	L	16	8
Sarah Burnside [CA]	Justin Tse [CA]	L	16	9
DJ Alleyne [US]	garrett briglia [US]	W	3	1
DJ Alleyne [US]	Brendan Cevasco [US]	W	6	2
DJ Alleyne [US]	Matthew Connors [US]	W	9	3
DJ Alleyne [US]	Robert Bradley [US]	W	12	4
DJ Alleyne [US]	Joseph Horth [US]	L	12	5
DJ Alleyne [US]	Myles Holtsclaw [US]	L	12	6
DJ Alleyne [US]	Josh Rhea [US]	W	15	7
DJ Alleyne [US]	Christopher Wigelsworth [US]	L	15	8
DJ Alleyne [US]	Alex Raymond [US]	T	16	9
Midori Kawaue [US]	Cory Tangman [US]	W	3	1
Midori Kawaue [US]	Braeden Wentling [US]	T	4	2
Midori Kawaue [US]	Jackson Ford [CA]	W	7	3
Midori Kawaue [US]	David Lugo [US]	W	10	4
Midori Kawaue [US]	Justin Doney [US]	W	13	5
Midori Kawaue [US]	Ryan Bownes [US]	T	14	6
Midori Kawaue [US]	Kevin Cruz [US]	T	15	7
Midori Kawaue [US]	Owen Rhoads [US]	T	16	8
Midori Kawaue [US]	Soumil Dusara [US]	L	16	9
Gable Funchess [US]	Vincent Cassello [US]	W	3	1
Gable Funchess [US]	Jeremy Sussman [US]	W	6	2
Gable Funchess [US]	Mitre Prathumratana [US]	W	9	3
Gable Funchess [US]	Elliot Sayles [US]	W	12	4
Gable Funchess [US]	Jesse Parker [US]	L	12	5
Gable Funchess [US]	Hunter Smith [US]	L	12	6
Gable Funchess [US]	Corey Goss [US]	W	15	7
Gable Funchess [US]	Chris Fulop [US]	T	16	8
Gable Funchess [US]	Evan Campbell [US]	L	16	9
Dylan Smith [US]	Will Eagle [US]	W	3	1
Dylan Smith [US]	Donny Nguyen [US]	W	6	2
Dylan Smith [US]	James Flanagan [US]	T	7	3
Dylan Smith [US]	Sam Chen [US]	W	10	4
Dylan Smith [US]	Ryan Harris [US]	L	10	5
Dylan Smith [US]	Andrew Zheng [US]	W	13	6
Dylan Smith [US]	Giancarlo Bortolon [CA]	W	16	7
Dylan Smith [US]	Edwin Lopez [US]	L	16	8
Dylan Smith [US]	Daniel Altavilla [US]	L	16	9
Adam Jones [US]	Richard Brown [US]	W	3	1
Adam Jones [US]	Anthony Saia [US]	W	6	2
Adam Jones [US]	Zach Laska [US]	W	9	3
Adam Jones [US]	Hunter Smith [US]	W	12	4
Adam Jones [US]	Tord Reklev [NO]	T	13	5
Adam Jones [US]	Anthony Smith [US]	W	16	6
Adam Jones [US]	Ivan Chan [US]	L	16	7
Adam Jones [US]	Ryan Tongue [US]	L	16	8
Adam Jones [US]	Owen Rhoads [US]	L	16	9
Sujith Nalabolu [US]	Chelsea-Rose Halkyard [US]	W	3	1
Sujith Nalabolu [US]	Abaan Ahmed [US]	W	6	2
Sujith Nalabolu [US]	Jose Marrero [US]	W	9	3
Sujith Nalabolu [US]	Vincent Mangubat [US]	W	12	4
Sujith Nalabolu [US]	Rowan Stavenow [CA]	W	15	5
Sujith Nalabolu [US]	Zeryx Schaefer [US]	L	15	6
Sujith Nalabolu [US]	Kyle Tokarczyk [US]	L	15	7
Sujith Nalabolu [US]	Alexander Pineda [US]	L	15	8
Sujith Nalabolu [US]	Manuel Perez [US]	T	16	9
Jonathan Zazinski [US]	Collins Eckard [US]	T	1	1
Jonathan Zazinski [US]	Scott Knell [UK]	W	4	2
Jonathan Zazinski [US]	Chris Franco [US]	W	7	3
Jonathan Zazinski [US]	Andrew Dombroski [US]	W	10	4
Jonathan Zazinski [US]	Ayana May [US]	W	13	5
Jonathan Zazinski [US]	Colton Ames [US]	L	13	6
Jonathan Zazinski [US]	Kyle Lesniewicz [US]	L	13	7
Jonathan Zazinski [US]	David Ranney [US]	L	13	8
Jonathan Zazinski [US]	Joseph Cornell [US]	W	16	9
Luna Dunham [US]	Joshua Griffith [US]	W	3	1
Luna Dunham [US]	Josh Marking [US]	W	6	2
Luna Dunham [US]	Grant Manley [US]	W	9	3
Luna Dunham [US]	Bryan McDaniel [US]	L	9	4
Luna Dunham [US]	**VIP22 Jose Marzan [US]	W	12	5
Luna Dunham [US]	HECTOR IBARRA [US]	L	12	6
Luna Dunham [US]	Dalten Cross [US]	T	13	7
Luna Dunham [US]	Giancarlo Bortolon [CA]	L	13	8
Luna Dunham [US]	Matthew Upton [US]	W	16	9
CJ Rodriguez [US]	Robbie Brock [US]	W	3	1
CJ Rodriguez [US]	Owen Rhoads [US]	W	6	2
CJ Rodriguez [US]	Prin Basser [US]	W	9	3
CJ Rodriguez [US]	Collin Harris [US]	W	12	4
CJ Rodriguez [US]	Zeryx Schaefer [US]	L	12	5
CJ Rodriguez [US]	Nathan Bumbarger [US]	L	12	6
CJ Rodriguez [US]	Nathan Hampton [US]	W	15	7
CJ Rodriguez [US]	Erin McCann [US]	L	15	8
CJ Rodriguez [US]	garrett briglia [US]	T	16	9
Bryce Branch [US]	Chris Mooney [US]	W	3	1
Bryce Branch [US]	Jay Cristiano [CA]	W	6	2
Bryce Branch [US]	Ryan Harris [US]	T	7	3
Bryce Branch [US]	Ernesto seryey de la cruz cordova [MX]	W	10	4
Bryce Branch [US]	Dalen Dockery [US]	L	10	5
Bryce Branch [US]	Dominick Ciampi [US]	W	13	6
Bryce Branch [US]	Scott Cottrell [US]	L	13	7
Bryce Branch [US]	Michael Godla [US]	L	13	8
Bryce Branch [US]	Logan Anna [US]	W	16	9
Jerry Han [US]	Luke Talkington [US]	W	3	1
Jerry Han [US]	Caleb Gedemer [US]	L	3	2
Jerry Han [US]	Jason Wang [US]	W	6	3
Jerry Han [US]	Andrew Zheng [US]	T	7	4
Jerry Han [US]	Cody Criner [US]	W	10	5
Jerry Han [US]	Dakota Davey [US]	W	13	6
Jerry Han [US]	Kenny Hernandez [US]	L	13	7
Jerry Han [US]	Steven Lavoie [US]	L	13	8
Jerry Han [US]	**VIP16 Oziel Cuellar [US]	W	16	9
Joseph Figliano [US]	Harry Rachel [US]	W	3	1
Joseph Figliano [US]	Dre Alderette [US]	W	6	2
Joseph Figliano [US]	Joseph Fragomeni [US]	T	7	3
Joseph Figliano [US]	**VIP23 Link Maynard [US]	W	10	4
Joseph Figliano [US]	Michele Lesage [CA]	W	13	5
Joseph Figliano [US]	Jake Abrams [US]	L	13	6
Joseph Figliano [US]	Gilberto Acosta [US]	L	13	7
Joseph Figliano [US]	Andrew Mease [US]	W	16	8
Joseph Figliano [US]	Andrew Weiss [US]	L	16	9
Kyle Lesniewicz [US]	Michael Ehrhart [US]	L	0	1
Kyle Lesniewicz [US]	Matthew Kirk [US]	W	3	2
Kyle Lesniewicz [US]	Pat Eshghy [US]	W	6	3
Kyle Lesniewicz [US]	Erin McCann [US]	W	9	4
Kyle Lesniewicz [US]	Marco Profenno [US]	W	12	5
Kyle Lesniewicz [US]	Joshua Sambrano [US]	T	13	6
Kyle Lesniewicz [US]	Jonathan Zazinski [US]	W	16	7
Kyle Lesniewicz [US]	Scott Cottrell [US]	L	16	8
Kyle Lesniewicz [US]	Edwin Arrollo [US]	L	16	9
James Quick [US]	Grayson Jones [US]	W	3	1
James Quick [US]	Evan Gregory [US]	T	4	2
James Quick [US]	Daniel Pacchioli [US]	W	7	3
James Quick [US]	Kevin Qi [US]	W	10	4
James Quick [US]	Edwin Lopez [US]	L	10	5
James Quick [US]	Davin Erickson [US]	L	10	6
James Quick [US]	Kyle Caruthers [US]	L	10	7
James Quick [US]	Jacob Gross [US]	W	13	8
James Quick [US]	Jacob Sisco [US]	W	16	9
George Burdine [US]	John Blatchford [US]	W	3	1
George Burdine [US]	Millan Patel [US]	W	6	2
George Burdine [US]	Aaron Hickok [US]	W	9	3
George Burdine [US]	Harrison Zipp [US]	W	12	4
George Burdine [US]	Robert Deleon [US]	T	13	5
George Burdine [US]	Giancarlo Bortolon [CA]	W	16	6
George Burdine [US]	Joseph Horth [US]	L	16	7
George Burdine [US]	Kenny Hernandez [US]	L	16	8
George Burdine [US]	Jonathan Twigg [US]	L	16	9
mason hein [US]	Hasan Kunukcu [US]	W	3	1
mason hein [US]	Xavier Clark [US]	W	6	2
mason hein [US]	Joe Turrentine [US]	L	6	3
mason hein [US]	Evan Aronhalt [US]	W	9	4
mason hein [US]	Michael Battaglia [CA]	W	12	5
mason hein [US]	Gabe Shumway [US]	L	12	6
mason hein [US]	Maxwell Douglass [US]	W	15	7
mason hein [US]	Caleb Gedemer [US]	T	16	8
mason hein [US]	Cody Bruder [US]	L	16	9
Daniel Zhou [CA]	Gabriel Rosa [US]	W	3	1
Daniel Zhou [CA]	Adam Gherbi [US]	L	3	2
Daniel Zhou [CA]	PJ Witusik [US]	W	6	3
Daniel Zhou [CA]	Danny Gavin [US]	W	9	4
Daniel Zhou [CA]	Justin Fedorenka [CA]	W	12	5
Daniel Zhou [CA]	Christian LaBella [CA]	W	15	6
Daniel Zhou [CA]	Jacob Stock [US]	L	15	7
Daniel Zhou [CA]	Jashua Robles [US]	L	15	8
Daniel Zhou [CA]	Victor Aung [US]	T	16	9
Tory Dunworth [US]	Josh Greiff [US]	W	3	1
Tory Dunworth [US]	Adam Schiewe [US]	W	6	2
Tory Dunworth [US]	Austin Faulk [US]	W	9	3
Tory Dunworth [US]	Brandon Dean [US]	L	9	4
Tory Dunworth [US]	Alexander Polkow [US]	W	12	5
Tory Dunworth [US]	Riley Hulbert [US]	L	12	6
Tory Dunworth [US]	Fred Singer IV [US]	T	13	7
Tory Dunworth [US]	Michael Tatarowicz [US]	W	16	8
Tory Dunworth [US]	Gilberto Acosta [US]	L	16	9
Kian Siadat [US]	Eudezia Rodrigues [BR]	W	3	1
Kian Siadat [US]	Ethan Singleman [US]	W	6	2
Kian Siadat [US]	Ryan Lavespere [US]	W	9	3
Kian Siadat [US]	Michael Chen [US]	L	9	4
Kian Siadat [US]	Elcain Chase [US]	W	12	5
Kian Siadat [US]	Rowan Stavenow [CA]	T	13	6
Kian Siadat [US]	Andrew Dombroski [US]	L	13	7
Kian Siadat [US]	Robert Burley [US]	L	13	8
Kian Siadat [US]	Brandon Joestar [US]	W	16	9
Michael Battaglia [CA]	Andrew Mease [US]	W	3	1
Michael Battaglia [CA]	Jermell Parrish [US]	W	6	2
Michael Battaglia [CA]	Giancarlo Bortolon [CA]	L	6	3
Michael Battaglia [CA]	Savannah Wells [US]	W	9	4
Michael Battaglia [CA]	mason hein [US]	L	9	5
Michael Battaglia [CA]	Anthony Strange [US]	W	12	6
Michael Battaglia [CA]	Ross Cawthon [US]	L	12	7
Michael Battaglia [CA]	Tanner Johnson [US]	W	15	8
Michael Battaglia [CA]	Nate Manning [US]	T	16	9
Gina Padron [US]	Brennan Jackson [US]	W	3	1
Gina Padron [US]	Shashi Naraine [CA]	W	6	2
Gina Padron [US]	Vincent Mangubat [US]	L	6	3
Gina Padron [US]	Miguel Acevedo [US]	T	7	4
Gina Padron [US]	Anthony Abalsamo [US]	W	10	5
Gina Padron [US]	Grant Walworth [US]	L	10	6
Gina Padron [US]	Josh Stapler [US]	W	13	7
Gina Padron [US]	Stefan Bechler [CA]	W	16	8
Gina Padron [US]	Ryan Antonucci [US]	L	16	9
Victor Aung [US]	Braden Whited [US]	W	3	1
Victor Aung [US]	fausto guerrero [US]	W	6	2
Victor Aung [US]	Garry breech [US]	W	9	3
Victor Aung [US]	Andrew Hedrick [US]	L	9	4
Victor Aung [US]	Maxwell Bishop [US]	W	12	5
Victor Aung [US]	Bryan McDaniel [US]	L	12	6
Victor Aung [US]	Jared Grimes [US]	L	12	7
Victor Aung [US]	Nicholas Grigson [US]	W	15	8
Victor Aung [US]	Daniel Zhou [CA]	T	16	9
Rico Schugmann [US]	Marquise Briscoe [US]	W	3	1
Rico Schugmann [US]	Lily Morgan [US]	W	6	2
Rico Schugmann [US]	Jashua Robles [US]	L	6	3
Rico Schugmann [US]	Owen Rhoads [US]	W	9	4
Rico Schugmann [US]	Daniel Leon [US]	L	9	5
Rico Schugmann [US]	Logan Anna [US]	W	12	6
Rico Schugmann [US]	Haru Nishikawa [JP]	L	12	7
Rico Schugmann [US]	Harrison Leven [US]	W	15	8
Rico Schugmann [US]	Nate Hathaway [US]	T	16	9
James Arnold [US]	Logan Donovan [US]	W	3	1
James Arnold [US]	Cody Hope [US]	W	6	2
James Arnold [US]	Elliot Sayles [US]	L	6	3
James Arnold [US]	Beau Fleetwood [US]	W	9	4
James Arnold [US]	Kara Greenstreet [US]	L	9	5
James Arnold [US]	BILLY CHAN [CA]	L	9	6
James Arnold [US]	Drew Britton [US]	W	12	7
James Arnold [US]	Luke Talkington [US]	T	13	8
James Arnold [US]	Zackary Turner [US]	W	16	9
Guy Bennett [US]	Landon Pfeffer [US]	T	1	1
Guy Bennett [US]	Fayez Syed [US]	W	4	2
Guy Bennett [US]	Steve Menkel [US]	W	7	3
Guy Bennett [US]	Richard Freire [US]	W	10	4
Guy Bennett [US]	Calvin Connor [US]	W	13	5
Guy Bennett [US]	Vance Kelley [US]	L	13	6
Guy Bennett [US]	Alexander Hamilton [US]	W	16	7
Guy Bennett [US]	Aleaner Pabonnie [US]	L	16	8
Guy Bennett [US]	Aden Cunningham [US]	L	16	9
Ethan Szendrey [CA]	Dylan Underwood [US]	W	3	1
Ethan Szendrey [CA]	German Herrera [US]	W	6	2
Ethan Szendrey [CA]	Zeryx Schaefer [US]	L	6	3
Ethan Szendrey [CA]	Adam Reinhardt [US]	L	6	4
Ethan Szendrey [CA]	Zack Usiatynski [US]	W	9	5
Ethan Szendrey [CA]	Leandro Cortez [US]	W	12	6
Ethan Szendrey [CA]	Regan Retzloff [US]	T	13	7
Ethan Szendrey [CA]	Jonathan Arias [US]	W	16	8
Ethan Szendrey [CA]	Giancarlo Bortolon [CA]	L	16	9
Timothy Bennett [US]	Jim Squires [US]	T	1	1
Timothy Bennett [US]	Zachary Ellis [US]	W	4	2
Timothy Bennett [US]	Trevor Van Dyke [US]	W	7	3
Timothy Bennett [US]	Aman Soni [US]	W	10	4
Timothy Bennett [US]	Wyatt Palguta [US]	W	13	5
Timothy Bennett [US]	Jim O’Heron [US]	W	16	6
Timothy Bennett [US]	Johnny Rabus [US]	L	16	7
Timothy Bennett [US]	Bo Montanye [US]	L	16	8
Timothy Bennett [US]	Brandon Dean [US]	L	16	9
Greg Minklei [US]	Amelia Goodworth [US]	W	3	1
Greg Minklei [US]	John Hudson [US]	W	6	2
Greg Minklei [US]	Kyle Lamp [US]	T	7	3
Greg Minklei [US]	Jonathan Bergman [US]	W	10	4
Greg Minklei [US]	Troy Campbell [US]	T	11	5
Greg Minklei [US]	Bryan Cresswell [CA]	W	14	6
Greg Minklei [US]	Rahul Reddy [US]	L	14	7
Greg Minklei [US]	Andres David Torres [CO]	T	15	8
Greg Minklei [US]	Joe Ferrari [CA]	T	16	9
Fred Singer IV [US]	Dang Pho [US]	L	0	1
Fred Singer IV [US]	Ian Hunter [US]	W	3	2
Fred Singer IV [US]	Lyle Narciso [US]	W	6	3
Fred Singer IV [US]	Chris Gonzalez [US]	W	9	4
Fred Singer IV [US]	Owen Johnson [CA]	W	12	5
Fred Singer IV [US]	Kyle Tokarczyk [US]	L	12	6
Fred Singer IV [US]	Tory Dunworth [US]	T	13	7
Fred Singer IV [US]	Evan Campbell [US]	L	13	8
Fred Singer IV [US]	Erick Devine [US]	W	16	9
Aidan Ulian [CA]	Zachary Heeter [US]	W	3	1
Aidan Ulian [CA]	**VIP23 Link Maynard [US]	L	3	2
Aidan Ulian [CA]	Erin McCann [US]	L	3	3
Aidan Ulian [CA]	Jean Rivera [US]	W	6	4
Aidan Ulian [CA]	John Munoz [US]	W	9	5
Aidan Ulian [CA]	Natalie Miller [US]	W	12	6
Aidan Ulian [CA]	Joe Dietrich [US]	L	12	7
Aidan Ulian [CA]	Michael Morton [US]	W	15	8
Aidan Ulian [CA]	Sean Hipp [US]	T	16	9
Chi Chi Huang [US]	Eric Thieleman [US]	W	3	1
Chi Chi Huang [US]	Jacob Walton [US]	W	6	2
Chi Chi Huang [US]	Scott Cottrell [US]	L	6	3
Chi Chi Huang [US]	Harry West [AU]	W	9	4
Chi Chi Huang [US]	Sean Dutcher [US]	W	12	5
Chi Chi Huang [US]	Brandon Dean [US]	T	13	6
Chi Chi Huang [US]	Calvin Connor [US]	L	13	7
Chi Chi Huang [US]	Derek Swope [US]	W	16	8
Chi Chi Huang [US]	Zach Lesage [CA]	L	16	9
Nathan Potter [US]	Teja Gummadi [US]	W	3	1
Nathan Potter [US]	Robert Burley [US]	W	6	2
Nathan Potter [US]	chris bodden [US]	T	7	3
Nathan Potter [US]	Neel Patel [US]	L	7	4
Nathan Potter [US]	Anthony Spanitz [US]	W	10	5
Nathan Potter [US]	Eric Rink [US]	L	10	6
Nathan Potter [US]	Dakota Davey [US]	L	10	7
Nathan Potter [US]	Christine Dong [US]	W	13	8
Nathan Potter [US]	Elcain Chase [US]	W	16	9
Alexander Hamilton [US]	Alex Larson [US]	W	3	1
Alexander Hamilton [US]	evan fullaway [US]	W	6	2
Alexander Hamilton [US]	Nathan Hampton [US]	W	9	3
Alexander Hamilton [US]	Corey Patterson [US]	L	9	4
Alexander Hamilton [US]	Rafal Gladysz [US]	W	12	5
Alexander Hamilton [US]	Zoe Jacobsen [US]	T	13	6
Alexander Hamilton [US]	Guy Bennett [US]	L	13	7
Alexander Hamilton [US]	Joseph Feliciano Garcia [US]	L	13	8
Alexander Hamilton [US]	Sackett Brehmer [US]	W	16	9
Alex Hamilton [US]	Dan Irish [US]	W	3	1
Alex Hamilton [US]	Jared Burgon [US]	W	6	2
Alex Hamilton [US]	Zach Robinson [US]	W	9	3
Alex Hamilton [US]	Justin Brothers [US]	T	10	4
Alex Hamilton [US]	Ryan Tongue [US]	L	10	5
Alex Hamilton [US]	Michael Tatarowicz [US]	W	13	6
Alex Hamilton [US]	Dalen Dockery [US]	L	13	7
Alex Hamilton [US]	Preston Alberts [US]	L	13	8
Alex Hamilton [US]	Aidyn Moye [US]	W	16	9
Bryson Hunt [CA]	Ryan Brais [US]	L	0	1
Bryson Hunt [CA]	Brian Rivas [US]	W	3	2
Bryson Hunt [CA]	Thomas Brophy [US]	W	6	3
Bryson Hunt [CA]	Andrew Buckner [US]	W	9	4
Bryson Hunt [CA]	Cameron Shenoy [US]	W	12	5
Bryson Hunt [CA]	Ely Greenfeld [US]	L	12	6
Bryson Hunt [CA]	Chris Barry [US]	W	15	7
Bryson Hunt [CA]	Haru Nishikawa [JP]	L	15	8
Bryson Hunt [CA]	Joe Turrentine [US]	T	16	9
Jacob Howard [US]	Jiazuo Sun [US]	W	3	1
Jacob Howard [US]	Anthony Abalsamo [US]	W	6	2
Jacob Howard [US]	Brandon Conrad [US]	W	9	3
Jacob Howard [US]	Bradley Lippert [US]	T	10	4
Jacob Howard [US]	Soumil Dusara [US]	L	10	5
Jacob Howard [US]	Caleb Rogerson [US]	L	10	6
Jacob Howard [US]	David Jackson [US]	W	13	7
Jacob Howard [US]	Josh Greiff [US]	W	16	8
Jacob Howard [US]	Michele Schiraldi [CA]	L	16	9
Duncan Crowley [US]	Austin Knowles [US]	W	3	1
Duncan Crowley [US]	**VIP26 Fred Neilan [US]	T	4	2
Duncan Crowley [US]	Zachary Schmidt [US]	W	7	3
Duncan Crowley [US]	Matthew Nixon [US]	W	10	4
Duncan Crowley [US]	Patrick Scharff [US]	L	10	5
Duncan Crowley [US]	JW Kriewall [US]	L	10	6
Duncan Crowley [US]	Alexandre Ouellette [CA]	W	13	7
Duncan Crowley [US]	Alexander Polkow [US]	W	16	8
Duncan Crowley [US]	Andres Estrada [US]	L	16	9
Steven Lavoie [US]	Meng-Yu Wang [US]	L	0	1
Steven Lavoie [US]	Dalten Cross [US]	W	3	2
Steven Lavoie [US]	Diane Schemanske [US]	T	4	3
Steven Lavoie [US]	Frank Diaz [US]	W	7	4
Steven Lavoie [US]	Trevor Bales [US]	L	7	5
Steven Lavoie [US]	Josh Marking [US]	W	10	6
Steven Lavoie [US]	Stephen McGaffney [US]	W	13	7
Steven Lavoie [US]	Jerry Han [US]	W	16	8
Steven Lavoie [US]	Eddie North [US]	L	16	9
Richard Rogers [US]	Jake Gallagher [US]	W	3	1
Richard Rogers [US]	Simon Luong [CA]	L	3	2
Richard Rogers [US]	Hezekiah Rich [US]	W	6	3
Richard Rogers [US]	Nick Newton [US]	L	6	4
Richard Rogers [US]	Zach Goodwin [US]	W	9	5
Richard Rogers [US]	David Cook [US]	T	10	6
Richard Rogers [US]	Andy Hyun [US]	W	13	7
Richard Rogers [US]	Grant Walworth [US]	W	16	8
Richard Rogers [US]	Davin Erickson [US]	L	16	9
Sava Radovic [US]	Andres Estrada [US]	L	0	1
Sava Radovic [US]	Steven Tokar [US]	W	3	2
Sava Radovic [US]	Preston Alberts [US]	W	6	3
Sava Radovic [US]	jaguar mount [CA]	L	6	4
Sava Radovic [US]	Lily Morgan [US]	W	9	5
Sava Radovic [US]	Michael Lade [US]	W	12	6
Sava Radovic [US]	Nathaniel Zlockie [US]	T	13	7
Sava Radovic [US]	Mike Wargo [US]	W	16	8
Sava Radovic [US]	Morgan Purdy [US]	L	16	9
Brandon Morris [US]	Riley Hulbert [US]	L	0	1
Brandon Morris [US]	Juniper Ogee [US]	W	3	2
Brandon Morris [US]	Jeff Opp [US]	W	6	3
Brandon Morris [US]	joseph halcomb [US]	W	9	4
Brandon Morris [US]	Manuel Perez [US]	W	12	5
Brandon Morris [US]	Ryan Soety [US]	L	12	6
Brandon Morris [US]	Grayson Lang [US]	L	12	7
Brandon Morris [US]	Eric Straining [US]	W	15	8
Brandon Morris [US]	Matthew Reed [US]	T	16	9
Jeremy Gomez [US]	Eric Liu [US]	W	3	1
Jeremy Gomez [US]	Zeryx Schaefer [US]	L	3	2
Jeremy Gomez [US]	Austin Myers [US]	T	4	3
Jeremy Gomez [US]	Abraham Madruga [US]	W	7	4
Jeremy Gomez [US]	Christian Kennedy [US]	W	10	5
Jeremy Gomez [US]	Carlos Berrios [US]	W	13	6
Jeremy Gomez [US]	Grant Walworth [US]	W	16	7
Jeremy Gomez [US]	Caleb Rogerson [US]	L	16	8
Jeremy Gomez [US]	Dre Alderette [US]	L	16	9
Justin Brothers [US]	Timothy Russ [US]	W	3	1
Justin Brothers [US]	Justin Kim [CA]	W	6	2
Justin Brothers [US]	Cody Graham [US]	W	9	3
Justin Brothers [US]	Alex Hamilton [US]	T	10	4
Justin Brothers [US]	Sanjay Sundararajan [US]	L	10	5
Justin Brothers [US]	Matt Bubp [US]	W	13	6
Justin Brothers [US]	Michael Broderick [US]	L	13	7
Justin Brothers [US]	Wyatt Palguta [US]	L	13	8
Justin Brothers [US]	Jeremie G. [US]	W	16	9
Eric Rink [US]	Justin Turner [US]	T	1	1
Eric Rink [US]	Andre Conroy [US]	W	4	2
Eric Rink [US]	Davin Erickson [US]	W	7	3
Eric Rink [US]	Tristan Rojas [US]	L	7	4
Eric Rink [US]	Philip Matthews [US]	W	10	5
Eric Rink [US]	Nathan Potter [US]	W	13	6
Eric Rink [US]	Robert Deleon [US]	W	16	7
Eric Rink [US]	Krystal Florendo [CA]	L	16	8
Eric Rink [US]	Jake Riggs [US]	L	16	9
Wyatt Palguta [US]	Chace Giusti [US]	W	3	1
Wyatt Palguta [US]	Jose Torres [US]	W	6	2
Wyatt Palguta [US]	Ryan Pham [US]	W	9	3
Wyatt Palguta [US]	Jashua Robles [US]	T	10	4
Wyatt Palguta [US]	Timothy Bennett [US]	L	10	5
Wyatt Palguta [US]	Ayana May [US]	W	13	6
Wyatt Palguta [US]	Tristan Rojas [US]	L	13	7
Wyatt Palguta [US]	Justin Brothers [US]	W	16	8
Wyatt Palguta [US]	Arron Sanyer [US]	L	16	9
Daniel Ceculski [US]	Kai Coe [US]	W	3	1
Daniel Ceculski [US]	Peyton Zelenak [US]	W	6	2
Daniel Ceculski [US]	Andrew Estrada [CA]	L	6	3
Daniel Ceculski [US]	Charles Platel [US]	W	9	4
Daniel Ceculski [US]	Edward Valencia [US]	W	12	5
Daniel Ceculski [US]	siming qian [US]	L	12	6
Daniel Ceculski [US]	Kaylie Prementine [US]	W	15	7
Daniel Ceculski [US]	Nicholas Avarello [US]	T	16	8
Daniel Ceculski [US]	Mason Lovato [US]	L	16	9
Damon Price [US]	Jack Beecher [US]	W	3	1
Damon Price [US]	Ryan Antonucci [US]	L	3	2
Damon Price [US]	Ava Cruzan [US]	W	6	3
Damon Price [US]	Anthony Salomone [US]	W	9	4
Damon Price [US]	Nitish Doolub [UK]	W	12	5
Damon Price [US]	Jack Fedrow [US]	L	12	6
Damon Price [US]	Osvaldo Murillo [US]	T	13	7
Damon Price [US]	Nikolas Carson [CA]	W	16	8
Damon Price [US]	Vincent Vuong [CA]	L	16	9
HECTOR IBARRA [US]	Izaiah Santiago [US]	W	3	1
HECTOR IBARRA [US]	Rishi Gupta [US]	L	3	2
HECTOR IBARRA [US]	**VIP29 Anthony Peppler [US]	W	6	3
HECTOR IBARRA [US]	Joe Browning [US]	W	9	4
HECTOR IBARRA [US]	jaguar mount [CA]	W	12	5
HECTOR IBARRA [US]	Luna Dunham [US]	W	15	6
HECTOR IBARRA [US]	Braiden Elfert [US]	L	15	7
HECTOR IBARRA [US]	Joshua Bickel [US]	T	16	8
HECTOR IBARRA [US]	Jeremy Gumila [US]	L	16	9
Jack Wong [CA]	Cole Rosario [US]	W	3	1
Jack Wong [CA]	Connor Woolf [US]	W	6	2
Jack Wong [CA]	Joe Browning [US]	W	9	3
Jack Wong [CA]	Regan Retzloff [US]	L	9	4
Jack Wong [CA]	Ross Cawthon [US]	L	9	5
Jack Wong [CA]	Alexander Chea [US]	W	12	6
Jack Wong [CA]	Robert Burley [US]	T	13	7
Jack Wong [CA]	Jonathan Valenzuela [US]	L	13	8
Jack Wong [CA]	Jonathan Arias [US]	W	16	9
Rachel Komorowski [US]	David Powell [US]	W	3	1
Rachel Komorowski [US]	Keller Hawkins [US]	L	3	2
Rachel Komorowski [US]	siming qian [US]	L	3	3
Rachel Komorowski [US]	Nate Manning [US]	W	6	4
Rachel Komorowski [US]	Daniel Nelson [US]	W	9	5
Rachel Komorowski [US]	Dalton Heim [US]	W	12	6
Rachel Komorowski [US]	Aaron Hickok [US]	W	15	7
Rachel Komorowski [US]	Mitchell Roberge [US]	T	16	8
Rachel Komorowski [US]	Gibson Archer-Tang [US]	L	16	9
Cobi Kawasaki [US]	Carlos Saenz [MX]	W	3	1
Cobi Kawasaki [US]	Yajie Zhang [CA]	W	6	2
Cobi Kawasaki [US]	Jack Fedrow [US]	L	6	3
Cobi Kawasaki [US]	Derrick Chan [US]	W	9	4
Cobi Kawasaki [US]	Dylan Gunn [US]	L	9	5
Cobi Kawasaki [US]	Anthony Salomone [US]	T	10	6
Cobi Kawasaki [US]	Jason Burch [US]	W	13	7
Cobi Kawasaki [US]	Sergio Rodriguez [CA]	W	16	8
Cobi Kawasaki [US]	Justin Norris [US]	L	16	9
Derrick Schwarz [US]	Crysta Bomenblit [US]	W	3	1
Derrick Schwarz [US]	Austin Kuhn [US]	W	6	2
Derrick Schwarz [US]	Christian Chase [US]	W	9	3
Derrick Schwarz [US]	Tord Reklev [NO]	L	9	4
Derrick Schwarz [US]	Andrew Mahone [US]	L	9	5
Derrick Schwarz [US]	Luke Talkington [US]	L	9	6
Derrick Schwarz [US]	Abe Morales [US]	T	10	7
Derrick Schwarz [US]	Joey Gayda [US]	W	13	8
Derrick Schwarz [US]	Sebastian Ardila [US]	W	16	9
Albert Centeno [US]	Joshua Tierney [US]	W	3	1
Albert Centeno [US]	Victor Carrillo [US]	L	3	2
Albert Centeno [US]	Sam Gulas [US]	W	6	3
Albert Centeno [US]	Ryan Overcash [US]	W	9	4
Albert Centeno [US]	Simon Luong [CA]	T	10	5
Albert Centeno [US]	Justin Tse [CA]	W	13	6
Albert Centeno [US]	Trevor Bales [US]	L	13	7
Albert Centeno [US]	Michele Schiraldi [CA]	L	13	8
Albert Centeno [US]	Calvin Tathanhlong [CA]	W	16	9
Andy Hyun [US]	Mike Hines [US]	W	3	1
Andy Hyun [US]	Cyrus Davis [CA]	L	3	2
Andy Hyun [US]	Leopoldo Narciso [US]	W	6	3
Andy Hyun [US]	Corey Hudson [US]	W	9	4
Andy Hyun [US]	Tyler Herrmann [US]	T	10	5
Andy Hyun [US]	Erich Francis [US]	L	10	6
Andy Hyun [US]	Richard Rogers [US]	L	10	7
Andy Hyun [US]	Xavier Clark [US]	W	13	8
Andy Hyun [US]	Mike Wargo [US]	W	16	9
Daniel Sopko [US]	Neel Patel [US]	T	1	1
Daniel Sopko [US]	**VIP20 Zack Henry [US]	W	4	2
Daniel Sopko [US]	Jonathan Valenzuela [US]	W	7	3
Daniel Sopko [US]	Jerrick Gumila [US]	L	7	4
Daniel Sopko [US]	Aden Cunningham [US]	L	7	5
Daniel Sopko [US]	Anibal Picho [US]	W	10	6
Daniel Sopko [US]	Benjamin Sallavanti [US]	W	13	7
Daniel Sopko [US]	Juan Oliveras [US]	W	16	8
Daniel Sopko [US]	JW Kriewall [US]	L	16	9
Joe Turrentine [US]	Kade Johnson [US]	W	3	1
Joe Turrentine [US]	Niko Sanville [US]	W	6	2
Joe Turrentine [US]	mason hein [US]	W	9	3
Joe Turrentine [US]	Tyler Perry [US]	L	9	4
Joe Turrentine [US]	Michael Canaves [US]	L	9	5
Joe Turrentine [US]	Garry breech [US]	W	12	6
Joe Turrentine [US]	jesse spencer [US]	L	12	7
Joe Turrentine [US]	Michael Moskal [US]	W	15	8
Joe Turrentine [US]	Bryson Hunt [CA]	T	16	9
Bryan Lyons [US]	Freddy Rodriguez [US]	W	3	1
Bryan Lyons [US]	Gwen Tran [US]	W	6	2
Bryan Lyons [US]	Nikolas Christodoulou [US]	L	6	3
Bryan Lyons [US]	**VIP22 Jose Marzan [US]	L	6	4
Bryan Lyons [US]	Cody Leigh [US]	W	9	5
Bryan Lyons [US]	Tyler Zikorus [US]	T	10	6
Bryan Lyons [US]	Charles Platel [US]	W	13	7
Bryan Lyons [US]	Kyle Caruthers [US]	L	13	8
Bryan Lyons [US]	Alan Rosewicz [US]	W	16	9
Luke Talkington [US]	Jerry Han [US]	L	0	1
Luke Talkington [US]	Chi Wu [US]	W	3	2
Luke Talkington [US]	James Juliano [US]	W	6	3
Luke Talkington [US]	Benjamin McEachen [US]	W	9	4
Luke Talkington [US]	Nicholas Avarello [US]	L	9	5
Luke Talkington [US]	Derrick Schwarz [US]	W	12	6
Luke Talkington [US]	Sammy Allen [US]	L	12	7
Luke Talkington [US]	James Arnold [US]	T	13	8
Luke Talkington [US]	Hang Yu Lin [CA]	W	16	9
Mark Dizon [CA]	Ralts Musser [US]	L	0	1
Mark Dizon [CA]	Patrick Earnest [US]	W	3	2
Mark Dizon [CA]	Douglas Cox [US]	T	4	3
Mark Dizon [CA]	Benjamin Merritt [US]	W	7	4
Mark Dizon [CA]	Isaiah Cheville [US]	W	10	5
Mark Dizon [CA]	Justin Norris [US]	L	10	6
Mark Dizon [CA]	Matt Gilson [US]	W	13	7
Mark Dizon [CA]	Jeremy Pritz [CA]	W	16	8
Mark Dizon [CA]	June Norber [US]	L	16	9
Evan Moore [US]	Lenya Bellemare [CA]	W	3	1
Evan Moore [US]	Jeffrey Criss [US]	W	6	2
Evan Moore [US]	Clayton Fagan [US]	W	9	3
Evan Moore [US]	Aaron Hunt [US]	L	9	4
Evan Moore [US]	Dennis Peroff [CA]	W	12	5
Evan Moore [US]	Kris Kavanagh [US]	L	12	6
Evan Moore [US]	Caleb Gedemer [US]	L	12	7
Evan Moore [US]	Shawn Chauvin [CA]	T	13	8
Evan Moore [US]	Jon-Vincent Gonzalve [US]	W	16	9
Michael Guzman [US]	Anthony Strange [US]	T	1	1
Michael Guzman [US]	Kamal Crooks-Valdez [US]	W	4	2
Michael Guzman [US]	Raul Santiago [US]	L	4	3
Michael Guzman [US]	Nicholas Moses [US]	L	4	4
Michael Guzman [US]	Christina Korsak [US]	W	7	5
Michael Guzman [US]	Brandon Conrad [US]	W	10	6
Michael Guzman [US]	Benjamin Grove [US]	W	13	7
Michael Guzman [US]	Aaron Hunt [US]	W	16	8
Michael Guzman [US]	Suchit Koparde [US]	L	16	9
Joseph Feliciano Garcia [US]	Aleaner Pabonnie [US]	T	1	1
Joseph Feliciano Garcia [US]	Steve Menkel [US]	L	1	2
Joseph Feliciano Garcia [US]	Andrew Wakefield [US]	W	4	3
Joseph Feliciano Garcia [US]	Ryan Bowman [US]	W	7	4
Joseph Feliciano Garcia [US]	Bryan Ortiz [CA]	L	7	5
Joseph Feliciano Garcia [US]	James Jason [US]	W	10	6
Joseph Feliciano Garcia [US]	David Ceculski [US]	W	13	7
Joseph Feliciano Garcia [US]	Alexander Hamilton [US]	W	16	8
Joseph Feliciano Garcia [US]	Regan Retzloff [US]	L	16	9
Trevor Bales [US]	Benjamin McEachen [US]	L	0	1
Trevor Bales [US]	Michael Ceculski [US]	W	3	2
Trevor Bales [US]	Rebecca Brichacek [US]	T	4	3
Trevor Bales [US]	Brandon Strong [US]	W	7	4
Trevor Bales [US]	Steven Lavoie [US]	W	10	5
Trevor Bales [US]	joshua daily [US]	W	13	6
Trevor Bales [US]	Albert Centeno [US]	W	16	7
Trevor Bales [US]	Tyler Perry [US]	L	16	8
Trevor Bales [US]	**VIP22 Jose Marzan [US]	L	16	9
Valkyrie Kraemer [US]	Jose Zelaya [US]	T	1	1
Valkyrie Kraemer [US]	Karl Alvarez [US]	W	4	2
Valkyrie Kraemer [US]	Neel Patel [US]	L	4	3
Valkyrie Kraemer [US]	Asher Campbell [US]	W	7	4
Valkyrie Kraemer [US]	Davin Erickson [US]	L	7	5
Valkyrie Kraemer [US]	Ernesto seryey de la cruz cordova [MX]	W	10	6
Valkyrie Kraemer [US]	Andrew Salley [US]	W	13	7
Valkyrie Kraemer [US]	Thomas Brophy [US]	W	16	8
Valkyrie Kraemer [US]	Dalen Dockery [US]	L	16	9
Nolan O'Brien [CA]	Ritter Minnix [US]	W	3	1
Nolan O'Brien [CA]	Russell Monteiro [US]	L	3	2
Nolan O'Brien [CA]	Alexandre Ouellette [CA]	W	6	3
Nolan O'Brien [CA]	Jose Marrero [US]	L	6	4
Nolan O'Brien [CA]	Sean Hipp [US]	W	9	5
Nolan O'Brien [CA]	Ian Robb [US]	L	9	6
Nolan O'Brien [CA]	Chi Wu [US]	W	12	7
Nolan O'Brien [CA]	Jonathan Lupercio [US]	W	15	8
Nolan O'Brien [CA]	Ryan Williams [US]	T	16	9
James Flanagan [US]	Sai Pamulapati [US]	W	3	1
James Flanagan [US]	Andrew Dain [US]	W	6	2
James Flanagan [US]	Dylan Smith [US]	T	7	3
James Flanagan [US]	Robert Akey [US]	W	10	4
James Flanagan [US]	Keller Hawkins [US]	W	13	5
James Flanagan [US]	Conner Truitt [US]	L	13	6
James Flanagan [US]	Brooke English [US]	W	16	7
James Flanagan [US]	Vincent D'Arcy [US]	L	16	8
James Flanagan [US]	Joe Sturino [US]	L	16	9
Michael Pianka [US]	Andrew Sakauye [US]	W	3	1
Michael Pianka [US]	PAUL GIZA [US]	W	6	2
Michael Pianka [US]	Erich Francis [US]	T	7	3
Michael Pianka [US]	Josh Stapler [US]	W	10	4
Michael Pianka [US]	Colton Meahl [US]	L	10	5
Michael Pianka [US]	Calvin Tathanhlong [CA]	L	10	6
Michael Pianka [US]	Josh Greiff [US]	L	10	7
Michael Pianka [US]	Collins Eckard [US]	W	13	8
Michael Pianka [US]	Xavier Williams [US]	W	16	9
Arjun Khadse [US]	Adam Emerson [US]	W	3	1
Arjun Khadse [US]	**VIP34 Dallas White [US]	T	4	2
Arjun Khadse [US]	Noah Sawyer [US]	L	4	3
Arjun Khadse [US]	Michael Zele [US]	L	4	4
Arjun Khadse [US]	Kaylee Hatfield [US]	W	7	5
Arjun Khadse [US]	Joseph Cajas [US]	W	10	6
Arjun Khadse [US]	Matthew Blatnick [US]	W	13	7
Arjun Khadse [US]	Iyla Sutherland [US]	L	13	8
Arjun Khadse [US]	Kristopher Gerald	W	16	9
Carlos Saenz [MX]	Cobi Kawasaki [US]	L	0	1
Carlos Saenz [MX]	Macauley Simmons [US]	W	3	2
Carlos Saenz [MX]	Connor McNamara [US]	W	6	3
Carlos Saenz [MX]	Jimmy O'Brien [US]	W	9	4
Carlos Saenz [MX]	Christian Chase [US]	L	9	5
Carlos Saenz [MX]	Nicholas Linenbroker [US]	T	10	6
Carlos Saenz [MX]	Joseph Kreiser [US]	W	13	7
Carlos Saenz [MX]	Benjamin Howard [US]	L	13	8
Carlos Saenz [MX]	Robert Deleon [US]	W	16	9
Nate Hathaway [US]	Ben DeGarmo [US]	T	1	1
Nate Hathaway [US]	Brandon House [US]	W	4	2
Nate Hathaway [US]	Michele Lesage [CA]	L	4	3
Nate Hathaway [US]	Callie Moore [CA]	T	5	4
Nate Hathaway [US]	Christian Wybieracki [US]	W	8	5
Nate Hathaway [US]	John Bannan [US]	W	11	6
Nate Hathaway [US]	eugene davis [US]	W	14	7
Nate Hathaway [US]	Bradley Erickson [US]	T	15	8
Nate Hathaway [US]	Rico Schugmann [US]	T	16	9
**VIP26 Fred Neilan [US]	Noah Spinale [US]	W	3	1
**VIP26 Fred Neilan [US]	Duncan Crowley [US]	T	4	2
**VIP26 Fred Neilan [US]	Mason Hans [US]	W	7	3
**VIP26 Fred Neilan [US]	Soumil Dusara [US]	L	7	4
**VIP26 Fred Neilan [US]	Matthew Keyes [US]	W	10	5
**VIP26 Fred Neilan [US]	Andres Estrada [US]	L	10	6
**VIP26 Fred Neilan [US]	Edward Khodaei [US]	W	13	7
**VIP26 Fred Neilan [US]	Jacob Noel [US]	L	13	8
**VIP26 Fred Neilan [US]	Jerrick Gumila [US]	W	16	9
Ralph Manahan [CA]	Ramon Morales [US]	T	1	1
Ralph Manahan [CA]	Isaiah Marks [US]	T	2	2
Ralph Manahan [CA]	Nathan Guffey [US]	W	5	3
Ralph Manahan [CA]	Lauren Talley [US]	L	5	4
Ralph Manahan [CA]	**VIP34 Dallas White [US]	W	8	5
Ralph Manahan [CA]	**VIP33 Anthony Watkins [US]	W	11	6
Ralph Manahan [CA]	Regis Bellemare [CA]	W	14	7
Ralph Manahan [CA]	Gavin Zhou [CA]	T	15	8
Ralph Manahan [CA]	Tom Day [CA]	T	16	9
Manuel Perez [US]	luis bermudez [US]	W	3	1
Manuel Perez [US]	Jacob Boris [US]	W	6	2
Manuel Perez [US]	Johny Vu [US]	W	9	3
Manuel Perez [US]	Alexander Pineda [US]	L	9	4
Manuel Perez [US]	Brandon Morris [US]	L	9	5
Manuel Perez [US]	Tyler Tasch [US]	W	12	6
Manuel Perez [US]	Bo Montanye [US]	L	12	7
Manuel Perez [US]	Yarden Segal [CA]	W	15	8
Manuel Perez [US]	Sujith Nalabolu [US]	T	16	9
Sam Chen [US]	Clayton Pennington [US]	W	3	1
Sam Chen [US]	Brandon Roman [US]	T	4	2
Sam Chen [US]	Vincent Vuong [CA]	W	7	3
Sam Chen [US]	Dylan Smith [US]	L	7	4
Sam Chen [US]	Collin Smelcer [US]	W	10	5
Sam Chen [US]	Jeffrey Chau [CA]	L	10	6
Sam Chen [US]	Jake Dillon [US]	L	10	7
Sam Chen [US]	James Riggs [US]	W	13	8
Sam Chen [US]	Brooke English [US]	W	16	9
Donny McCoy [US]	Marvel Moniaga [US]	W	3	1
Donny McCoy [US]	James McDaid [US]	W	6	2
Donny McCoy [US]	Dave Biasotti [US]	W	9	3
Donny McCoy [US]	Arron Sanyer [US]	T	10	4
Donny McCoy [US]	Johnny Rabus [US]	L	10	5
Donny McCoy [US]	Julia Butenhoff [US]	L	10	6
Donny McCoy [US]	Lukas Gindt [US]	L	10	7
Donny McCoy [US]	Jessica Burden-Cheresna [CA]	W	13	8
Donny McCoy [US]	Cody Torres [US]	W	16	9
Richard Freire [US]	Evan Aronhalt [US]	W	3	1
Richard Freire [US]	Jose Padilla Macias [US]	W	6	2
Richard Freire [US]	Keller Hawkins [US]	T	7	3
Richard Freire [US]	Guy Bennett [US]	L	7	4
Richard Freire [US]	Brandon Joestar [US]	W	10	5
Richard Freire [US]	Keegan Ives [US]	L	10	6
Richard Freire [US]	Michael Ginchereau [US]	W	13	7
Richard Freire [US]	Isaiah Cheville [US]	L	13	8
Richard Freire [US]	Ezi Tran [US]	W	16	9
Nicholas Avarello [US]	Ricky Bowman [US]	W	3	1
Nicholas Avarello [US]	Seth Savage [US]	L	3	2
Nicholas Avarello [US]	Josue Velasco [US]	W	6	3
Nicholas Avarello [US]	John Perez [US]	W	9	4
Nicholas Avarello [US]	Luke Talkington [US]	W	12	5
Nicholas Avarello [US]	Roger Ramjit [US]	W	15	6
Nicholas Avarello [US]	Liam Conant [US]	L	15	7
Nicholas Avarello [US]	Daniel Ceculski [US]	T	16	8
Nicholas Avarello [US]	Matthew Hammond [US]	L	16	9
Christopher Regan [US]	Jonathan Nutter [US]	T	1	1
Christopher Regan [US]	robert walter [US]	W	4	2
Christopher Regan [US]	Jeffrey Honea [US]	W	7	3
Christopher Regan [US]	Shawn Cardella [US]	W	10	4
Christopher Regan [US]	Tristan Rojas [US]	L	10	5
Christopher Regan [US]	Joshua Acevedo [US]	L	10	6
Christopher Regan [US]	June Norber [US]	L	10	7
Christopher Regan [US]	Alexane Bellemare [CA]	W	13	8
Christopher Regan [US]	Nathan Newton [US]	W	16	9
Anthony Smith [US]	Steven Spotts [US]	T	1	1
Anthony Smith [US]	Matthew McClain [US]	W	4	2
Anthony Smith [US]	Joshua Everly [US]	W	7	3
Anthony Smith [US]	Cody Criner [US]	W	10	4
Anthony Smith [US]	Justin Tse [CA]	W	13	5
Anthony Smith [US]	Adam Jones [US]	L	13	6
Anthony Smith [US]	Sackett Brehmer [US]	W	16	7
Anthony Smith [US]	Patrick Scharff [US]	L	16	8
Anthony Smith [US]	Brennon Conner [US]	L	16	9
Adinson Hiraldo [DO]	Brayden Karvelas [US]	L	0	1
Adinson Hiraldo [DO]	Ben Helsel [CA]	W	3	2
Adinson Hiraldo [DO]	Matt Bubp [US]	T	4	3
Adinson Hiraldo [DO]	Jonathan Crump [US]	W	7	4
Adinson Hiraldo [DO]	Alexa Weidner [US]	W	10	5
Adinson Hiraldo [DO]	Gilberto Acosta [US]	L	10	6
Adinson Hiraldo [DO]	Isaac Chance [US]	W	13	7
Adinson Hiraldo [DO]	Jonathan Twigg [US]	L	13	8
Adinson Hiraldo [DO]	Derek Swope [US]	W	16	9
Sergio Rodriguez [CA]	Corey Patterson [US]	L	0	1
Sergio Rodriguez [CA]	Brendan Cornell [US]	W	3	2
Sergio Rodriguez [CA]	Justin Kim [CA]	W	6	3
Sergio Rodriguez [CA]	Matthew Hensley [US]	T	7	4
Sergio Rodriguez [CA]	Pranav Ganti [US]	W	10	5
Sergio Rodriguez [CA]	Prin Basser [US]	L	10	6
Sergio Rodriguez [CA]	Bryce Spangler [US]	W	13	7
Sergio Rodriguez [CA]	Cobi Kawasaki [US]	L	13	8
Sergio Rodriguez [CA]	Kevin Williams [US]	W	16	9
Cody Walker [US]	Vincent Mangubat [US]	L	0	1
Cody Walker [US]	Matthew Bowie [US]	W	3	2
Cody Walker [US]	Anthony DiMascio [US]	W	6	3
Cody Walker [US]	Cyrus McCane [US]	L	6	4
Cody Walker [US]	luis bermudez [US]	W	9	5
Cody Walker [US]	Cory Tangman [US]	W	12	6
Cody Walker [US]	Peyton Zelenak [US]	L	12	7
Cody Walker [US]	Andrew Buckner [US]	W	15	8
Cody Walker [US]	Robert Weidman [US]	T	16	9
Matthew Bowie [US]	Zeryx Schaefer [US]	L	0	1
Matthew Bowie [US]	Cody Walker [US]	L	0	2
Matthew Bowie [US]	Macauley Simmons [US]	W	3	3
Matthew Bowie [US]	Ben Wing [US]	W	6	4
Matthew Bowie [US]	Thomas Brophy [US]	T	7	5
Matthew Bowie [US]	Chris Bargeron [US]	W	10	6
Matthew Bowie [US]	Ryan Rafferty [US]	W	13	7
Matthew Bowie [US]	Joey Jordan [US]	W	16	8
Matthew Bowie [US]	Nicholas Moses [US]	L	16	9
Tye Pellecchia [US]	Wesley Tam [CA]	W	3	1
Tye Pellecchia [US]	Tyler Perry [US]	L	3	2
Tye Pellecchia [US]	Anthony Saia [US]	W	6	3
Tye Pellecchia [US]	Maxwell Douglass [US]	W	9	4
Tye Pellecchia [US]	Roger Ramjit [US]	L	9	5
Tye Pellecchia [US]	Anastazja Clappison [CA]	W	12	6
Tye Pellecchia [US]	Christopher Wigelsworth [US]	L	12	7
Tye Pellecchia [US]	Brian Kondor [US]	T	13	8
Tye Pellecchia [US]	Michael Tatarowicz [US]	W	16	9
Preston Alberts [US]	Davin Erickson [US]	L	0	1
Preston Alberts [US]	Nathan Zondlo [US]	W	3	2
Preston Alberts [US]	Sava Radovic [US]	L	3	3
Preston Alberts [US]	MATTHEW DIFIORE [US]	T	4	4
Preston Alberts [US]	Greyson Snyder [US]	W	7	5
Preston Alberts [US]	Jeremy Waxman [US]	W	10	6
Preston Alberts [US]	Joseph Nawal [US]	W	13	7
Preston Alberts [US]	Alex Hamilton [US]	W	16	8
Preston Alberts [US]	Calvin Chang [US]	L	16	9
Dominick Ciampi [US]	Nicholas Mileo [US]	W	3	1
Dominick Ciampi [US]	Cody Smith [US]	W	6	2
Dominick Ciampi [US]	Ryan Bownes [US]	L	6	3
Dominick Ciampi [US]	Kyle Sanchez [US]	T	7	4
Dominick Ciampi [US]	Jon-Vincent Gonzalve [US]	W	10	5
Dominick Ciampi [US]	Bryce Branch [US]	L	10	6
Dominick Ciampi [US]	Brandon Joestar [US]	W	13	7
Dominick Ciampi [US]	Maxim Korobov [US]	L	13	8
Dominick Ciampi [US]	Jared Alindogan [US]	W	16	9
Joshua Bickel [US]	Abe Morales [US]	W	3	1
Joshua Bickel [US]	Dakota Davey [US]	W	6	2
Joshua Bickel [US]	Sean Munn [US]	L	6	3
Joshua Bickel [US]	Brandon May [US]	L	6	4
Joshua Bickel [US]	Logan Forsythe [US]	W	9	5
Joshua Bickel [US]	Chazz Castaneda [US]	W	12	6
Joshua Bickel [US]	Trevor Passmore [US]	W	15	7
Joshua Bickel [US]	HECTOR IBARRA [US]	T	16	8
Joshua Bickel [US]	Benjamin Howard [US]	L	16	9
Tom Nardello [US]	Michael Godla [US]	W	3	1
Tom Nardello [US]	Brian Gonzalez [US]	W	6	2
Tom Nardello [US]	Ezequiel Moreno [US]	W	9	3
Tom Nardello [US]	Daniel Fappiano [US]	T	10	4
Tom Nardello [US]	Brooke English [US]	L	10	5
Tom Nardello [US]	Matthew Connors [US]	L	10	6
Tom Nardello [US]	Riley Harris [US]	L	10	7
Tom Nardello [US]	David Jackson [US]	W	13	8
Tom Nardello [US]	Nikita Matyukov [US]	W	16	9
Preston Rutledge [US]	Christian LaBella [CA]	L	0	1
Preston Rutledge [US]	caleb cordis [US]	W	3	2
Preston Rutledge [US]	Tristan Batman Macek [US]	W	6	3
Preston Rutledge [US]	Jake Gearhart [US]	T	7	4
Preston Rutledge [US]	Sean Medeiros [US]	W	10	5
Preston Rutledge [US]	Gage Linton [US]	W	13	6
Preston Rutledge [US]	Joshua Acevedo [US]	L	13	7
Preston Rutledge [US]	Brooke English [US]	W	16	8
Preston Rutledge [US]	Jack Bray [US]	L	16	9
Grant Walworth [US]	Karl Alvarez [US]	T	1	1
Grant Walworth [US]	Thomas Fogarty [US]	L	1	2
Grant Walworth [US]	Jonathan Lopez [US]	W	4	3
Grant Walworth [US]	Jonathan Arias [US]	W	7	4
Grant Walworth [US]	Matthew Nixon [US]	W	10	5
Grant Walworth [US]	Gina Padron [US]	W	13	6
Grant Walworth [US]	Jeremy Gomez [US]	L	13	7
Grant Walworth [US]	Richard Rogers [US]	L	13	8
Grant Walworth [US]	Harry West [AU]	W	16	9
Gage Linton [US]	Rachael Laney [US]	W	3	1
Gage Linton [US]	Sean Dutcher [US]	W	6	2
Gage Linton [US]	Keaton Gill [US]	L	6	3
Gage Linton [US]	Cody Friend [US]	W	9	4
Gage Linton [US]	Carlos Berrios [US]	T	10	5
Gage Linton [US]	Preston Rutledge [US]	L	10	6
Gage Linton [US]	James Byrum [US]	L	10	7
Gage Linton [US]	Anibal Picho [US]	W	13	8
Gage Linton [US]	Samuel Tolson III [US]	W	16	9
Roger Ramjit [US]	Joseph Hoover [US]	L	0	1
Roger Ramjit [US]	Jeremy Pritz [CA]	W	3	2
Roger Ramjit [US]	Samantha Durci [US]	W	6	3
Roger Ramjit [US]	Roman Runyon [US]	W	9	4
Roger Ramjit [US]	Tye Pellecchia [US]	W	12	5
Roger Ramjit [US]	Nicholas Avarello [US]	L	12	6
Roger Ramjit [US]	Owen Johnson [CA]	L	12	7
Roger Ramjit [US]	Jonah Villarosa [US]	T	13	8
Roger Ramjit [US]	Zach Lowman [US]	W	16	9
Joe Rowe [US]	Bradley Lippert [US]	L	0	1
Joe Rowe [US]	Peyton Bauermeister [US]	L	0	2
Joe Rowe [US]	Adam Starliper [US]	W	3	3
Joe Rowe [US]	Rachel Conroy [US]	W	6	4
Joe Rowe [US]	Dillon Ryan [US]	W	9	5
Joe Rowe [US]	fausto guerrero [US]	W	12	6
Joe Rowe [US]	Jared Burgon [US]	W	15	7
Joe Rowe [US]	Ryan Antonucci [US]	T	16	8
Joe Rowe [US]	Cyrus Davis [CA]	L	16	9
Lorenzo Menendez [CA]	Anthony Le [US]	W	3	1
Lorenzo Menendez [CA]	Jake Gearhart [US]	L	3	2
Lorenzo Menendez [CA]	Rachel Gaston-Pifer [US]	T	4	3
Lorenzo Menendez [CA]	Matt Gilson [US]	W	7	4
Lorenzo Menendez [CA]	Felipe Arias [US]	W	10	5
Lorenzo Menendez [CA]	Chris Franco [US]	L	10	6
Lorenzo Menendez [CA]	Rosh Patel [US]	W	13	7
Lorenzo Menendez [CA]	Kyle Sanchez [US]	W	16	8
Lorenzo Menendez [CA]	Zoe Jacobsen [US]	L	16	9
Nick Newton [US]	James Riggs [US]	L	0	1
Nick Newton [US]	Robert Rupert	W	3	2
Nick Newton [US]	Jesse Garcia [US]	W	6	3
Nick Newton [US]	Richard Rogers [US]	W	9	4
Nick Newton [US]	Grayson Jones [US]	T	10	5
Nick Newton [US]	Justin Bean [US]	W	13	6
Nick Newton [US]	Daniel Lopez [US]	L	13	7
Nick Newton [US]	Alex Rubin [US]	W	16	8
Nick Newton [US]	Iyla Sutherland [US]	L	16	9
Kara Greenstreet [US]	Abery Ohayon [US]	L	0	1
Kara Greenstreet [US]	Zacarias Acefe [US]	W	3	2
Kara Greenstreet [US]	Eudezia Rodrigues [BR]	W	6	3
Kara Greenstreet [US]	Ludwig Llanos [US]	W	9	4
Kara Greenstreet [US]	James Arnold [US]	W	12	5
Kara Greenstreet [US]	Jon Eng [US]	L	12	6
Kara Greenstreet [US]	Johny Vu [US]	W	15	7
Kara Greenstreet [US]	Grayson Lang [US]	L	15	8
Kara Greenstreet [US]	Thai Truong [US]	T	16	9
Tanner Leonardo [US]	Christopher Pendleton [US]	W	3	1
Tanner Leonardo [US]	Randall Coberly [US]	L	3	2
Tanner Leonardo [US]	Raulin Dick [US]	W	6	3
Tanner Leonardo [US]	Bryan Bush [US]	W	9	4
Tanner Leonardo [US]	Bryan Cresswell [CA]	L	9	5
Tanner Leonardo [US]	Adam Beavers [US]	W	12	6
Tanner Leonardo [US]	Michael Moskal [US]	W	15	7
Tanner Leonardo [US]	Jake Riggs [US]	T	16	8
Tanner Leonardo [US]	Calvin Connor [US]	L	16	9
Thai Truong [US]	Rob Stephens [US]	W	3	1
Thai Truong [US]	Akdiel Flores [US]	W	6	2
Thai Truong [US]	SETH RAMOS [US]	T	7	3
Thai Truong [US]	Jeremie G. [US]	W	10	4
Thai Truong [US]	Joshua Wheeler [US]	T	11	5
Thai Truong [US]	Kaylie Prementine [US]	T	12	6
Thai Truong [US]	Vaughn O'Brien [US]	L	12	7
Thai Truong [US]	Natalie Miller [US]	W	15	8
Thai Truong [US]	Kara Greenstreet [US]	T	16	9
Robert Burley [US]	Jensen Durica [US]	W	3	1
Robert Burley [US]	Nathan Potter [US]	L	3	2
Robert Burley [US]	James Harris IV [US]	W	6	3
Robert Burley [US]	Andrew Edberg [US]	W	9	4
Robert Burley [US]	Mitre Prathumratana [US]	W	12	5
Robert Burley [US]	Omar Ben-Gacem [UK]	L	12	6
Robert Burley [US]	Jack Wong [CA]	T	13	7
Robert Burley [US]	Kian Siadat [US]	W	16	8
Robert Burley [US]	Austin Daniels [US]	L	16	9
Jim O’Heron [US]	Loren Sowell [US]	W	3	1
Jim O’Heron [US]	Fernando Calderon Jr [US]	T	4	2
Jim O’Heron [US]	Calvin Tathanhlong [CA]	W	7	3
Jim O’Heron [US]	Anthony Spanitz [US]	W	10	4
Jim O’Heron [US]	Nikolas Carson [CA]	W	13	5
Jim O’Heron [US]	Timothy Bennett [US]	L	13	6
Jim O’Heron [US]	Gregory Playter [US]	L	13	7
Jim O’Heron [US]	Mario Martinez [US]	W	16	8
Jim O’Heron [US]	Shashi Naraine [CA]	L	16	9
Thomas Veazie [US]	Nolan Belcher [US]	W	3	1
Thomas Veazie [US]	Harrison Zipp [US]	L	3	2
Thomas Veazie [US]	Austin Davis [US]	T	4	3
Thomas Veazie [US]	Gibson Archer-Tang [US]	L	4	4
Thomas Veazie [US]	Jake Skurchak [US]	W	7	5
Thomas Veazie [US]	Kevin Fallin [US]	W	10	6
Thomas Veazie [US]	Alexane Bellemare [CA]	W	13	7
Thomas Veazie [US]	Elcain Chase [US]	W	16	8
Thomas Veazie [US]	Ryan Miller [US]	L	16	9
Tom Day [CA]	Keegan Holland [US]	W	3	1
Tom Day [CA]	eugene davis [US]	W	6	2
Tom Day [CA]	Zachery Wolf [US]	L	6	3
Tom Day [CA]	Jalen Jones [US]	L	6	4
Tom Day [CA]	Marvin Lu Banzon [CA]	L	6	5
Tom Day [CA]	Joe Browning [US]	W	9	6
Tom Day [CA]	Kaylee Durham [US]	W	12	7
Tom Day [CA]	Dennis Peroff [CA]	W	15	8
Tom Day [CA]	Ralph Manahan [CA]	T	16	9
Matthew Nixon [US]	Drake Loose [US]	W	3	1
Matthew Nixon [US]	Jason Wang [US]	W	6	2
Matthew Nixon [US]	Kevin Cruz [US]	T	7	3
Matthew Nixon [US]	Duncan Crowley [US]	L	7	4
Matthew Nixon [US]	Grant Walworth [US]	L	7	5
Matthew Nixon [US]	Matthew Hensley [US]	W	10	6
Matthew Nixon [US]	Dario Marchetta [CA]	L	10	7
Matthew Nixon [US]	clayton may [US]	W	13	8
Matthew Nixon [US]	Matt Guyan [US]	W	16	9
Beau Fleetwood [US]	Kyle Parent [US]	W	3	1
Beau Fleetwood [US]	Dominic Vila [US]	W	6	2
Beau Fleetwood [US]	Kyle Caruthers [US]	L	6	3
Beau Fleetwood [US]	James Arnold [US]	L	6	4
Beau Fleetwood [US]	PAUL GIZA [US]	W	9	5
Beau Fleetwood [US]	Ryan Gonzalez [US]	T	10	6
Beau Fleetwood [US]	Kevin Garcia [US]	W	13	7
Beau Fleetwood [US]	Luke Levy [US]	W	16	8
Beau Fleetwood [US]	Daniel Lopez [US]	L	16	9
BILLY CHAN [CA]	Harel Manhaim [IL]	L	0	1
BILLY CHAN [CA]	Matt Marcial [US]	W	3	2
BILLY CHAN [CA]	kyle collins [US]	W	6	3
BILLY CHAN [CA]	Chris Muzyn [US]	W	9	4
BILLY CHAN [CA]	bryan okrey [US]	L	9	5
BILLY CHAN [CA]	James Arnold [US]	W	12	6
BILLY CHAN [CA]	David Martinez [US]	W	15	7
BILLY CHAN [CA]	Myles Holtsclaw [US]	L	15	8
BILLY CHAN [CA]	Tyler Annaert [CA]	T	16	9
Chris Barry [US]	Sean Boerm [US]	W	3	1
Chris Barry [US]	Corey Goss [US]	W	6	2
Chris Barry [US]	Rishi Gupta [US]	L	6	3
Chris Barry [US]	Aaron Hickok [US]	L	6	4
Chris Barry [US]	William Lee [US]	W	9	5
Chris Barry [US]	Max DaSilva [US]	W	12	6
Chris Barry [US]	Bryson Hunt [CA]	L	12	7
Chris Barry [US]	Zach Lowman [US]	T	13	8
Chris Barry [US]	Mustafa Tobah [US]	W	16	9
Kelsey Stapler [US]	Tanner Johnson [US]	W	3	1
Kelsey Stapler [US]	Daniel Lammers [US]	W	6	2
Kelsey Stapler [US]	Petar Luketina [US]	L	6	3
Kelsey Stapler [US]	Jared Burgon [US]	L	6	4
Kelsey Stapler [US]	Martin Solis [US]	L	6	5
Kelsey Stapler [US]	Alex Kalbach [US]	W	9	6
Kelsey Stapler [US]	Eric Cromer [US]	W	12	7
Kelsey Stapler [US]	Macauley Simmons [US]	W	15	8
Kelsey Stapler [US]	Moe Uddin [US]	T	16	9
Eric Rodriguez [US]	Alexander Huesca [US]	W	3	1
Eric Rodriguez [US]	Adam Kosmowski [US]	L	3	2
Eric Rodriguez [US]	James Curtis [US]	W	6	3
Eric Rodriguez [US]	Ezequiel Moreno [US]	L	6	4
Eric Rodriguez [US]	Tristan Lackey [US]	W	9	5
Eric Rodriguez [US]	Calvin Yau [US]	W	12	6
Eric Rodriguez [US]	andrew amistad [CA]	T	13	7
Eric Rodriguez [US]	Lukas Gindt [US]	W	16	8
Eric Rodriguez [US]	Dakota Davey [US]	L	16	9
Robert Weidman [US]	Chris Johncox [US]	T	1	1
Robert Weidman [US]	Levi Wilson [US]	W	4	2
Robert Weidman [US]	clayton may [US]	W	7	3
Robert Weidman [US]	Jarrod Ellis [US]	T	8	4
Robert Weidman [US]	Bryson Cliggett [US]	W	11	5
Robert Weidman [US]	Jared Wilson [US]	T	12	6
Robert Weidman [US]	Christian LaBella [CA]	L	12	7
Robert Weidman [US]	Chad Hewitt [US]	W	15	8
Robert Weidman [US]	Cody Walker [US]	T	16	9
Kevin Garcia [US]	Julio Funes [US]	W	3	1
Kevin Garcia [US]	Kenneth Mauder [US]	T	4	2
Kevin Garcia [US]	Anthony Alvarez [US]	W	7	3
Kevin Garcia [US]	Aleaner Pabonnie [US]	L	7	4
Kevin Garcia [US]	Bradley Erickson [US]	L	7	5
Kevin Garcia [US]	MATTHEW DIFIORE [US]	W	10	6
Kevin Garcia [US]	Beau Fleetwood [US]	L	10	7
Kevin Garcia [US]	Mikela Gassert [US]	W	13	8
Kevin Garcia [US]	James Byrum [US]	W	16	9
Joseph Brecht [US]	Anthony Miller [US]	W	3	1
Joseph Brecht [US]	Miguel Acevedo [US]	L	3	2
Joseph Brecht [US]	**VIP19 Charlie Hall [US]	W	6	3
Joseph Brecht [US]	Caleb Rogerson [US]	T	7	4
Joseph Brecht [US]	Juan Flores [US]	W	10	5
Joseph Brecht [US]	Ryan Vujanovich [US]	W	13	6
Joseph Brecht [US]	Aden Cunningham [US]	L	13	7
Joseph Brecht [US]	Erick Devine [US]	W	16	8
Joseph Brecht [US]	Landen Kaetler [CA]	L	16	9
Nathaniel Zlockie [US]	Gustavo Ortiz [US]	W	3	1
Nathaniel Zlockie [US]	David Martinez [US]	L	3	2
Nathaniel Zlockie [US]	Casey Blatchford [US]	W	6	3
Nathaniel Zlockie [US]	Josh Maurer [US]	W	9	4
Nathaniel Zlockie [US]	Gabe Shumway [US]	L	9	5
Nathaniel Zlockie [US]	Joseph Rebernik [US]	W	12	6
Nathaniel Zlockie [US]	Sava Radovic [US]	T	13	7
Nathaniel Zlockie [US]	Brock Davis [US]	W	16	8
Nathaniel Zlockie [US]	Caleb Gedemer [US]	L	16	9
Tyler Herrmann [US]	Jeremy Klug [US]	W	3	1
Tyler Herrmann [US]	Benjamin Nackman [US]	L	3	2
Tyler Herrmann [US]	Loren Sowell [US]	W	6	3
Tyler Herrmann [US]	Victor Ghibu [CA]	W	9	4
Tyler Herrmann [US]	Andy Hyun [US]	T	10	5
Tyler Herrmann [US]	Mateo Thompson Soto [US]	L	10	6
Tyler Herrmann [US]	Michael Lacek [US]	W	13	7
Tyler Herrmann [US]	Jonathan Lopez [US]	L	13	8
Tyler Herrmann [US]	Eamon Johnston [US]	W	16	9
garrett briglia [US]	DJ Alleyne [US]	L	0	1
garrett briglia [US]	Anna Tarasuk [US]	L	0	2
garrett briglia [US]	Jesse Spangler [US]	W	3	3
garrett briglia [US]	Abby Brown [US]	W	6	4
garrett briglia [US]	Hasan Kunukcu [US]	W	9	5
garrett briglia [US]	Ryan Williams [US]	W	12	6
garrett briglia [US]	Andrew Mahone [US]	W	15	7
garrett briglia [US]	Christian Chase [US]	L	15	8
garrett briglia [US]	CJ Rodriguez [US]	T	16	9
Austin Roop [US]	Lion Chen [US]	W	3	1
Austin Roop [US]	William Hughes [US]	T	4	2
Austin Roop [US]	Charles Martin [US]	W	7	3
Austin Roop [US]	Kenny Hernandez [US]	L	7	4
Austin Roop [US]	Kelly Nimmons [US]	W	10	5
Austin Roop [US]	Kraig Krueger [US]	W	13	6
Austin Roop [US]	Brennan Jackson [US]	L	13	7
Austin Roop [US]	Mason Lovato [US]	L	13	8
Austin Roop [US]	Nikolas Carson [CA]	W	16	9
Lukas Gindt [US]	Charles Snyder III [US]	W	3	1
Lukas Gindt [US]	Zach Lowman [US]	L	3	2
Lukas Gindt [US]	Michael Catrino [US]	W	6	3
Lukas Gindt [US]	Brendan Cevasco [US]	L	6	4
Lukas Gindt [US]	Mitchell O'Neill [US]	T	7	5
Lukas Gindt [US]	Alexander Welsh [US]	W	10	6
Lukas Gindt [US]	Donny McCoy [US]	W	13	7
Lukas Gindt [US]	Eric Rodriguez [US]	L	13	8
Lukas Gindt [US]	Joseph Nawal [US]	W	16	9
Nick Dela Torre [US]	Ryan Harris [US]	L	0	1
Nick Dela Torre [US]	Phillip Lineberry [US]	W	3	2
Nick Dela Torre [US]	Sean Andrese [US]	W	6	3
Nick Dela Torre [US]	Eric Nickell [US]	T	7	4
Nick Dela Torre [US]	Aushton Kelusky [CA]	L	7	5
Nick Dela Torre [US]	Aidan Cioppa [US]	L	7	6
Nick Dela Torre [US]	Bryan Bare [US]	W	10	7
Nick Dela Torre [US]	Joshua Tolan [US]	W	13	8
Nick Dela Torre [US]	Brock Davis [US]	W	16	9
Matthew Wood [CA]	Garrett Scott [US]	W	3	1
Matthew Wood [CA]	Anthony Nimmons [US]	W	6	2
Matthew Wood [CA]	Francisco Figueroa [US]	T	7	3
Matthew Wood [CA]	Troy Campbell [US]	L	7	4
Matthew Wood [CA]	Austin Ragotzy [US]	L	7	5
Matthew Wood [CA]	Corey Hudson [US]	W	10	6
Matthew Wood [CA]	Jeffrey Criss [US]	W	13	7
Matthew Wood [CA]	Calvin Tathanhlong [CA]	W	16	8
Matthew Wood [CA]	Chris Fulop [US]	L	16	9
Mateo Arboleda [EC]	Andrew Estrada [CA]	L	0	1
Mateo Arboleda [EC]	Julio Funes [US]	W	3	2
Mateo Arboleda [EC]	Jeremy James [US]	T	4	3
Mateo Arboleda [EC]	Josh Lynn [US]	W	7	4
Mateo Arboleda [EC]	Alana Watanabe [US]	W	10	5
Mateo Arboleda [EC]	Seth Dollars [US]	L	10	6
Mateo Arboleda [EC]	Anthony Abalsamo [US]	W	13	7
Mateo Arboleda [EC]	Arron Sanyer [US]	L	13	8
Mateo Arboleda [EC]	Landon Riffle [US]	W	16	9
Jeffrey Criss [US]	Brock Davis [US]	W	3	1
Jeffrey Criss [US]	Evan Moore [US]	L	3	2
Jeffrey Criss [US]	Isaac Chance [US]	W	6	3
Jeffrey Criss [US]	Omar Ben-Gacem [UK]	L	6	4
Jeffrey Criss [US]	Shalom Arellano [US]	T	7	5
Jeffrey Criss [US]	Logan Nelson [US]	W	10	6
Jeffrey Criss [US]	Matthew Wood [CA]	L	10	7
Jeffrey Criss [US]	Nik Barbero [US]	W	13	8
Jeffrey Criss [US]	Greyson Snyder [US]	W	16	9
Kevin Qi [US]	Chris Siakala [US]	W	3	1
Kevin Qi [US]	Ludwig Llanos [US]	W	6	2
Kevin Qi [US]	Ayana May [US]	T	7	3
Kevin Qi [US]	James Quick [US]	L	7	4
Kevin Qi [US]	Michele Schiraldi [CA]	L	7	5
Kevin Qi [US]	Josh Lemon [US]	W	10	6
Kevin Qi [US]	Joseph Cornell [US]	L	10	7
Kevin Qi [US]	Brian Peavy [US]	W	13	8
Kevin Qi [US]	Jose Gonzalez [US]	W	16	9
Carl Caldwell [US]	Hubert Lin [US]	T	1	1
Carl Caldwell [US]	Joshua Acevedo [US]	L	1	2
Carl Caldwell [US]	Aidan Cioppa [US]	L	1	3
Carl Caldwell [US]	Eric Thieleman [US]	W	4	4
Carl Caldwell [US]	Patrick Rampton [US]	W	7	5
Carl Caldwell [US]	Kyle Baxter [US]	W	10	6
Carl Caldwell [US]	Josh Maurer [US]	W	13	7
Carl Caldwell [US]	tyler palmison [US]	W	16	8
Carl Caldwell [US]	Mateo Thompson Soto [US]	L	16	9
Jan Michael Ortiz [US]	Matthew Monteiro [US]	W	3	1
Jan Michael Ortiz [US]	Michael Dones [US]	T	4	2
Jan Michael Ortiz [US]	Maxwell Johnson [US]	W	7	3
Jan Michael Ortiz [US]	Dalen Dockery [US]	L	7	4
Jan Michael Ortiz [US]	Joshua Curtin [US]	L	7	5
Jan Michael Ortiz [US]	Jonathan Acosta [US]	L	7	6
Jan Michael Ortiz [US]	Dillon Ryan [US]	W	10	7
Jan Michael Ortiz [US]	Chris Degner [US]	W	13	8
Jan Michael Ortiz [US]	Michael Lacek [US]	W	16	9
Michael Broderick [US]	Sarah Burnside [CA]	L	0	1
Michael Broderick [US]	Bryan Cantrell [US]	W	3	2
Michael Broderick [US]	Tanner Johnson [US]	W	6	3
Michael Broderick [US]	Collin Smelcer [US]	T	7	4
Michael Broderick [US]	Juan Escalera [US]	W	10	5
Michael Broderick [US]	Austin Ragotzy [US]	W	13	6
Michael Broderick [US]	Justin Brothers [US]	W	16	7
Michael Broderick [US]	Chris Franco [US]	L	16	8
Michael Broderick [US]	Jonathan Valenzuela [US]	L	16	9
Josh Stapler [US]	Shalom Arellano [US]	W	3	1
Josh Stapler [US]	Cody Leigh [US]	T	4	2
Josh Stapler [US]	William Hughes [US]	W	7	3
Josh Stapler [US]	Michael Pianka [US]	L	7	4
Josh Stapler [US]	Erich Francis [US]	L	7	5
Josh Stapler [US]	Zach Paullet [US]	W	10	6
Josh Stapler [US]	Gina Padron [US]	L	10	7
Josh Stapler [US]	Aman Soni [US]	W	13	8
Josh Stapler [US]	John Hudson [US]	W	16	9
Luke Levy [US]	Mauricio Patino [US]	T	1	1
Luke Levy [US]	**VIP31 Joseph Sumner [US]	L	1	2
Luke Levy [US]	Grant Monson [US]	W	4	3
Luke Levy [US]	Richard Cornwall [US]	W	7	4
Luke Levy [US]	Matthew Hensley [US]	W	10	5
Luke Levy [US]	Joseph Nawal [US]	W	13	6
Luke Levy [US]	Prin Basser [US]	L	13	7
Luke Levy [US]	Beau Fleetwood [US]	L	13	8
Luke Levy [US]	Cresmar Justin Hernaez [US]	W	16	9
Jonathan Lopez [US]	Christopher Osborn [US]	T	1	1
Jonathan Lopez [US]	clayton may [US]	L	1	2
Jonathan Lopez [US]	Grant Walworth [US]	L	1	3
Jonathan Lopez [US]	Brandon Jaramillo [US]	W	4	4
Jonathan Lopez [US]	Gregory Fortier [CA]	W	7	5
Jonathan Lopez [US]	Solomon Shurge [US]	W	10	6
Jonathan Lopez [US]	Joshua Everly [US]	W	13	7
Jonathan Lopez [US]	Tyler Herrmann [US]	W	16	8
Jonathan Lopez [US]	Isaiah Cheville [US]	L	16	9
David Ceculski [US]	Matthew Kirk [US]	W	3	1
David Ceculski [US]	Brandon Joestar [US]	W	6	2
David Ceculski [US]	Will Schoeffler [US]	L	6	3
David Ceculski [US]	Grayson Jones [US]	L	6	4
David Ceculski [US]	Drake Loose [US]	T	7	5
David Ceculski [US]	AJ DeLalla [US]	W	10	6
David Ceculski [US]	Joseph Feliciano Garcia [US]	L	10	7
David Ceculski [US]	Samantha HoangLong [US]	W	13	8
David Ceculski [US]	MATTHEW DIFIORE [US]	W	16	9
Taylor Mitchell [US]	Beckham Barnett [US]	W	3	1
Taylor Mitchell [US]	Derek Swope [US]	L	3	2
Taylor Mitchell [US]	Andrew Haga [US]	W	6	3
Taylor Mitchell [US]	Shashi Naraine [CA]	L	6	4
Taylor Mitchell [US]	Jonathan Zielenski [US]	W	9	5
Taylor Mitchell [US]	Jay Cristiano [CA]	L	9	6
Taylor Mitchell [US]	Xander Pineda [US]	T	10	7
Taylor Mitchell [US]	Chazz Castaneda [US]	W	13	8
Taylor Mitchell [US]	John Perez [US]	W	16	9
Ryan Mooney [US]	Buddy Perry [US]	L	0	1
Ryan Mooney [US]	Adam Emerson [US]	W	3	2
Ryan Mooney [US]	Marvin Lu Banzon [CA]	L	3	3
Ryan Mooney [US]	Benjamin Morse [US]	W	6	4
Ryan Mooney [US]	Dakota McMurray [US]	W	9	5
Ryan Mooney [US]	Isaac Chance [US]	T	10	6
Ryan Mooney [US]	Miguel Acevedo [US]	W	13	7
Ryan Mooney [US]	John Hudson [US]	W	16	8
Ryan Mooney [US]	Andrew Ryals [US]	L	16	9
Kraig Krueger [US]	Zach Hess [US]	W	3	1
Kraig Krueger [US]	Kevin Cruz [US]	L	3	2
Kraig Krueger [US]	Jeremy Waxman [US]	W	6	3
Kraig Krueger [US]	Ben Vasquez [US]	W	9	4
Kraig Krueger [US]	joshua daily [US]	T	10	5
Kraig Krueger [US]	Austin Roop [US]	L	10	6
Kraig Krueger [US]	Cody Criner [US]	L	10	7
Kraig Krueger [US]	Logan Poindexter [US]	W	13	8
Kraig Krueger [US]	Nick Alvarez [US]	W	16	9
Justin Bean [US]	Matthew Jacko [US]	W	3	1
Justin Bean [US]	Evan Huang [CA]	W	6	2
Justin Bean [US]	Evan Brzeczkowski [US]	L	6	3
Justin Bean [US]	Anthony Guevara [US]	W	9	4
Justin Bean [US]	Sarah Reischmann [US]	T	10	5
Justin Bean [US]	Nick Newton [US]	L	10	6
Justin Bean [US]	Vincent Vuong [CA]	L	10	7
Justin Bean [US]	Anthony Spanitz [US]	W	13	8
Justin Bean [US]	Karl Alvarez [US]	W	16	9
Morgan Abreu [US]	Kevin Cruz [US]	L	0	1
Morgan Abreu [US]	Keven Muniz [US]	T	1	2
Morgan Abreu [US]	Michele Schiraldi [CA]	L	1	3
Morgan Abreu [US]	Chelsea-Rose Halkyard [US]	W	4	4
Morgan Abreu [US]	Samuel Tolson III [US]	W	7	5
Morgan Abreu [US]	Erick Mauricio [US]	W	10	6
Morgan Abreu [US]	Anthony Salomone [US]	W	13	7
Morgan Abreu [US]	Zackary Turner [US]	W	16	8
Morgan Abreu [US]	Kyle Caruthers [US]	L	16	9
Alexander Polkow [US]	Jon Hoyt [US]	W	3	1
Alexander Polkow [US]	Juan Oliveras [US]	W	6	2
Alexander Polkow [US]	Anthony Romanello [US]	L	6	3
Alexander Polkow [US]	Stephen Palombo [US]	W	9	4
Alexander Polkow [US]	Tory Dunworth [US]	L	9	5
Alexander Polkow [US]	Michael Plocinik [US]	W	12	6
Alexander Polkow [US]	John Hudson [US]	T	13	7
Alexander Polkow [US]	Duncan Crowley [US]	L	13	8
Alexander Polkow [US]	Kyle Leibenguth [US]	W	16	9
Jerry Li [US]	Adolfo Estrada [US]	W	3	1
Jerry Li [US]	Jeremy James [US]	W	6	2
Jerry Li [US]	Ivan Chan [US]	L	6	3
Jerry Li [US]	Jacob Gross [US]	L	6	4
Jerry Li [US]	Heather Coleman [US]	W	9	5
Jerry Li [US]	Andrew Buckner [US]	L	9	6
Jerry Li [US]	Jose Torres [US]	T	10	7
Jerry Li [US]	Wesley Tam [CA]	W	13	8
Jerry Li [US]	Josh Fuller [US]	W	16	9
Donny Nguyen [US]	Toby Eyre [US]	W	3	1
Donny Nguyen [US]	Dylan Smith [US]	L	3	2
Donny Nguyen [US]	Jacob Pellizzon [CA]	L	3	3
Donny Nguyen [US]	Jason Wang [US]	T	4	4
Donny Nguyen [US]	Ethan Wilson [US]	W	7	5
Donny Nguyen [US]	John Ducette [CA]	W	10	6
Donny Nguyen [US]	Michael Godla [US]	L	10	7
Donny Nguyen [US]	Hunter Berry [US]	W	13	8
Donny Nguyen [US]	Dryden Hawn [US]	W	16	9
Moe Uddin [US]	Matthew Keller [US]	W	3	1
Moe Uddin [US]	Tyler Mathews [US]	L	3	2
Moe Uddin [US]	Jon Hoyt [US]	W	6	3
Moe Uddin [US]	Dave Biasotti [US]	W	9	4
Moe Uddin [US]	Kris Kavanagh [US]	L	9	5
Moe Uddin [US]	Jacob Gross [US]	W	12	6
Moe Uddin [US]	Sean Munn [US]	L	12	7
Moe Uddin [US]	Michael Lade [US]	W	15	8
Moe Uddin [US]	Kelsey Stapler [US]	T	16	9
John Sundstrom [US]	Brandon Rutledge [US]	W	3	1
John Sundstrom [US]	Justin Norris [US]	L	3	2
John Sundstrom [US]	Hasan Kunukcu [US]	W	6	3
John Sundstrom [US]	Logan Anna [US]	L	6	4
John Sundstrom [US]	Halim Bourjeili [US]	T	7	5
John Sundstrom [US]	SETH RAMOS [US]	W	10	6
John Sundstrom [US]	Kristopher Gerald	W	13	7
John Sundstrom [US]	Brandon Dean [US]	L	13	8
John Sundstrom [US]	Ritter Minnix [US]	W	16	9
Sam Corder [US]	Victor Carrillo [US]	L	0	1
Sam Corder [US]	Matthew Balbour [US]	T	1	2
Sam Corder [US]	James Bratton [US]	W	4	3
Sam Corder [US]	Emmet Hurley [US]	L	4	4
Sam Corder [US]	Stephen Morris [US]	W	7	5
Sam Corder [US]	Alexandra Rodriguez [US]	W	10	6
Sam Corder [US]	Daniel Pacchioli [US]	W	13	7
Sam Corder [US]	Raul Santiago [US]	W	16	8
Sam Corder [US]	Peyton Bauermeister [US]	L	16	9
Shawn Chauvin [CA]	Eric Nickell [US]	L	0	1
Shawn Chauvin [CA]	Jared Grimes [US]	L	0	2
Shawn Chauvin [CA]	Bo Montanye [US]	L	0	3
Shawn Chauvin [CA]	Sophie Ryan [US]	W	3	4
Shawn Chauvin [CA]	Jake Gallagher [US]	W	6	5
Shawn Chauvin [CA]	Ava Cruzan [US]	W	9	6
Shawn Chauvin [CA]	Wojtek Gronek [CA]	W	12	7
Shawn Chauvin [CA]	Evan Moore [US]	T	13	8
Shawn Chauvin [CA]	Alex Rubin [US]	W	16	9
Ryan Williams [US]	Jason Ball [US]	W	3	1
Ryan Williams [US]	Harry West [AU]	L	3	2
Ryan Williams [US]	Rich Longer [US]	W	6	3
Ryan Williams [US]	Toby Eyre [US]	W	9	4
Ryan Williams [US]	Jose Padilla Macias [US]	L	9	5
Ryan Williams [US]	garrett briglia [US]	L	9	6
Ryan Williams [US]	Brian Ortiz [US]	W	12	7
Ryan Williams [US]	Diane Schemanske [US]	W	15	8
Ryan Williams [US]	Nolan O'Brien [CA]	T	16	9
Osvaldo Murillo [US]	Brendan Cornell [US]	W	3	1
Osvaldo Murillo [US]	Collin Harris [US]	L	3	2
Osvaldo Murillo [US]	Kyle Rios [US]	W	6	3
Osvaldo Murillo [US]	Alexander Huesca [US]	L	6	4
Osvaldo Murillo [US]	Ryan Savino [US]	W	9	5
Osvaldo Murillo [US]	Jonathan Lupercio [US]	W	12	6
Osvaldo Murillo [US]	Damon Price [US]	T	13	7
Osvaldo Murillo [US]	Zoe Jacobsen [US]	L	13	8
Osvaldo Murillo [US]	Mitch Hunsucker [US]	W	16	9
Chris Larson [US]	Austin Ellis [CA]	L	0	1
Chris Larson [US]	luis diaz [US]	T	1	2
Chris Larson [US]	Andy Zhang [US]	L	1	3
Chris Larson [US]	Joshua Cambri [US]	W	4	4
Chris Larson [US]	Michael French [US]	W	7	5
Chris Larson [US]	Dominick Caparotti [US]	W	10	6
Chris Larson [US]	Keller Hawkins [US]	W	13	7
Chris Larson [US]	Ryan Reichley [US]	L	13	8
Chris Larson [US]	andrew amistad [CA]	W	16	9
Michael Godla [US]	Tom Nardello [US]	L	0	1
Michael Godla [US]	Anthony Salomone [US]	L	0	2
Michael Godla [US]	Destiny Bussell [US]	W	3	3
Michael Godla [US]	Jerry Sheng [US]	W	6	4
Michael Godla [US]	Alex Walter [US]	T	7	5
Michael Godla [US]	Amanda Ploener [US]	W	10	6
Michael Godla [US]	Donny Nguyen [US]	W	13	7
Michael Godla [US]	Bryce Branch [US]	W	16	8
Michael Godla [US]	Jonathan Ramirez [US]	L	16	9
Benjamin Grove [US]	**VIP23 Link Maynard [US]	L	0	1
Benjamin Grove [US]	Evan Aronhalt [US]	L	0	2
Benjamin Grove [US]	Paul Martin [US]	W	3	3
Benjamin Grove [US]	Anibal Picho [US]	T	4	4
Benjamin Grove [US]	Walter Anderson [US]	W	7	5
Benjamin Grove [US]	MIchael Bartlam [US]	W	10	6
Benjamin Grove [US]	Michael Guzman [US]	L	10	7
Benjamin Grove [US]	Cameron Kawasaki [US]	W	13	8
Benjamin Grove [US]	Lucas Thiele [US]	W	16	9
Ryan Reichley [US]	Andrew Nunez [US]	L	0	1
Ryan Reichley [US]	Preston Smith [US]	W	3	2
Ryan Reichley [US]	Michael Sherman [US]	L	3	3
Ryan Reichley [US]	Shawn Baker [US]	W	6	4
Ryan Reichley [US]	Allan Simmons [US]	W	9	5
Ryan Reichley [US]	Gregory Sweeney [US]	W	12	6
Ryan Reichley [US]	Anthony Appelt [US]	T	13	7
Ryan Reichley [US]	Chris Larson [US]	W	16	8
Ryan Reichley [US]	Gabriel Smart [US]	L	16	9
Alex Raymond [US]	Tyson Holder [US]	T	1	1
Alex Raymond [US]	Alberto Plasencia [US]	T	2	2
Alex Raymond [US]	Russell Shinabarger [US]	W	5	3
Alex Raymond [US]	Matt Ronnenberg [US]	W	8	4
Alex Raymond [US]	Jonathan Lupercio [US]	T	9	5
Alex Raymond [US]	Michael Zheng [US]	L	9	6
Alex Raymond [US]	Abijah Jongsma [CA]	W	12	7
Alex Raymond [US]	Ryan Kelly [US]	W	15	8
Alex Raymond [US]	DJ Alleyne [US]	T	16	9
Shawn Cardella [US]	Terry anayan [CA]	T	1	1
Shawn Cardella [US]	Denver Hartman [US]	W	4	2
Shawn Cardella [US]	Matt Guyan [US]	W	7	3
Shawn Cardella [US]	Christopher Regan [US]	L	7	4
Shawn Cardella [US]	Lucas Thiele [US]	L	7	5
Shawn Cardella [US]	James Coyle [US]	W	10	6
Shawn Cardella [US]	Raul Santiago [US]	L	10	7
Shawn Cardella [US]	Chris Siakala [US]	W	13	8
Shawn Cardella [US]	Joshua Fine [US]	W	16	9
Jeremy Pritz [CA]	Aaron Hunt [US]	L	0	1
Jeremy Pritz [CA]	Roger Ramjit [US]	L	0	2
Jeremy Pritz [CA]	Stephen McClain [US]	W	3	3
Jeremy Pritz [CA]	Shawn Smith [US]	T	4	4
Jeremy Pritz [CA]	Corey Dancause [US]	W	7	5
Jeremy Pritz [CA]	Andrew Sakauye [US]	W	10	6
Jeremy Pritz [CA]	Ben Vasquez [US]	W	13	7
Jeremy Pritz [CA]	Mark Dizon [CA]	L	13	8
Jeremy Pritz [CA]	Michael French [US]	W	16	9
**VIP15 Brandon Chang [US]	Yakira Tate [US]	W	3	1
**VIP15 Brandon Chang [US]	Nicholas Linenbroker [US]	L	3	2
**VIP15 Brandon Chang [US]	Paul D'Amico [US]	L	3	3
**VIP15 Brandon Chang [US]	Joseph Jennings [US]	W	6	4
**VIP15 Brandon Chang [US]	Amanda Ploener [US]	T	7	5
**VIP15 Brandon Chang [US]	Isaiah Cheville [US]	L	7	6
**VIP15 Brandon Chang [US]	Corey Dancause [US]	W	10	7
**VIP15 Brandon Chang [US]	David Lugo [US]	W	13	8
**VIP15 Brandon Chang [US]	Kyle Sanchez [US]	W	16	9
Alexandre Ouellette [CA]	Dominic Zottoli [US]	L	0	1
Alexandre Ouellette [CA]	BYE	W	3	2
Alexandre Ouellette [CA]	Nolan O'Brien [CA]	L	3	3
Alexandre Ouellette [CA]	Danielle Mckernan [US]	W	6	4
Alexandre Ouellette [CA]	Megan Fiscus [US]	W	9	5
Alexandre Ouellette [CA]	Justin Fedorenka [CA]	T	10	6
Alexandre Ouellette [CA]	Duncan Crowley [US]	L	10	7
Alexandre Ouellette [CA]	Jonathan Crump [US]	W	13	8
Alexandre Ouellette [CA]	Tito Gonzalez [US]	W	16	9
AJ DeLalla [US]	Seth Dollars [US]	T	1	1
AJ DeLalla [US]	Nick Race [US]	W	4	2
AJ DeLalla [US]	Lion Chen [US]	W	7	3
AJ DeLalla [US]	Aaron Walker [US]	L	7	4
AJ DeLalla [US]	riyad mechel [CA]	L	7	5
AJ DeLalla [US]	David Ceculski [US]	L	7	6
AJ DeLalla [US]	Matthew Miller [US]	W	10	7
AJ DeLalla [US]	Patrick Vargas [US]	W	13	8
AJ DeLalla [US]	Cody Criner [US]	W	16	9
James Jason [US]	Michael Ceculski [US]	W	3	1
James Jason [US]	Trevor Van Dyke [US]	T	4	2
James Jason [US]	Tony Vuong [US]	W	7	3
James Jason [US]	Will Jenkins [US]	L	7	4
James Jason [US]	Kyle Sanchez [US]	L	7	5
James Jason [US]	Joseph Feliciano Garcia [US]	L	7	6
James Jason [US]	Kyle Rios [US]	W	10	7
James Jason [US]	Nate Orr [US]	W	13	8
James Jason [US]	Joey Jordan [US]	W	16	9
Jason Wang [US]	Xavier Williams [US]	W	3	1
Jason Wang [US]	Matthew Nixon [US]	L	3	2
Jason Wang [US]	Jerry Han [US]	L	3	3
Jason Wang [US]	Donny Nguyen [US]	T	4	4
Jason Wang [US]	Rachel Gaston-Pifer [US]	L	4	5
Jason Wang [US]	Jeny Villanueva [US]	W	7	6
Jason Wang [US]	Hayes Kwong [US]	W	10	7
Jason Wang [US]	Matthew Keyes [US]	W	13	8
Jason Wang [US]	tyler palmison [US]	W	16	9
anthony grasso [US]	**VIP31 Joseph Sumner [US]	T	1	1
anthony grasso [US]	Mauricio Patino [US]	L	1	2
anthony grasso [US]	Nick Race [US]	L	1	3
anthony grasso [US]	Grant Monson [US]	W	4	4
anthony grasso [US]	Christopher Pendleton [US]	W	7	5
anthony grasso [US]	Cory Koehler [US]	W	10	6
anthony grasso [US]	Kyle Leibenguth [US]	L	10	7
anthony grasso [US]	Steven Mihalson [US]	W	13	8
anthony grasso [US]	Mitchell Courtney [US]	W	16	9
Josh Greiff [US]	Tory Dunworth [US]	L	0	1
Josh Greiff [US]	Ryan Seaburg [US]	W	3	2
Josh Greiff [US]	Nathan Flanders [CA]	L	3	3
Josh Greiff [US]	Jorge Arteaga [US]	T	4	4
Josh Greiff [US]	Samantha Truex [US]	W	7	5
Josh Greiff [US]	Wesley Tam [CA]	W	10	6
Josh Greiff [US]	Michael Pianka [US]	W	13	7
Josh Greiff [US]	Jacob Howard [US]	L	13	8
Josh Greiff [US]	Sean Jackson [US]	W	16	9
James Thiel [US]	Miguel Arocho [US]	L	0	1
James Thiel [US]	Brandon Salazar [US]	L	0	2
James Thiel [US]	Jake Szafranski [US]	T	1	3
James Thiel [US]	Walter Portillo [US]	W	4	4
James Thiel [US]	Wyatt Ethier [US]	W	7	5
James Thiel [US]	Andrew Roman [US]	W	10	6
James Thiel [US]	Pedro Hernandez [US]	L	10	7
James Thiel [US]	Braeden Wentling [US]	W	13	8
James Thiel [US]	Martin Schneider [US]	W	16	9
Trevor Van Dyke [US]	Nichola Bauwelinck [BE]	W	3	1
Trevor Van Dyke [US]	James Jason [US]	T	4	2
Trevor Van Dyke [US]	Timothy Bennett [US]	L	4	3
Trevor Van Dyke [US]	Fayez Syed [US]	T	5	4
Trevor Van Dyke [US]	Jacob Brumfield [US]	T	6	5
Trevor Van Dyke [US]	Cory Thoma [US]	W	9	6
Trevor Van Dyke [US]	Mikela Gassert [US]	T	10	7
Trevor Van Dyke [US]	Michael Ginchereau [US]	W	13	8
Trevor Van Dyke [US]	Edward Khodaei [US]	W	16	9
Andrew Zheng [US]	Bridget Curley [US]	L	0	1
Andrew Zheng [US]	Nelson Normandia [US]	W	3	2
Andrew Zheng [US]	Cody Brown [US]	W	6	3
Andrew Zheng [US]	Jerry Han [US]	T	7	4
Andrew Zheng [US]	Joshua Fine [US]	W	10	5
Andrew Zheng [US]	Dylan Smith [US]	L	10	6
Andrew Zheng [US]	Aman Soni [US]	W	13	7
Andrew Zheng [US]	Dre Alderette [US]	L	13	8
Andrew Zheng [US]	Riley Harris [US]	W	16	9
Anthony Balko [US]	Stephen Morris [US]	T	1	1
Anthony Balko [US]	Anthony Alvarez [US]	L	1	2
Anthony Balko [US]	James Wilson [US]	W	4	3
Anthony Balko [US]	Isaiah Cheville [US]	L	4	4
Anthony Balko [US]	William Hughes [US]	W	7	5
Anthony Balko [US]	Layla Merritt [US]	W	10	6
Anthony Balko [US]	Chace Giusti [US]	W	13	7
Anthony Balko [US]	June Norber [US]	L	13	8
Anthony Balko [US]	Matthew Molloy [US]	W	16	9
Sean Hipp [US]	Brandon Conrad [US]	L	0	1
Sean Hipp [US]	Aaron Tarbell [US]	L	0	2
Sean Hipp [US]	Christopher Kelley [US]	W	3	3
Sean Hipp [US]	alfredo manzanares [US]	W	6	4
Sean Hipp [US]	Nolan O'Brien [CA]	L	6	5
Sean Hipp [US]	James Smith [US]	W	9	6
Sean Hipp [US]	Matt Stachewicz [US]	W	12	7
Sean Hipp [US]	Cameron Shenoy [US]	W	15	8
Sean Hipp [US]	Aidan Ulian [CA]	T	16	9
Joe Ferrari [CA]	Stephen Sinnes [US]	L	0	1
Joe Ferrari [CA]	Destiny Bussell [US]	W	3	2
Joe Ferrari [CA]	Heather Coleman [US]	L	3	3
Joe Ferrari [CA]	Yong-Kyoo Hong [CA]	W	6	4
Joe Ferrari [CA]	Anthony Le [US]	W	9	5
Joe Ferrari [CA]	Corey Lilly [US]	L	9	6
Joe Ferrari [CA]	Rich Longer [US]	W	12	7
Joe Ferrari [CA]	Jose Padilla Macias [US]	W	15	8
Joe Ferrari [CA]	Greg Minklei [US]	T	16	9
Paul Semanco [US]	Jeanfelix Chavez [US]	W	3	1
Paul Semanco [US]	Charles Martin [US]	T	4	2
Paul Semanco [US]	Aleaner Pabonnie [US]	L	4	3
Paul Semanco [US]	Dylan Cassidy [US]	L	4	4
Paul Semanco [US]	Brendan Cornell [US]	W	7	5
Paul Semanco [US]	Megan McBreairty [US]	W	10	6
Paul Semanco [US]	Matthew Upton [US]	L	10	7
Paul Semanco [US]	Ricardo Quintanilla [US]	W	13	8
Paul Semanco [US]	Anthony Giler [US]	W	16	9
Nate Manning [US]	Jonathan Herrera [US]	L	0	1
Nate Manning [US]	Jordan Lipner [US]	L	0	2
Nate Manning [US]	Nick Novak [US]	W	3	3
Nate Manning [US]	Rachel Komorowski [US]	L	3	4
Nate Manning [US]	Zach Bachofner [US]	W	6	5
Nate Manning [US]	Ben Helsel [CA]	W	9	6
Nate Manning [US]	Anastazja Clappison [CA]	W	12	7
Nate Manning [US]	Alex Larson [US]	W	15	8
Nate Manning [US]	Michael Battaglia [CA]	T	16	9
Asher Campbell [US]	John Ducette [CA]	T	1	1
Asher Campbell [US]	Johnny Rabus [US]	L	1	2
Asher Campbell [US]	Daniel Helm [US]	W	4	3
Asher Campbell [US]	Valkyrie Kraemer [US]	L	4	4
Asher Campbell [US]	Kenrry Alvarado [US]	L	4	5
Asher Campbell [US]	joshua adams [US]	W	7	6
Asher Campbell [US]	Aaron Dearborn [US]	W	10	7
Asher Campbell [US]	Anthony Abalsamo [US]	W	13	8
Asher Campbell [US]	Kevin Fallin [US]	W	16	9
Justin Turner [US]	Eric Rink [US]	T	1	1
Justin Turner [US]	Jackson Ford [CA]	L	1	2
Justin Turner [US]	Aidyn Moye [US]	L	1	3
Justin Turner [US]	Emily Sherrard [CA]	W	4	4
Justin Turner [US]	Tony Vuong [US]	W	7	5
Justin Turner [US]	Stephen McGaffney [US]	L	7	6
Justin Turner [US]	Drake Loose [US]	W	10	7
Justin Turner [US]	jean pierre fortin [US]	W	13	8
Justin Turner [US]	David Cook [US]	W	16	9
**VIP21 Charles Hernandez [US]	Sean Munn [US]	L	0	1
**VIP21 Charles Hernandez [US]	Robert Carter [US]	T	1	2
**VIP21 Charles Hernandez [US]	George Gebhardt [US]	L	1	3
**VIP21 Charles Hernandez [US]	Melanie Springer [US]	W	4	4
**VIP21 Charles Hernandez [US]	Jeremy Waxman [US]	L	4	5
**VIP21 Charles Hernandez [US]	Camaren Coker [US]	W	7	6
**VIP21 Charles Hernandez [US]	Lenya Bellemare [CA]	W	10	7
**VIP21 Charles Hernandez [US]	Xander Pineda [US]	W	13	8
**VIP21 Charles Hernandez [US]	Raul Santiago [US]	W	16	9
Nikky Riccio [US]	Melanie Springer [US]	W	3	1
Nikky Riccio [US]	Anastazja Clappison [CA]	L	3	2
Nikky Riccio [US]	Roman Runyon [US]	L	3	3
Nikky Riccio [US]	Taylor Molina [US]	W	6	4
Nikky Riccio [US]	Anthony Finney [US]	L	6	5
Nikky Riccio [US]	Pat Eshghy [US]	W	9	6
Nikky Riccio [US]	Gregory Tschann [US]	W	12	7
Nikky Riccio [US]	Shehwaz Rassiwalla [US]	W	15	8
Nikky Riccio [US]	Nathaniel Edelman [US]	T	16	9
Kaylee Hatfield [US]	Konstantinos Kousidis [US]	W	3	1
Kaylee Hatfield [US]	Jessica Rowland [US]	T	4	2
Kaylee Hatfield [US]	Aaron Walker [US]	L	4	3
Kaylee Hatfield [US]	Kelly Nimmons [US]	L	4	4
Kaylee Hatfield [US]	Arjun Khadse [US]	L	4	5
Kaylee Hatfield [US]	Andrew Wakefield [US]	W	7	6
Kaylee Hatfield [US]	Sean Henninger [US]	W	10	7
Kaylee Hatfield [US]	Ernesto seryey de la cruz cordova [MX]	W	13	8
Kaylee Hatfield [US]	Stefan Bechler [CA]	W	16	9
Matthew Reed [US]	Daniel Ah Tou [US]	L	0	1
Matthew Reed [US]	Vincenzo Porco [CA]	L	0	2
Matthew Reed [US]	Suren Sritharan [CA]	W	3	3
Matthew Reed [US]	Joshua Tierney [US]	W	6	4
Matthew Reed [US]	Kevin Deitche [US]	W	9	5
Matthew Reed [US]	Brandon May [US]	W	12	6
Matthew Reed [US]	Michael Zheng [US]	L	12	7
Matthew Reed [US]	Walker Halliburton [US]	W	15	8
Matthew Reed [US]	Brandon Morris [US]	T	16	9
Tyler Annaert [CA]	Jacob Boris [US]	L	0	1
Tyler Annaert [CA]	Marvin Lu Banzon [CA]	L	0	2
Tyler Annaert [CA]	Peter DeMartino [US]	W	3	3
Tyler Annaert [CA]	Kevin Baxter [US]	W	6	4
Tyler Annaert [CA]	Danny Gavin [US]	L	6	5
Tyler Annaert [CA]	Garrett Scott [US]	W	9	6
Tyler Annaert [CA]	Jacob Walton [US]	W	12	7
Tyler Annaert [CA]	Kaylie Prementine [US]	W	15	8
Tyler Annaert [CA]	BILLY CHAN [CA]	T	16	9
Bryan Funk [US]	Zach Robinson [US]	L	0	1
Bryan Funk [US]	Alex Kalbach [US]	L	0	2
Bryan Funk [US]	Patrick Earnest [US]	W	3	3
Bryan Funk [US]	Kevin Walunas [US]	W	6	4
Bryan Funk [US]	Mose Galdames-Henry [US]	T	7	5
Bryan Funk [US]	Anthony Canizalez [US]	W	10	6
Bryan Funk [US]	Austin Ragotzy [US]	W	13	7
Bryan Funk [US]	Kyle Leibenguth [US]	W	16	8
Bryan Funk [US]	Jacob Noel [US]	L	16	9
Joseph Hayward [US]	Nicholas Moffitt [US]	L	0	1
Joseph Hayward [US]	Nitish Doolub [UK]	L	0	2
Joseph Hayward [US]	Steven Leu [US]	L	0	3
Joseph Hayward [US]	Matthew Miller [US]	T	1	4
Joseph Hayward [US]	Joseph Forjette [US]	W	4	5
Joseph Hayward [US]	Jeremy Sussman [US]	W	7	6
Joseph Hayward [US]	Juan Escalera [US]	W	10	7
Joseph Hayward [US]	Austin Myers [US]	W	13	8
Joseph Hayward [US]	William Lee [US]	W	16	9
Chris Wilkinson [US]	Martin Solis [US]	L	0	1
Chris Wilkinson [US]	Will Eagle [US]	L	0	2
Chris Wilkinson [US]	tienthomas pham [US]	W	3	3
Chris Wilkinson [US]	Samuel Tolson III [US]	T	4	4
Chris Wilkinson [US]	John Owen [US]	W	7	5
Chris Wilkinson [US]	Jack Rindal [US]	L	7	6
Chris Wilkinson [US]	Daniel Ah Tou [US]	W	10	7
Chris Wilkinson [US]	Simon Copenhaver [US]	W	13	8
Chris Wilkinson [US]	Jay Medeiros [CA]	W	16	9
Nathaniel Edelman [US]	Max Martin [US]	L	0	1
Nathaniel Edelman [US]	Zack Usiatynski [US]	L	0	2
Nathaniel Edelman [US]	**VIP27 Dean Parkin [US]	W	3	3
Nathaniel Edelman [US]	Jack Beecher [US]	L	3	4
Nathaniel Edelman [US]	Alexander Edralin [US]	W	6	5
Nathaniel Edelman [US]	Gustavo Ortiz [US]	W	9	6
Nathaniel Edelman [US]	Nikkolas Paserba [US]	W	12	7
Nathaniel Edelman [US]	German Herrera [US]	W	15	8
Nathaniel Edelman [US]	Nikky Riccio [US]	T	16	9
Andrew Padron [US]	Bruce Boshell [US]	T	1	1
Andrew Padron [US]	Paul Margold [CA]	L	1	2
Andrew Padron [US]	Chace Giusti [US]	L	1	3
Andrew Padron [US]	alan bolden [US]	W	4	4
Andrew Padron [US]	Andrew Roman [US]	L	4	5
Andrew Padron [US]	Jacob Henry [US]	W	7	6
Andrew Padron [US]	Ludwig Llanos [US]	W	10	7
Andrew Padron [US]	Melanie Springer [US]	W	13	8
Andrew Padron [US]	Jacob Pellizzon [CA]	W	16	9
Michael Laundrie [US]	Dustin Ashford [CA]	L	0	1
Michael Laundrie [US]	Anthony Bruno [US]	L	0	2
Michael Laundrie [US]	Austin Wood [US]	T	1	3
Michael Laundrie [US]	Kyle Haywood [US]	W	4	4
Michael Laundrie [US]	Andrew Sakauye [US]	L	4	5
Michael Laundrie [US]	Corey Roach [US]	W	7	6
Michael Laundrie [US]	Matthew Kirk [US]	W	10	7
Michael Laundrie [US]	James Curtis [US]	W	13	8
Michael Laundrie [US]	Dario Marchetta [CA]	W	16	9
Dustin Ashford [CA]	Michael Laundrie [US]	W	3	1
Dustin Ashford [CA]	Yehoshua Tate [US]	T	4	2
Dustin Ashford [CA]	Isaiah Cheville [US]	W	7	3
Dustin Ashford [CA]	Joshua Acevedo [US]	W	10	4
Dustin Ashford [CA]	Kevin Cruz [US]	T	11	5
Dustin Ashford [CA]	Aaron Walker [US]	W	14	6
Dustin Ashford [CA]	Peter Kica [US]	L	14	7
Dustin Ashford [CA]	Jack Bray [US]	T	15	8
Dustin Ashford [CA]	Jacqueline Wallis [US]	L	15	9
Christian LaBella [CA]	Preston Rutledge [US]	W	3	1
Christian LaBella [CA]	Jacob Gross [US]	W	6	2
Christian LaBella [CA]	Omar Ben-Gacem [UK]	W	9	3
Christian LaBella [CA]	Kyle Mamounis [US]	W	12	4
Christian LaBella [CA]	Jacob Stock [US]	L	12	5
Christian LaBella [CA]	Daniel Zhou [CA]	L	12	6
Christian LaBella [CA]	Robert Weidman [US]	W	15	7
Christian LaBella [CA]	Luke Smith [US]	L	15	8
Christian LaBella [CA]	Justin Doney [US]	L	15	9
Cyrus McCane [US]	Chris Osburn [US]	W	3	1
Cyrus McCane [US]	Andrew Roman [US]	W	6	2
Cyrus McCane [US]	Hunter Smith [US]	L	6	3
Cyrus McCane [US]	Cody Walker [US]	W	9	4
Cyrus McCane [US]	Haru Nishikawa [JP]	W	12	5
Cyrus McCane [US]	Corey Goss [US]	W	15	6
Cyrus McCane [US]	Mike Newey [US]	L	15	7
Cyrus McCane [US]	Corey Patterson [US]	L	15	8
Cyrus McCane [US]	bryan okrey [US]	L	15	9
Keegan Ives [US]	Saharut Teavahasakulthong [US]	W	3	1
Keegan Ives [US]	Bryan Kennedy [US]	W	6	2
Keegan Ives [US]	Riley Hulbert [US]	W	9	3
Keegan Ives [US]	Keaton Gill [US]	L	9	4
Keegan Ives [US]	Ezequiel Moreno [US]	T	10	5
Keegan Ives [US]	Richard Freire [US]	W	13	6
Keegan Ives [US]	Caleb Rogerson [US]	L	13	7
Keegan Ives [US]	Pedro Hernandez [US]	T	14	8
Keegan Ives [US]	Justin Fedorenka [CA]	T	15	9
siming qian [US]	Harris Noor [US]	L	0	1
siming qian [US]	Katlyn Custer [US]	W	3	2
siming qian [US]	Rachel Komorowski [US]	W	6	3
siming qian [US]	Clayton Fagan [US]	W	9	4
siming qian [US]	Carlos Lugo [US]	W	12	5
siming qian [US]	Daniel Ceculski [US]	W	15	6
siming qian [US]	Dan Hugar [US]	L	15	7
siming qian [US]	Owen Johnson [CA]	L	15	8
siming qian [US]	Jared Burgon [US]	L	15	9
Russell Monteiro [US]	Brandon Salazar [US]	W	3	1
Russell Monteiro [US]	Nolan O'Brien [CA]	W	6	2
Russell Monteiro [US]	Calvin Connor [US]	T	7	3
Russell Monteiro [US]	Noah Kaiser [US]	W	10	4
Russell Monteiro [US]	Andrew Wu [US]	L	10	5
Russell Monteiro [US]	Sarah Reischmann [US]	T	11	6
Russell Monteiro [US]	Erik Nance [US]	W	14	7
Russell Monteiro [US]	Jake Ewart [US]	L	14	8
Russell Monteiro [US]	Adam Caracciolo [US]	T	15	9
Sean Munn [US]	**VIP21 Charles Hernandez [US]	W	3	1
Sean Munn [US]	Jorge Arteaga [US]	W	6	2
Sean Munn [US]	Joshua Bickel [US]	W	9	3
Sean Munn [US]	Michael Diaz [US]	L	9	4
Sean Munn [US]	Cody Graham [US]	L	9	5
Sean Munn [US]	Dennis Peroff [CA]	W	12	6
Sean Munn [US]	Moe Uddin [US]	W	15	7
Sean Munn [US]	Jalen Jones [US]	L	15	8
Sean Munn [US]	Alfredo Sepulveda [US]	L	15	9
Edward Valencia [US]	Andrew Haga [US]	W	3	1
Edward Valencia [US]	Jon-Vincent Gonzalve [US]	W	6	2
Edward Valencia [US]	Mike Newey [US]	W	9	3
Edward Valencia [US]	Ryan Bownes [US]	L	9	4
Edward Valencia [US]	Daniel Ceculski [US]	L	9	5
Edward Valencia [US]	Zachary Cooper [US]	W	12	6
Edward Valencia [US]	Nick Trausch [US]	L	12	7
Edward Valencia [US]	Kris Krueger [US]	W	15	8
Edward Valencia [US]	Bryan Kennedy [US]	L	15	9
Julian Gort-Barry [CA]	Nabeel Hyatt [US]	W	3	1
Julian Gort-Barry [CA]	**VIP29 Anthony Peppler [US]	W	6	2
Julian Gort-Barry [CA]	Andrew Salley [US]	W	9	3
Julian Gort-Barry [CA]	Noel Totomoch [US]	L	9	4
Julian Gort-Barry [CA]	Nicholas Grigson [US]	W	12	5
Julian Gort-Barry [CA]	Sammy Allen [US]	W	15	6
Julian Gort-Barry [CA]	Dylan Gunn [US]	L	15	7
Julian Gort-Barry [CA]	Ian Robb [US]	L	15	8
Julian Gort-Barry [CA]	Brian Carroll [US]	L	15	9
Ryan Prusak [US]	Jared Grimes [US]	W	3	1
Ryan Prusak [US]	Ethan Bougneit [US]	W	6	2
Ryan Prusak [US]	Marco Profenno [US]	W	9	3
Ryan Prusak [US]	Myles Holtsclaw [US]	L	9	4
Ryan Prusak [US]	Cory Tangman [US]	W	12	5
Ryan Prusak [US]	Sebastian Francomartin [US]	L	12	6
Ryan Prusak [US]	Hezekiah Rich [US]	L	12	7
Ryan Prusak [US]	Nathan Hampton [US]	W	15	8
Ryan Prusak [US]	Luke Paul [US]	L	15	9
Nicholas Grigson [US]	John Perez [US]	W	3	1
Nicholas Grigson [US]	Jacky Su [CA]	W	6	2
Nicholas Grigson [US]	Noel Totomoch [US]	L	6	3
Nicholas Grigson [US]	Josh Owens [US]	W	9	4
Nicholas Grigson [US]	Julian Gort-Barry [CA]	L	9	5
Nicholas Grigson [US]	Nick Trausch [US]	L	9	6
Nicholas Grigson [US]	Bryan Hunter [US]	W	12	7
Nicholas Grigson [US]	Victor Aung [US]	L	12	8
Nicholas Grigson [US]	Shena Lavespere [US]	W	15	9
Aren Ashlock [US]	Steven Leu [US]	W	3	1
Aren Ashlock [US]	Ryan Tongue [US]	L	3	2
Aren Ashlock [US]	Saviere Stevens [US]	W	6	3
Aren Ashlock [US]	Edelgard Fox [US]	W	9	4
Aren Ashlock [US]	Jared Burgon [US]	W	12	5
Aren Ashlock [US]	Dylan Gunn [US]	L	12	6
Aren Ashlock [US]	Jay Cristiano [CA]	W	15	7
Aren Ashlock [US]	Jacky Su [CA]	L	15	8
Aren Ashlock [US]	Ryne Morgan [US]	L	15	9
Simon Luong [CA]	Kyle Sanchez [US]	W	3	1
Simon Luong [CA]	Richard Rogers [US]	W	6	2
Simon Luong [CA]	Bryan McDaniel [US]	L	6	3
Simon Luong [CA]	Alex Larson [US]	W	9	4
Simon Luong [CA]	Albert Centeno [US]	T	10	5
Simon Luong [CA]	Raymond Vega [US]	T	11	6
Simon Luong [CA]	William Paquette [US]	T	12	7
Simon Luong [CA]	Ryan Ferry [US]	W	15	8
Simon Luong [CA]	Jack Fedrow [US]	L	15	9
Jordan Lipner [US]	jesse spencer [US]	L	0	1
Jordan Lipner [US]	Nate Manning [US]	W	3	2
Jordan Lipner [US]	Adam Peters [US]	W	6	3
Jordan Lipner [US]	Keaton Williams [US]	W	9	4
Jordan Lipner [US]	Dan Hugar [US]	L	9	5
Jordan Lipner [US]	**VIP17 Ricardo Escobar [US]	W	12	6
Jordan Lipner [US]	Seth Savage [US]	W	15	7
Jordan Lipner [US]	Martin Solis [US]	L	15	8
Jordan Lipner [US]	Jay Cristiano [CA]	L	15	9
Zachery Wolf [US]	Nikolas Daily [US]	W	3	1
Zachery Wolf [US]	Edward Khodaei [US]	W	6	2
Zachery Wolf [US]	Tom Day [CA]	W	9	3
Zachery Wolf [US]	Colton Ames [US]	L	9	4
Zachery Wolf [US]	Michael Messina [US]	W	12	5
Zachery Wolf [US]	Jose Padilla Macias [US]	W	15	6
Zachery Wolf [US]	Luke Morsa [US]	L	15	7
Zachery Wolf [US]	Ross Cawthon [US]	L	15	8
Zachery Wolf [US]	Corey Lilly [US]	L	15	9
German Herrera [US]	Zach Goodwin [US]	W	3	1
German Herrera [US]	Ethan Szendrey [CA]	L	3	2
German Herrera [US]	John Hudson [US]	W	6	3
German Herrera [US]	Anthony Barrante [US]	W	9	4
German Herrera [US]	Nicholas Moffitt [US]	L	9	5
German Herrera [US]	Haru Nishikawa [JP]	L	9	6
German Herrera [US]	Derrick Chan [US]	W	12	7
German Herrera [US]	Nathaniel Edelman [US]	L	12	8
German Herrera [US]	Lauren Talley [US]	W	15	9
Seth Christopher [US]	Carl Gavlik [US]	T	1	1
Seth Christopher [US]	James Gillespie [US]	W	4	2
Seth Christopher [US]	William Timmermeyer [US]	W	7	3
Seth Christopher [US]	Kenneth Mauder [US]	W	10	4
Seth Christopher [US]	Paul Margold [CA]	W	13	5
Seth Christopher [US]	Sawyer Melban [US]	L	13	6
Seth Christopher [US]	Dan Ricci [US]	T	14	7
Seth Christopher [US]	Brian Carroll [US]	T	15	8
Seth Christopher [US]	Steve Zhang [US]	L	15	9
Trenton Staley [US]	Jack Fedrow [US]	L	0	1
Trenton Staley [US]	**VIP32 Karim Velji [CA]	W	3	2
Trenton Staley [US]	Spencer Snyder [US]	W	6	3
Trenton Staley [US]	Crysta Bomenblit [US]	W	9	4
Trenton Staley [US]	Jacob Stillwell [US]	W	12	5
Trenton Staley [US]	Edwin Arrollo [US]	W	15	6
Trenton Staley [US]	Ben Dobberstein [US]	L	15	7
Trenton Staley [US]	Brendan Cevasco [US]	L	15	8
Trenton Staley [US]	Marco Profenno [US]	L	15	9
Wilson Rowland [US]	Scott Trexler [US]	W	3	1
Wilson Rowland [US]	Michael Messina [US]	W	6	2
Wilson Rowland [US]	Blake Reagan [US]	W	9	3
Wilson Rowland [US]	Giancarlo Bortolon [CA]	L	9	4
Wilson Rowland [US]	Caleb Gedemer [US]	L	9	5
Wilson Rowland [US]	Chris Costa [US]	W	12	6
Wilson Rowland [US]	Jared Wilson [US]	W	15	7
Wilson Rowland [US]	Sebastian Francomartin [US]	L	15	8
Wilson Rowland [US]	Cody Friend [US]	L	15	9
Aaron Tarbell [US]	Anibal Picho [US]	L	0	1
Aaron Tarbell [US]	Sean Hipp [US]	W	3	2
Aaron Tarbell [US]	Michael Marino [US]	W	6	3
Aaron Tarbell [US]	Jeffrey Weiss [US]	L	6	4
Aaron Tarbell [US]	Gabriel Rosa [US]	W	9	5
Aaron Tarbell [US]	Nitish Doolub [UK]	W	12	6
Aaron Tarbell [US]	Corey Patterson [US]	L	12	7
Aaron Tarbell [US]	Michael Natto [US]	W	15	8
Aaron Tarbell [US]	Connor Chiappetta [US]	L	15	9
Kris Kavanagh [US]	Chung-Min An [US]	W	3	1
Kris Kavanagh [US]	Corey Lilly [US]	L	3	2
Kris Kavanagh [US]	Chayton Phillips [US]	W	6	3
Kris Kavanagh [US]	Cristian Estrada [US]	W	9	4
Kris Kavanagh [US]	Moe Uddin [US]	W	12	5
Kris Kavanagh [US]	Evan Moore [US]	W	15	6
Kris Kavanagh [US]	Ely Greenfeld [US]	L	15	7
Kris Kavanagh [US]	Sammy Allen [US]	L	15	8
Kris Kavanagh [US]	Jared Wilson [US]	L	15	9
Dennis Peroff [CA]	Alfredo Sepulveda [US]	W	3	1
Dennis Peroff [CA]	Matthew Connors [US]	L	3	2
Dennis Peroff [CA]	Jessica Burden-Cheresna [CA]	W	6	3
Dennis Peroff [CA]	Christopher Wigelsworth [US]	W	9	4
Dennis Peroff [CA]	Evan Moore [US]	L	9	5
Dennis Peroff [CA]	Sean Munn [US]	L	9	6
Dennis Peroff [CA]	Zachary Cooper [US]	W	12	7
Dennis Peroff [CA]	Tom Day [CA]	L	12	8
Dennis Peroff [CA]	Tanner Johnson [US]	W	15	9
Scott Knell [UK]	Mason Hans [US]	T	1	1
Scott Knell [UK]	Jonathan Zazinski [US]	L	1	2
Scott Knell [UK]	luis diaz [US]	W	4	3
Scott Knell [UK]	Zachary Sipling [US]	W	7	4
Scott Knell [UK]	chris bodden [US]	T	8	5
Scott Knell [UK]	Tate Whitesell [US]	W	11	6
Scott Knell [UK]	Jonathan Bergman [US]	L	11	7
Scott Knell [UK]	Robert Simpson [CA]	T	12	8
Scott Knell [UK]	Konstantinos Kousidis [US]	W	15	9
Trevor Passmore [US]	Alexander Greslick [US]	T	1	1
Trevor Passmore [US]	Bryan Daly [US]	W	4	2
Trevor Passmore [US]	Kyle Salzman [US]	W	7	3
Trevor Passmore [US]	Justin Teng [US]	T	8	4
Trevor Passmore [US]	José Torres [US]	W	11	5
Trevor Passmore [US]	Jashua Robles [US]	T	12	6
Trevor Passmore [US]	Joshua Bickel [US]	L	12	7
Trevor Passmore [US]	Jay Cristiano [CA]	L	12	8
Trevor Passmore [US]	Haoyan Kang [US]	W	15	9
Ming Weng [US]	SETH RAMOS [US]	L	0	1
Ming Weng [US]	Alex Walter [US]	W	3	2
Ming Weng [US]	Kris Krueger [US]	W	6	3
Ming Weng [US]	Stephen Eshghy [US]	W	9	4
Ming Weng [US]	Scott Cottrell [US]	T	10	5
Ming Weng [US]	jean pierre fortin [US]	W	13	6
Ming Weng [US]	Michael Davidson [US]	T	14	7
Ming Weng [US]	Luke Paul [US]	T	15	8
Ming Weng [US]	Zach Goodwin [US]	L	15	9
Vaughn O'Brien [US]	Clifton Dalgard [US]	L	0	1
Vaughn O'Brien [US]	Ivan Martinez [MX]	W	3	2
Vaughn O'Brien [US]	James Dorner [US]	W	6	3
Vaughn O'Brien [US]	Ryan Antonucci [US]	L	6	4
Vaughn O'Brien [US]	Cody Friend [US]	W	9	5
Vaughn O'Brien [US]	Ryan Kelly [US]	W	12	6
Vaughn O'Brien [US]	Thai Truong [US]	W	15	7
Vaughn O'Brien [US]	Charlie Kerr [US]	L	15	8
Vaughn O'Brien [US]	Michael Marino [US]	L	15	9
Clifton Dalgard [US]	Vaughn O'Brien [US]	W	3	1
Clifton Dalgard [US]	Michael Ehrhart [US]	W	6	2
Clifton Dalgard [US]	David Martinez [US]	L	6	3
Clifton Dalgard [US]	James Balasiak [CA]	W	9	4
Clifton Dalgard [US]	Victor Carrillo [US]	L	9	5
Clifton Dalgard [US]	Aaron Hickok [US]	L	9	6
Clifton Dalgard [US]	Cory Tangman [US]	W	12	7
Clifton Dalgard [US]	Anthony Bulone [US]	L	12	8
Clifton Dalgard [US]	Jonathan Lupercio [US]	W	15	9
Josh Rhea [US]	Lazaro Bouza [US]	W	3	1
Josh Rhea [US]	Ezi Tran [US]	W	6	2
Josh Rhea [US]	Benjamin Nackman [US]	L	6	3
Josh Rhea [US]	Cory Thoma [US]	W	9	4
Josh Rhea [US]	Nathan Hampton [US]	W	12	5
Josh Rhea [US]	Andrew Estrada [CA]	L	12	6
Josh Rhea [US]	DJ Alleyne [US]	L	12	7
Josh Rhea [US]	Alexander Huesca [US]	W	15	8
Josh Rhea [US]	Joe Dietrich [US]	L	15	9
Leandro Cortez [US]	Christopher Kelley [US]	W	3	1
Leandro Cortez [US]	Zachary Smart [US]	W	6	2
Leandro Cortez [US]	Jessica Love [US]	L	6	3
Leandro Cortez [US]	Darin O'Meara [US]	L	6	4
Leandro Cortez [US]	alexys rodriguez [US]	W	9	5
Leandro Cortez [US]	Ethan Szendrey [CA]	L	9	6
Leandro Cortez [US]	Cody Hope [US]	W	12	7
Leandro Cortez [US]	Justin Kim [CA]	W	15	8
Leandro Cortez [US]	Joseph Jennings [US]	L	15	9
Luis Negron [US]	Destiny Bussell [US]	W	3	1
Luis Negron [US]	Cody Graham [US]	L	3	2
Luis Negron [US]	luis bermudez [US]	W	6	3
Luis Negron [US]	Braidery Camacho [US]	W	9	4
Luis Negron [US]	Jared Woitalla [US]	W	12	5
Luis Negron [US]	Andrew Mahone [US]	W	15	6
Luis Negron [US]	Gabe Shumway [US]	L	15	7
Luis Negron [US]	Daniel Rao [CA]	L	15	8
Luis Negron [US]	Jacob Stillwell [US]	L	15	9
Mike Sprague [NO]	Robert Simpson [CA]	W	3	1
Mike Sprague [NO]	Jesus Ramirez [US]	W	6	2
Mike Sprague [NO]	Justin Lambert [US]	T	7	3
Mike Sprague [NO]	Justin Tse [CA]	L	7	4
Mike Sprague [NO]	Raymond Vega [US]	L	7	5
Mike Sprague [NO]	Eric Trinh [US]	T	8	6
Mike Sprague [NO]	Tyler Wyrostek [US]	T	9	7
Mike Sprague [NO]	Seth Heitmann [US]	W	12	8
Mike Sprague [NO]	Brandon Allen [US]	W	15	9
Adam Caracciolo [US]	Jonathan Patterson [US]	W	3	1
Adam Caracciolo [US]	Bradley Lippert [US]	L	3	2
Adam Caracciolo [US]	Caleb Sprague [US]	W	6	3
Adam Caracciolo [US]	Gabriel Smart [US]	W	9	4
Adam Caracciolo [US]	Alex Rubin [US]	T	10	5
Adam Caracciolo [US]	Angelo Mangosing [CA]	T	11	6
Adam Caracciolo [US]	Aushton Kelusky [CA]	L	11	7
Adam Caracciolo [US]	Bryson Cliggett [US]	W	14	8
Adam Caracciolo [US]	Russell Monteiro [US]	T	15	9
Ethan Bougneit [US]	Kenrry Alvarado [US]	W	3	1
Ethan Bougneit [US]	Ryan Prusak [US]	L	3	2
Ethan Bougneit [US]	Daniel Leon [US]	L	3	3
Ethan Bougneit [US]	Marty Reyes [US]	W	6	4
Ethan Bougneit [US]	Jack Beecher [US]	W	9	5
Ethan Bougneit [US]	Paul D'Amico [US]	W	12	6
Ethan Bougneit [US]	Jared Woitalla [US]	L	12	7
Ethan Bougneit [US]	Jonathan Zielenski [US]	W	15	8
Ethan Bougneit [US]	Evan Aronhalt [US]	L	15	9
Maxwell Douglass [US]	Joshua Tolan [US]	W	3	1
Maxwell Douglass [US]	Calvin Connor [US]	L	3	2
Maxwell Douglass [US]	Kenrry Alvarado [US]	W	6	3
Maxwell Douglass [US]	Tye Pellecchia [US]	L	6	4
Maxwell Douglass [US]	Orin Porter [US]	W	9	5
Maxwell Douglass [US]	Anthony DiMascio [US]	W	12	6
Maxwell Douglass [US]	mason hein [US]	L	12	7
Maxwell Douglass [US]	Joshua Wheeler [US]	W	15	8
Maxwell Douglass [US]	Jared Woitalla [US]	L	15	9
Andrew Buckner [US]	Ben Gateley [US]	W	3	1
Andrew Buckner [US]	Joshua Wheeler [US]	L	3	2
Andrew Buckner [US]	Brandon Stull [US]	W	6	3
Andrew Buckner [US]	Bryson Hunt [CA]	L	6	4
Andrew Buckner [US]	Kaylee Durham [US]	W	9	5
Andrew Buckner [US]	Jerry Li [US]	W	12	6
Andrew Buckner [US]	Christopher Venier [CA]	L	12	7
Andrew Buckner [US]	Cody Walker [US]	L	12	8
Andrew Buckner [US]	Adam Peters [US]	W	15	9
Natalie Miller [US]	Austin Marshall [US]	W	3	1
Natalie Miller [US]	Marty Reyes [US]	W	6	2
Natalie Miller [US]	Luke Paul [US]	L	6	3
Natalie Miller [US]	Ryan Savino [US]	W	9	4
Natalie Miller [US]	Nathan Bumbarger [US]	L	9	5
Natalie Miller [US]	Aidan Ulian [CA]	L	9	6
Natalie Miller [US]	Nathan Ritchie [CA]	W	12	7
Natalie Miller [US]	Thai Truong [US]	L	12	8
Natalie Miller [US]	Zach Stone [US]	W	15	9
Bradley Erickson [US]	**VIP28 Joshua Murray [US]	L	0	1
Bradley Erickson [US]	Zachary Kennedy [US]	W	3	2
Bradley Erickson [US]	Kaylee Durham [US]	W	6	3
Bradley Erickson [US]	Jon-Vincent Gonzalve [US]	T	7	4
Bradley Erickson [US]	Kevin Garcia [US]	W	10	5
Bradley Erickson [US]	James Gillespie [US]	T	11	6
Bradley Erickson [US]	Zach Laska [US]	W	14	7
Bradley Erickson [US]	Nate Hathaway [US]	T	15	8
Bradley Erickson [US]	Andres David Torres [CO]	L	15	9
Adrian Barrientos [US]	Jose Padilla Macias [US]	L	0	1
Adrian Barrientos [US]	Grayson Lang [US]	W	3	2
Adrian Barrientos [US]	Andrew Dain [US]	L	3	3
Adrian Barrientos [US]	Jasmine Kohler [US]	W	6	4
Adrian Barrientos [US]	Ludwig Llanos [US]	W	9	5
Adrian Barrientos [US]	Benjamin Howard [US]	L	9	6
Adrian Barrientos [US]	Rafal Gladysz [US]	W	12	7
Adrian Barrientos [US]	Raulin Dick [US]	W	15	8
Adrian Barrientos [US]	Tyler Ralston [US]	L	15	9
Rafal Gladysz [US]	Harrison Leven [US]	L	0	1
Rafal Gladysz [US]	Jack Bray [US]	W	3	2
Rafal Gladysz [US]	Brock Davis [US]	W	6	3
Rafal Gladysz [US]	Kyle Cook [US]	W	9	4
Rafal Gladysz [US]	Alexander Hamilton [US]	L	9	5
Rafal Gladysz [US]	Steve Zhang [US]	L	9	6
Rafal Gladysz [US]	Adrian Barrientos [US]	L	9	7
Rafal Gladysz [US]	Eric Aubertin [CA]	W	12	8
Rafal Gladysz [US]	Edelgard Fox [US]	W	15	9
Carlos Artze [US]	Javi Marrero [US]	W	3	1
Carlos Artze [US]	Jessica Burden-Cheresna [CA]	W	6	2
Carlos Artze [US]	Chazz Castaneda [US]	W	9	3
Carlos Artze [US]	Chris Fulop [US]	L	9	4
Carlos Artze [US]	Conor Devins [US]	W	12	5
Carlos Artze [US]	Victor Carrillo [US]	L	12	6
Carlos Artze [US]	Shehwaz Rassiwalla [US]	W	15	7
Carlos Artze [US]	Ciaran Farah [CA]	L	15	8
Carlos Artze [US]	John Munoz [US]	L	15	9
Kenny Ngo [US]	David Stressman [US]	W	3	1
Kenny Ngo [US]	Meryl Otter [US]	W	6	2
Kenny Ngo [US]	Brad Brown [US]	L	6	3
Kenny Ngo [US]	Ryan Miller [US]	L	6	4
Kenny Ngo [US]	Samantha HoangLong [US]	W	9	5
Kenny Ngo [US]	Jose Luis Sanchez [US]	W	12	6
Kenny Ngo [US]	Charlie Kerr [US]	L	12	7
Kenny Ngo [US]	Seth Savage [US]	L	12	8
Kenny Ngo [US]	Harry Rachel [US]	W	15	9
Conor Devins [US]	Anthony Giler [US]	W	3	1
Conor Devins [US]	Austin Frailing [US]	W	6	2
Conor Devins [US]	Logan Anna [US]	W	9	3
Conor Devins [US]	Jeremy Gibson [US]	L	9	4
Conor Devins [US]	Carlos Artze [US]	L	9	5
Conor Devins [US]	Ryan Ferry [US]	L	9	6
Conor Devins [US]	Andrew Haga [US]	W	12	7
Conor Devins [US]	Tyler Ralston [US]	L	12	8
Conor Devins [US]	Axel Alvarez [US]	W	15	9
Raymond Vega [US]	**VIP30 Zachary Stokes [US]	W	3	1
Raymond Vega [US]	Keaton Gill [US]	L	3	2
Raymond Vega [US]	Andrew DaSilva [US]	T	4	3
Raymond Vega [US]	Andrew Roman [US]	W	7	4
Raymond Vega [US]	Mike Sprague [NO]	W	10	5
Raymond Vega [US]	Simon Luong [CA]	T	11	6
Raymond Vega [US]	Diane Schemanske [US]	T	12	7
Raymond Vega [US]	Josh Owens [US]	W	15	8
Raymond Vega [US]	Kevin Cruz [US]	L	15	9
Evan Gregory [US]	Phoebe DePerry [US]	W	3	1
Evan Gregory [US]	James Quick [US]	T	4	2
Evan Gregory [US]	Matthew Novak [US]	W	7	3
Evan Gregory [US]	Nathan Forte [US]	T	8	4
Evan Gregory [US]	Lauren Talley [US]	T	9	5
Evan Gregory [US]	Evan Aronhalt [US]	L	9	6
Evan Gregory [US]	Akdiel Flores [US]	L	9	7
Evan Gregory [US]	Matt Stachewicz [US]	W	12	8
Evan Gregory [US]	Andy Jiang [US]	W	15	9
Wojtek Gronek [CA]	Brian Kondor [US]	W	3	1
Wojtek Gronek [CA]	Ryan Bownes [US]	L	3	2
Wojtek Gronek [CA]	Saharut Teavahasakulthong [US]	L	3	3
Wojtek Gronek [CA]	Domenick Ritchie [CA]	W	6	4
Wojtek Gronek [CA]	Evan Aronhalt [US]	L	6	5
Wojtek Gronek [CA]	Katlyn Custer [US]	W	9	6
Wojtek Gronek [CA]	Shawn Chauvin [CA]	L	9	7
Wojtek Gronek [CA]	Dave Biasotti [US]	W	12	8
Wojtek Gronek [CA]	Jose Marrero [US]	W	15	9
Toby Eyre [US]	Donny Nguyen [US]	L	0	1
Toby Eyre [US]	Daniel D'Angelo [US]	W	3	2
Toby Eyre [US]	James Byrum [US]	W	6	3
Toby Eyre [US]	Ryan Williams [US]	L	6	4
Toby Eyre [US]	Vincenzo Porco [CA]	W	9	5
Toby Eyre [US]	Chris Gonzalez [US]	W	12	6
Toby Eyre [US]	Dregan Shook [US]	L	12	7
Toby Eyre [US]	Zach Stone [US]	W	15	8
Toby Eyre [US]	Gavin Zhou [CA]	L	15	9
Justin Fedorenka [CA]	Patrick DAurora [US]	W	3	1
Justin Fedorenka [CA]	kyle collins [US]	W	6	2
Justin Fedorenka [CA]	Daniel Nelson [US]	W	9	3
Justin Fedorenka [CA]	Ryan Soety [US]	L	9	4
Justin Fedorenka [CA]	Daniel Zhou [CA]	L	9	5
Justin Fedorenka [CA]	Alexandre Ouellette [CA]	T	10	6
Justin Fedorenka [CA]	Stephen Sinnes [US]	T	11	7
Justin Fedorenka [CA]	Bailey Cleavenger [US]	W	14	8
Justin Fedorenka [CA]	Keegan Ives [US]	T	15	9
Hezekiah Rich [US]	Liam Halliburton [US]	L	0	1
Hezekiah Rich [US]	Michael Kiser [US]	W	3	2
Hezekiah Rich [US]	Richard Rogers [US]	L	3	3
Hezekiah Rich [US]	Matthew Hill-Kent [CA]	W	6	4
Hezekiah Rich [US]	Nick Alvarez [US]	W	9	5
Hezekiah Rich [US]	Josh Litvinoff [US]	W	12	6
Hezekiah Rich [US]	Ryan Prusak [US]	W	15	7
Hezekiah Rich [US]	Brad Brown [US]	L	15	8
Hezekiah Rich [US]	Dominic Viola [US]	L	15	9
Alexander Huesca [US]	Eric Rodriguez [US]	L	0	1
Alexander Huesca [US]	Camaren Coker [US]	W	3	2
Alexander Huesca [US]	Daniel Lammers [US]	W	6	3
Alexander Huesca [US]	Osvaldo Murillo [US]	W	9	4
Alexander Huesca [US]	Jose Marrero [US]	W	12	5
Alexander Huesca [US]	Sarah Burnside [CA]	L	12	6
Alexander Huesca [US]	Benjamin McEachen [US]	L	12	7
Alexander Huesca [US]	Josh Rhea [US]	L	12	8
Alexander Huesca [US]	Brandon Stull [US]	W	15	9
Erik Nance [US]	Logan Stumbo [US]	W	3	1
Erik Nance [US]	Joseph Cajas [US]	T	4	2
Erik Nance [US]	Chris martens [US]	W	7	3
Erik Nance [US]	Erich Francis [US]	W	10	4
Erik Nance [US]	Aaron Walker [US]	T	11	5
Erik Nance [US]	Alexander Byrd [US]	L	11	6
Erik Nance [US]	Russell Monteiro [US]	L	11	7
Erik Nance [US]	James Gillespie [US]	W	14	8
Erik Nance [US]	Scott Mottern [US]	T	15	9
Heather Coleman [US]	Krystal Florendo [CA]	L	0	1
Heather Coleman [US]	Andy Zepeda [US]	W	3	2
Heather Coleman [US]	Joe Ferrari [CA]	W	6	3
Heather Coleman [US]	Jose Padilla Macias [US]	L	6	4
Heather Coleman [US]	Jerry Li [US]	L	6	5
Heather Coleman [US]	Chris Osburn [US]	W	9	6
Heather Coleman [US]	Nitish Doolub [UK]	W	12	7
Heather Coleman [US]	Johny Vu [US]	W	15	8
Heather Coleman [US]	Ramon Morales [US]	L	15	9
Justin Kim [CA]	Matthew Balbour [US]	W	3	1
Justin Kim [CA]	Justin Brothers [US]	L	3	2
Justin Kim [CA]	Sergio Rodriguez [CA]	L	3	3
Justin Kim [CA]	Mike Fouchet [US]	W	6	4
Justin Kim [CA]	Chris Osburn [US]	W	9	5
Justin Kim [CA]	Jiazuo Sun [US]	W	12	6
Justin Kim [CA]	Ryan Antonucci [US]	L	12	7
Justin Kim [CA]	Leandro Cortez [US]	L	12	8
Justin Kim [CA]	Alex Pearce [US]	W	15	9
José Torres [US]	Sam Macaluso [US]	T	1	1
José Torres [US]	Orla Gotthelf [US]	W	4	2
José Torres [US]	**VIP34 Dallas White [US]	T	5	3
José Torres [US]	Hugh McMurray [US]	W	8	4
José Torres [US]	Trevor Passmore [US]	L	8	5
José Torres [US]	Justin Kulas [US]	W	11	6
José Torres [US]	Corey Blankenship [US]	L	11	7
José Torres [US]	Damian Schell [US]	W	14	8
José Torres [US]	Zach Laska [US]	T	15	9
Corey Goss [US]	Aaron Dearborn [US]	W	3	1
Corey Goss [US]	Chris Barry [US]	L	3	2
Corey Goss [US]	Azul Garcia Griego [US]	W	6	3
Corey Goss [US]	Ritter Minnix [US]	W	9	4
Corey Goss [US]	Jeffrey Weiss [US]	W	12	5
Corey Goss [US]	Cyrus McCane [US]	L	12	6
Corey Goss [US]	Gable Funchess [US]	L	12	7
Corey Goss [US]	Bryan Kennedy [US]	L	12	8
Corey Goss [US]	Dave Abt [US]	W	15	9
Nitish Doolub [UK]	Connor Woolf [US]	L	0	1
Nitish Doolub [UK]	Joseph Hayward [US]	W	3	2
Nitish Doolub [UK]	Kayla Plotkin [US]	W	6	3
Nitish Doolub [UK]	Shehwaz Rassiwalla [US]	W	9	4
Nitish Doolub [UK]	Damon Price [US]	L	9	5
Nitish Doolub [UK]	Aaron Tarbell [US]	L	9	6
Nitish Doolub [UK]	Heather Coleman [US]	L	9	7
Nitish Doolub [UK]	Leopoldo Narciso [US]	W	12	8
Nitish Doolub [UK]	Brenden Littlefield [US]	W	15	9
Nathan Hampton [US]	Carlos Berrios [US]	W	3	1
Nathan Hampton [US]	Nate Orr [US]	W	6	2
Nathan Hampton [US]	Alexander Hamilton [US]	L	6	3
Nathan Hampton [US]	Anastazja Clappison [CA]	W	9	4
Nathan Hampton [US]	Josh Rhea [US]	L	9	5
Nathan Hampton [US]	Mitchell Courtney [US]	W	12	6
Nathan Hampton [US]	CJ Rodriguez [US]	L	12	7
Nathan Hampton [US]	Ryan Prusak [US]	L	12	8
Nathan Hampton [US]	Russell Dilley [US]	W	15	9
Diane Schemanske [US]	Stephen Cavanaugh [US]	W	3	1
Diane Schemanske [US]	Nathan Forte [US]	L	3	2
Diane Schemanske [US]	Steven Lavoie [US]	T	4	3
Diane Schemanske [US]	John Mostowy [US]	T	5	4
Diane Schemanske [US]	Fayez Syed [US]	W	8	5
Diane Schemanske [US]	Cesar Garcia-Carranza [US]	W	11	6
Diane Schemanske [US]	Raymond Vega [US]	T	12	7
Diane Schemanske [US]	Ryan Williams [US]	L	12	8
Diane Schemanske [US]	Marvin Lu Banzon [CA]	W	15	9
Stephen Eshghy [US]	Logan Anna [US]	L	0	1
Stephen Eshghy [US]	Hunter Berry [US]	W	3	2
Stephen Eshghy [US]	Ramon Mera [US]	W	6	3
Stephen Eshghy [US]	Ming Weng [US]	L	6	4
Stephen Eshghy [US]	Ethan Singleman [US]	W	9	5
Stephen Eshghy [US]	Dave Biasotti [US]	W	12	6
Stephen Eshghy [US]	Jalen Jones [US]	L	12	7
Stephen Eshghy [US]	Ryan Lavespere [US]	W	15	8
Stephen Eshghy [US]	Akdiel Flores [US]	L	15	9
Dan Irish [US]	Alex Hamilton [US]	L	0	1
Dan Irish [US]	Ben Gateley [US]	L	0	2
Dan Irish [US]	Juniper Ogee [US]	W	3	3
Dan Irish [US]	Josue Velasco [US]	W	6	4
Dan Irish [US]	Matthew Hall [US]	W	9	5
Dan Irish [US]	Akdiel Flores [US]	W	12	6
Dan Irish [US]	Owen Rhoads [US]	L	12	7
Dan Irish [US]	Alex Espinosa [US]	W	15	8
Dan Irish [US]	jesse spencer [US]	L	15	9
Jeffrey Honea [US]	Andrew Emerson [US]	W	3	1
Jeffrey Honea [US]	Matt Ronnenberg [US]	T	4	2
Jeffrey Honea [US]	Christopher Regan [US]	L	4	3
Jeffrey Honea [US]	Alan Rosewicz [US]	W	7	4
Jeffrey Honea [US]	Wesley Tam [CA]	W	10	5
Jeffrey Honea [US]	Bryan Ortiz [CA]	T	11	6
Jeffrey Honea [US]	riyad mechel [CA]	L	11	7
Jeffrey Honea [US]	Aidan Cioppa [US]	T	12	8
Jeffrey Honea [US]	Maxwell Bishop [US]	W	15	9
Aidan Cioppa [US]	Francisco Magana [US]	T	1	1
Aidan Cioppa [US]	Collins Eckard [US]	L	1	2
Aidan Cioppa [US]	Carl Caldwell [US]	W	4	3
Aidan Cioppa [US]	Summer Plesko [US]	W	7	4
Aidan Cioppa [US]	Jake Gearhart [US]	L	7	5
Aidan Cioppa [US]	Nick Dela Torre [US]	W	10	6
Aidan Cioppa [US]	Jonathan Acosta [US]	T	11	7
Aidan Cioppa [US]	Jeffrey Honea [US]	T	12	8
Aidan Cioppa [US]	Will Schoeffler [US]	W	15	9
Chad Hewitt [US]	Aneil Saini [CA]	W	3	1
Chad Hewitt [US]	Ross Cawthon [US]	L	3	2
Chad Hewitt [US]	Jonathan Cooper [US]	W	6	3
Chad Hewitt [US]	Riley Hulbert [US]	L	6	4
Chad Hewitt [US]	Andre DiPaola [US]	W	9	5
Chad Hewitt [US]	Jose Medina [US]	L	9	6
Chad Hewitt [US]	Thom Vaknin [US]	W	12	7
Chad Hewitt [US]	Robert Weidman [US]	L	12	8
Chad Hewitt [US]	Bryan Hunter [US]	W	15	9
Cory Tangman [US]	Midori Kawaue [US]	L	0	1
Cory Tangman [US]	Stephen McClain [US]	W	3	2
Cory Tangman [US]	Josh Vassey [US]	W	6	3
Cory Tangman [US]	Saharut Teavahasakulthong [US]	W	9	4
Cory Tangman [US]	Ryan Prusak [US]	L	9	5
Cory Tangman [US]	Cody Walker [US]	L	9	6
Cory Tangman [US]	Clifton Dalgard [US]	L	9	7
Cory Tangman [US]	Thom Vaknin [US]	W	12	8
Cory Tangman [US]	Angelo Mangosing [CA]	W	15	9
Zach Laska [US]	Chris Degner [US]	W	3	1
Zach Laska [US]	PJ Witusik [US]	W	6	2
Zach Laska [US]	Adam Jones [US]	L	6	3
Zach Laska [US]	Gwen Tran [US]	T	7	4
Zach Laska [US]	Joseph Young [US]	T	8	5
Zach Laska [US]	Alex Pearce [US]	W	11	6
Zach Laska [US]	Bradley Erickson [US]	L	11	7
Zach Laska [US]	Jihoon Youn [US]	W	14	8
Zach Laska [US]	José Torres [US]	T	15	9
Austin Kuhn [US]	June Norber [US]	W	3	1
Austin Kuhn [US]	Derrick Schwarz [US]	L	3	2
Austin Kuhn [US]	Julian Riveros [CO]	W	6	3
Austin Kuhn [US]	Stephen Sinnes [US]	L	6	4
Austin Kuhn [US]	Ryan Ferry [US]	L	6	5
Austin Kuhn [US]	Jack Beecher [US]	W	9	6
Austin Kuhn [US]	Michael Natto [US]	L	9	7
Austin Kuhn [US]	Dylan Cassidy [US]	W	12	8
Austin Kuhn [US]	Wilfred Worland [US]	W	15	9
Anthony Strange [US]	Michael Guzman [US]	T	1	1
Anthony Strange [US]	Mathew Moose [US]	W	4	2
Anthony Strange [US]	Sean Van Alen [US]	T	5	3
Anthony Strange [US]	Travis Rowley [US]	W	8	4
Anthony Strange [US]	Joseph Zelis [US]	T	9	5
Anthony Strange [US]	Michael Battaglia [CA]	L	9	6
Anthony Strange [US]	PJ Witusik [US]	W	12	7
Anthony Strange [US]	Dave Abt [US]	W	15	8
Anthony Strange [US]	Chris Berrocal [US]	L	15	9
Daniel Nelson [US]	Joseph Rebernik [US]	W	3	1
Daniel Nelson [US]	Brodee McCoy [US]	W	6	2
Daniel Nelson [US]	Justin Fedorenka [CA]	L	6	3
Daniel Nelson [US]	Alex Rubin [US]	L	6	4
Daniel Nelson [US]	Rachel Komorowski [US]	L	6	5
Daniel Nelson [US]	kyle collins [US]	W	9	6
Daniel Nelson [US]	Dave Biasotti [US]	W	12	7
Daniel Nelson [US]	Cody Friend [US]	L	12	8
Daniel Nelson [US]	Anthony DiMascio [US]	W	15	9
fausto guerrero [US]	Ricardo Romero [MX]	W	3	1
fausto guerrero [US]	Victor Aung [US]	L	3	2
fausto guerrero [US]	Travis Herrell [US]	W	6	3
fausto guerrero [US]	Ben Dobberstein [US]	L	6	4
fausto guerrero [US]	Bryan Bush [US]	W	9	5
fausto guerrero [US]	Joe Rowe [US]	L	9	6
fausto guerrero [US]	Ryan Lavespere [US]	L	9	7
fausto guerrero [US]	Nam Truong [US]	W	12	8
fausto guerrero [US]	Tristan Batman Macek [US]	W	15	9
Steven Tokar [US]	Michael Natto [US]	L	0	1
Steven Tokar [US]	Sava Radovic [US]	L	0	2
Steven Tokar [US]	Thomas Trently [US]	W	3	3
Steven Tokar [US]	Ben Helsel [CA]	W	6	4
Steven Tokar [US]	Ritter Minnix [US]	W	9	5
Steven Tokar [US]	Elcain Chase [US]	L	9	6
Steven Tokar [US]	Ryne Morgan [US]	L	9	7
Steven Tokar [US]	Emily Wierzba [US]	W	12	8
Steven Tokar [US]	Eric Straining [US]	W	15	9
Kaylee Durham [US]	Nick Alvarez [US]	W	3	1
Kaylee Durham [US]	Jack Rindal [US]	L	3	2
Kaylee Durham [US]	Bradley Erickson [US]	L	3	3
Kaylee Durham [US]	Mikela Gassert [US]	W	6	4
Kaylee Durham [US]	Andrew Buckner [US]	L	6	5
Kaylee Durham [US]	Timothy Luke [US]	W	9	6
Kaylee Durham [US]	Tom Day [CA]	L	9	7
Kaylee Durham [US]	Evan Bennett [US]	W	12	8
Kaylee Durham [US]	Hasan Kunukcu [US]	W	15	9
Peyton Zelenak [US]	Jeny Villanueva [US]	W	3	1
Peyton Zelenak [US]	Daniel Ceculski [US]	L	3	2
Peyton Zelenak [US]	Michael Natto [US]	L	3	3
Peyton Zelenak [US]	Carter Eardley [US]	W	6	4
Peyton Zelenak [US]	Anthony Miller [US]	W	9	5
Peyton Zelenak [US]	Savannah Wells [US]	W	12	6
Peyton Zelenak [US]	Cody Walker [US]	W	15	7
Peyton Zelenak [US]	Nick Trausch [US]	L	15	8
Peyton Zelenak [US]	Jared Grimes [US]	L	15	9
Cameron Shenoy [US]	Brandon May [US]	L	0	1
Cameron Shenoy [US]	Tyler Tasch [US]	W	3	2
Cameron Shenoy [US]	Tariq Eddington [US]	W	6	3
Cameron Shenoy [US]	Ricardo Romero [MX]	W	9	4
Cameron Shenoy [US]	Bryson Hunt [CA]	L	9	5
Cameron Shenoy [US]	Lauren Talley [US]	W	12	6
Cameron Shenoy [US]	Ian Robb [US]	L	12	7
Cameron Shenoy [US]	Sean Hipp [US]	L	12	8
Cameron Shenoy [US]	Nichola Bauwelinck [BE]	W	15	9
Harrison Leven [US]	Rafal Gladysz [US]	W	3	1
Harrison Leven [US]	William Lee [US]	L	3	2
Harrison Leven [US]	Byron Breckenridge [US]	W	6	3
Harrison Leven [US]	Joseph Cornell [US]	L	6	4
Harrison Leven [US]	Brian Rivas [US]	W	9	5
Harrison Leven [US]	Anthony Bulone [US]	L	9	6
Harrison Leven [US]	Brian Coppola [US]	W	12	7
Harrison Leven [US]	Rico Schugmann [US]	L	12	8
Harrison Leven [US]	Kris Krueger [US]	W	15	9
Alex Larson [US]	Alexander Hamilton [US]	L	0	1
Alex Larson [US]	Aneil Saini [CA]	W	3	2
Alex Larson [US]	Oliver Stark [US]	W	6	3
Alex Larson [US]	Simon Luong [CA]	L	6	4
Alex Larson [US]	Cody Pedigo [US]	W	9	5
Alex Larson [US]	Ciaran Farah [CA]	L	9	6
Alex Larson [US]	Orin Porter [US]	W	12	7
Alex Larson [US]	Nate Manning [US]	L	12	8
Alex Larson [US]	James Dorner [US]	W	15	9
Jonathan Zielenski [US]	Michael Ginchereau [US]	L	0	1
Jonathan Zielenski [US]	Joseph Jennings [US]	W	3	2
Jonathan Zielenski [US]	Lucas McCulla [US]	W	6	3
Jonathan Zielenski [US]	Daniel Leon [US]	L	6	4
Jonathan Zielenski [US]	Taylor Mitchell [US]	L	6	5
Jonathan Zielenski [US]	J-F Guimond [CA]	W	9	6
Jonathan Zielenski [US]	Joseph Rebernik [US]	W	12	7
Jonathan Zielenski [US]	Ethan Bougneit [US]	L	12	8
Jonathan Zielenski [US]	Michael Morton [US]	W	15	9
Jonathan Carlin [US]	Corey Lilly [US]	L	0	1
Jonathan Carlin [US]	Megan Fiscus [US]	W	3	2
Jonathan Carlin [US]	David Jackson [US]	T	4	3
Jonathan Carlin [US]	John Bannan [US]	T	5	4
Jonathan Carlin [US]	Alfredo Sepulveda [US]	L	5	5
Jonathan Carlin [US]	Jose Zelaya [US]	W	8	6
Jonathan Carlin [US]	Brenden Littlefield [US]	T	9	7
Jonathan Carlin [US]	Juniper Ogee [US]	W	12	8
Jonathan Carlin [US]	Kaylie Prementine [US]	W	15	9
Frank Diaz [US]	Austin Ragotzy [US]	T	1	1
Frank Diaz [US]	Anthony Canizalez [US]	L	1	2
Frank Diaz [US]	Jay Medeiros [CA]	W	4	3
Frank Diaz [US]	Steven Lavoie [US]	L	4	4
Frank Diaz [US]	Juan Pereira [US]	W	7	5
Frank Diaz [US]	Mason Hans [US]	T	8	6
Frank Diaz [US]	Joseph Young [US]	T	9	7
Frank Diaz [US]	Nikkolas Paserba [US]	W	12	8
Frank Diaz [US]	**VIP29 Anthony Peppler [US]	W	15	9
Felipe Arias [US]	Christian Hamby [US]	W	3	1
Felipe Arias [US]	Charles Platel [US]	L	3	2
Felipe Arias [US]	Marquise Briscoe [US]	W	6	3
Felipe Arias [US]	Brennan Jackson [US]	T	7	4
Felipe Arias [US]	Lorenzo Menendez [CA]	L	7	5
Felipe Arias [US]	Paul DeJesus [US]	W	10	6
Felipe Arias [US]	Ryan Pham [US]	T	11	7
Felipe Arias [US]	Hubert Lin [US]	T	12	8
Felipe Arias [US]	Ryan Ferry [US]	W	15	9
Michael Catron [US]	Tecara Newton [CA]	L	0	1
Michael Catron [US]	Gabriel Reyes [US]	W	3	2
Michael Catron [US]	Evan Huang [CA]	W	6	3
Michael Catron [US]	Michael Moskal [US]	L	6	4
Michael Catron [US]	Daniel Ah Tou [US]	W	9	5
Michael Catron [US]	Brian Ortiz [US]	W	12	6
Michael Catron [US]	Corey Lilly [US]	W	15	7
Michael Catron [US]	Michael Zheng [US]	L	15	8
Michael Catron [US]	Mike Fouchet [US]	L	15	9
Alex Morris [US]	Jarek Mead [US]	W	3	1
Alex Morris [US]	Prin Basser [US]	L	3	2
Alex Morris [US]	Abaan Ahmed [US]	L	3	3
Alex Morris [US]	Alex Quach [CA]	W	6	4
Alex Morris [US]	Konstantinos Kousidis [US]	W	9	5
Alex Morris [US]	Michael Moskal [US]	L	9	6
Alex Morris [US]	Jiazuo Sun [US]	L	9	7
Alex Morris [US]	PJ Witusik [US]	W	12	8
Alex Morris [US]	William Paquette [US]	W	15	9
Michael Lade [US]	Seth Savage [US]	L	0	1
Michael Lade [US]	Jalen Jones [US]	L	0	2
Michael Lade [US]	Adolfo Estrada [US]	W	3	3
Michael Lade [US]	Daniel Shogan [US]	W	6	4
Michael Lade [US]	Ramon Mera [US]	W	9	5
Michael Lade [US]	Sava Radovic [US]	L	9	6
Michael Lade [US]	Michael Plocinik [US]	W	12	7
Michael Lade [US]	Moe Uddin [US]	L	12	8
Michael Lade [US]	Jose Padilla Macias [US]	W	15	9
Andrew Haga [US]	Edward Valencia [US]	L	0	1
Andrew Haga [US]	Jihoon Youn [US]	W	3	2
Andrew Haga [US]	Taylor Mitchell [US]	L	3	3
Andrew Haga [US]	Benjamin Gavin [US]	W	6	4
Andrew Haga [US]	Daniel Lammers [US]	L	6	5
Andrew Haga [US]	Konstantinos Kousidis [US]	W	9	6
Andrew Haga [US]	Conor Devins [US]	L	9	7
Andrew Haga [US]	Ava Cruzan [US]	W	12	8
Andrew Haga [US]	Gabriel Lopez [US]	W	15	9
Andrew Dain [US]	Erin Collins [US]	W	3	1
Andrew Dain [US]	James Flanagan [US]	L	3	2
Andrew Dain [US]	Adrian Barrientos [US]	W	6	3
Andrew Dain [US]	Sean Dutcher [US]	L	6	4
Andrew Dain [US]	Jacob Pellizzon [CA]	L	6	5
Andrew Dain [US]	Steven Leu [US]	L	6	6
Andrew Dain [US]	David Powell [US]	W	9	7
Andrew Dain [US]	Jesus Ramirez [US]	W	12	8
Andrew Dain [US]	Michael Messina [US]	W	15	9
Josh Litvinoff [US]	Corey Roach [US]	W	3	1
Josh Litvinoff [US]	Chris Haynes [US]	W	6	2
Josh Litvinoff [US]	Andres David Torres [CO]	L	6	3
Josh Litvinoff [US]	Corey Lilly [US]	L	6	4
Josh Litvinoff [US]	Wesley Renye [US]	W	9	5
Josh Litvinoff [US]	Hezekiah Rich [US]	L	9	6
Josh Litvinoff [US]	Andy Jiang [US]	W	12	7
Josh Litvinoff [US]	Zach Goodwin [US]	L	12	8
Josh Litvinoff [US]	Michael Moskal [US]	W	15	9
Robert Simpson [CA]	Mike Sprague [NO]	L	0	1
Robert Simpson [CA]	Saharut Teavahasakulthong [US]	L	0	2
Robert Simpson [CA]	Jeremy Allen [US]	T	1	3
Robert Simpson [CA]	Austin Wood [US]	W	4	4
Robert Simpson [CA]	Andrew DaSilva [US]	W	7	5
Robert Simpson [CA]	Drew Wilson [US]	W	10	6
Robert Simpson [CA]	Tyler Zikorus [US]	T	11	7
Robert Simpson [CA]	Scott Knell [UK]	T	12	8
Robert Simpson [CA]	Macauley Simmons [US]	W	15	9
Danny Barger [US]	Matt Marcial [US]	W	3	1
Danny Barger [US]	Jeremie G. [US]	L	3	2
Danny Barger [US]	evan fullaway [US]	L	3	3
Danny Barger [US]	Tyler Zikorus [US]	L	3	4
Danny Barger [US]	Daniel Moore [US]	W	6	5
Danny Barger [US]	Adam Peters [US]	W	9	6
Danny Barger [US]	Cody Zimmerman [US]	W	12	7
Danny Barger [US]	Wilfred Worland [US]	W	15	8
Danny Barger [US]	Anthony Bulone [US]	L	15	9
Scott Mottern [US]	J-F Guimond [CA]	T	1	1
Scott Mottern [US]	Ryan Sabelhaus [US]	L	1	2
Scott Mottern [US]	Cass Lynn [US]	W	4	3
Scott Mottern [US]	Joey Jordan [US]	L	4	4
Scott Mottern [US]	Samuel Scime [CA]	T	5	5
Scott Mottern [US]	Jonathan Ruff [US]	W	8	6
Scott Mottern [US]	Nathan Guffey [US]	W	11	7
Scott Mottern [US]	Callie Moore [CA]	W	14	8
Scott Mottern [US]	Erik Nance [US]	T	15	9
Aquilino Diaz [US]	Ryan Soety [US]	L	0	1
Aquilino Diaz [US]	Jonathan Arias [US]	T	1	2
Aquilino Diaz [US]	Rachael Laney [US]	W	4	3
Aquilino Diaz [US]	Shena Lavespere [US]	T	5	4
Aquilino Diaz [US]	Eric Liu [US]	L	5	5
Aquilino Diaz [US]	David Wilber Jr [US]	T	6	6
Aquilino Diaz [US]	Anthony Miller [US]	W	9	7
Aquilino Diaz [US]	Holly Sturm [US]	W	12	8
Aquilino Diaz [US]	Alexander Greslick [US]	W	15	9
Gabriel Rosa [US]	Daniel Zhou [CA]	L	0	1
Gabriel Rosa [US]	Christopher Kelley [US]	W	3	2
Gabriel Rosa [US]	Zoe Jacobsen [US]	L	3	3
Gabriel Rosa [US]	Corey Roach [US]	W	6	4
Gabriel Rosa [US]	Aaron Tarbell [US]	L	6	5
Gabriel Rosa [US]	Abe Morales [US]	L	6	6
Gabriel Rosa [US]	Jesse Spangler [US]	W	9	7
Gabriel Rosa [US]	Scott Zelenak [US]	W	12	8
Gabriel Rosa [US]	Eudezia Rodrigues [BR]	W	15	9
Eric Cromer [US]	Tom Hellkamp [US]	T	1	1
Eric Cromer [US]	Ryan Mayer [US]	T	2	2
Eric Cromer [US]	Brian Peavy [US]	L	2	3
Eric Cromer [US]	Scott Keller [US]	W	5	4
Eric Cromer [US]	Mauricio Patino [US]	W	8	5
Eric Cromer [US]	Nick Forte [US]	T	9	6
Eric Cromer [US]	Kelsey Stapler [US]	L	9	7
Eric Cromer [US]	Dominic Zottoli [US]	W	12	8
Eric Cromer [US]	Nick Race [US]	W	15	9
Charles Ligato [US]	Michael Kiser [US]	W	3	1
Charles Ligato [US]	Carmen Klomparens [US]	T	4	2
Charles Ligato [US]	Travis Rowley [US]	T	5	3
Charles Ligato [US]	Peter Kica [US]	L	5	4
Charles Ligato [US]	John Bannan [US]	L	5	5
Charles Ligato [US]	Richard Cornwall [US]	W	8	6
Charles Ligato [US]	Leopoldo Narciso [US]	T	9	7
Charles Ligato [US]	Brian Rivas [US]	W	12	8
Charles Ligato [US]	Joshua Wheeler [US]	W	15	9
Ryan Lavespere [US]	Christine Lynn [US]	W	3	1
Ryan Lavespere [US]	JUSTIN PETERSON [US]	W	6	2
Ryan Lavespere [US]	Kian Siadat [US]	L	6	3
Ryan Lavespere [US]	Michael Messina [US]	L	6	4
Ryan Lavespere [US]	Matthew Molloy [US]	L	6	5
Ryan Lavespere [US]	Anthony Miller [US]	W	9	6
Ryan Lavespere [US]	fausto guerrero [US]	W	12	7
Ryan Lavespere [US]	Stephen Eshghy [US]	L	12	8
Ryan Lavespere [US]	Blake Reagan [US]	W	15	9
joseph halcomb [US]	Jack Shepard [US]	L	0	1
joseph halcomb [US]	Jimmy Wellington [US]	W	3	2
joseph halcomb [US]	Eric Greene [US]	W	6	3
joseph halcomb [US]	Brandon Morris [US]	L	6	4
joseph halcomb [US]	Yarden Segal [CA]	L	6	5
joseph halcomb [US]	Anthony Le [US]	W	9	6
joseph halcomb [US]	Eric Aubertin [CA]	W	12	7
joseph halcomb [US]	Noah Kaiser [US]	W	15	8
joseph halcomb [US]	Seth Savage [US]	L	15	9
Cole Rosario [US]	Jack Wong [CA]	L	0	1
Cole Rosario [US]	tyler palmison [US]	W	3	2
Cole Rosario [US]	Juan Chao [US]	W	6	3
Cole Rosario [US]	Andrew Salley [US]	L	6	4
Cole Rosario [US]	Elliot Muskat [US]	L	6	5
Cole Rosario [US]	Lily Morgan [US]	L	6	6
Cole Rosario [US]	Nicholas Hruska [US]	W	9	7
Cole Rosario [US]	Cameron Toner [US]	W	12	8
Cole Rosario [US]	Ryan Kelly [US]	W	15	9
Cody Pedigo [US]	Akdiel Flores [US]	L	0	1
Cody Pedigo [US]	Corey Roach [US]	L	0	2
Cody Pedigo [US]	Chuckie Davis [US]	W	3	3
Cody Pedigo [US]	Michael Malone [US]	W	6	4
Cody Pedigo [US]	Alex Larson [US]	L	6	5
Cody Pedigo [US]	PAUL GIZA [US]	W	9	6
Cody Pedigo [US]	Collin Harris [US]	W	12	7
Cody Pedigo [US]	Joseph Jennings [US]	L	12	8
Cody Pedigo [US]	Cody Leigh [US]	W	15	9
Scottie Gore [US]	Stefan Bechler [CA]	L	0	1
Scottie Gore [US]	Robbie Brock [US]	W	3	2
Scottie Gore [US]	Alex Rubin [US]	L	3	3
Scottie Gore [US]	tyler palmison [US]	L	3	4
Scottie Gore [US]	Michael Malone [US]	W	6	5
Scottie Gore [US]	James Santaniello [US]	L	6	6
Scottie Gore [US]	justin jenkins [US]	W	9	7
Scottie Gore [US]	Chi Wu [US]	W	12	8
Scottie Gore [US]	Jose Luis Sanchez [US]	W	15	9
Eric Trinh [US]	Braeden Ferguson [US]	T	1	1
Eric Trinh [US]	Mauricio Martinez [US]	L	1	2
Eric Trinh [US]	Ash Lafford [CA]	W	4	3
Eric Trinh [US]	Daniel Pacchioli [US]	L	4	4
Eric Trinh [US]	Henry Charnock [US]	W	7	5
Eric Trinh [US]	Mike Sprague [NO]	T	8	6
Eric Trinh [US]	Anna Tarasuk [US]	W	11	7
Eric Trinh [US]	Alexander Greslick [US]	T	12	8
Eric Trinh [US]	Ben Gateley [US]	W	15	9
Camden Southern [US]	Matthew Dennington [US]	L	0	1
Camden Southern [US]	Carlos Berrios [US]	L	0	2
Camden Southern [US]	Anthony Loos [US]	W	3	3
Camden Southern [US]	Samuel Estes [US]	W	6	4
Camden Southern [US]	Anastazja Clappison [CA]	L	6	5
Camden Southern [US]	Brandon Gilbert [US]	W	9	6
Camden Southern [US]	Paul D'Amico [US]	W	12	7
Camden Southern [US]	Evan Aronhalt [US]	L	12	8
Camden Southern [US]	Noah Kaiser [US]	W	15	9
Drew Britton [US]	Zach Bowers [US]	L	0	1
Drew Britton [US]	Samantha Radford [US]	L	0	2
Drew Britton [US]	Michael Allen [US]	W	3	3
Drew Britton [US]	Jacob Walton [US]	W	6	4
Drew Britton [US]	Kayla Plotkin [US]	L	6	5
Drew Britton [US]	Guillermo Portillo [US]	W	9	6
Drew Britton [US]	James Arnold [US]	L	9	7
Drew Britton [US]	Travis Rowley [US]	W	12	8
Drew Britton [US]	Jacob Boris [US]	W	15	9
Frank Hunter [US]	Calvin Tathanhlong [CA]	L	0	1
Frank Hunter [US]	Logan Stumbo [US]	L	0	2
Frank Hunter [US]	Dan Mellon [US]	L	0	3
Frank Hunter [US]	Cristian Montas [US]	W	3	4
Frank Hunter [US]	Tyco Huynh [US]	W	6	5
Frank Hunter [US]	Joshua Tierney [US]	W	9	6
Frank Hunter [US]	**VIP17 Ricardo Escobar [US]	W	12	7
Frank Hunter [US]	James Dorner [US]	W	15	8
Frank Hunter [US]	Jessica Love [US]	L	15	9
Cody Hope [US]	Yanci Colon [US]	W	3	1
Cody Hope [US]	James Arnold [US]	L	3	2
Cody Hope [US]	Austin Marshall [US]	T	4	3
Cody Hope [US]	Kamal Crooks-Valdez [US]	T	5	4
Cody Hope [US]	Nicholas Hruska [US]	T	6	5
Cody Hope [US]	Logan Stumbo [US]	W	9	6
Cody Hope [US]	Leandro Cortez [US]	L	9	7
Cody Hope [US]	Nick Fleming [US]	W	12	8
Cody Hope [US]	Christian Dingle [US]	W	15	9
Derrick Chan [US]	Alex Quach [CA]	L	0	1
Derrick Chan [US]	Levi Burke [US]	W	3	2
Derrick Chan [US]	Michael Malone [US]	W	6	3
Derrick Chan [US]	Cobi Kawasaki [US]	L	6	4
Derrick Chan [US]	Tristan Batman Macek [US]	L	6	5
Derrick Chan [US]	Edelgard Fox [US]	W	9	6
Derrick Chan [US]	German Herrera [US]	L	9	7
Derrick Chan [US]	PAUL GIZA [US]	W	12	8
Derrick Chan [US]	Tecara Newton [CA]	W	15	9
Thomas Trently [US]	Matt Gilson [US]	L	0	1
Thomas Trently [US]	Julian Riveros [CO]	L	0	2
Thomas Trently [US]	Steven Tokar [US]	L	0	3
Thomas Trently [US]	Brendan Redinger [US]	W	3	4
Thomas Trently [US]	Connor Woolf [US]	L	3	5
Thomas Trently [US]	Reis Tipton [US]	W	6	6
Thomas Trently [US]	Peter Ma [CA]	W	9	7
Thomas Trently [US]	**VIP32 Karim Velji [CA]	W	12	8
Thomas Trently [US]	Marty Reyes [US]	W	15	9
Rishi Gupta [US]	Anthony Kocan [US]	W	3	1
Rishi Gupta [US]	HECTOR IBARRA [US]	W	6	2
Rishi Gupta [US]	Chris Barry [US]	W	9	3
Rishi Gupta [US]	Petar Luketina [US]	W	12	4
Rishi Gupta [US]	Anthony Appelt [US]	W	15	5
Rishi Gupta [US]	Aleaner Pabonnie [US]	L	15	6
Rishi Gupta [US]	Jon Eng [US]	L	15	7
Rishi Gupta [US]	Christopher Venier [CA]	L	15	8
Evan Brzeczkowski [US]	Nathaniel Lamar [US]	W	3	1
Evan Brzeczkowski [US]	Daniel Ah Tou [US]	W	6	2
Evan Brzeczkowski [US]	Justin Bean [US]	W	9	3
Evan Brzeczkowski [US]	Seth Savage [US]	L	9	4
Evan Brzeczkowski [US]	Robert Bradley [US]	W	12	5
Evan Brzeczkowski [US]	Daniel Leon [US]	W	15	6
Evan Brzeczkowski [US]	Aidan Khus [US]	L	15	7
Evan Brzeczkowski [US]	Austin Ellis [CA]	L	15	8
Aaron Hunt [US]	Jeremy Pritz [CA]	W	3	1
Aaron Hunt [US]	Roman Runyon [US]	W	6	2
Aaron Hunt [US]	Owen Johnson [CA]	W	9	3
Aaron Hunt [US]	Evan Moore [US]	W	12	4
Aaron Hunt [US]	Cyrus Davis [CA]	T	13	5
Aaron Hunt [US]	Tord Reklev [NO]	L	13	6
Aaron Hunt [US]	Julia Butenhoff [US]	L	13	7
Aaron Hunt [US]	Michael Guzman [US]	L	13	8
Aaron Hunt [US]	Charles Snyder III [US]	T	14	9
riyad mechel [CA]	Andrew Reinhardt [US]	T	1	1
riyad mechel [CA]	Alan Rosewicz [US]	W	4	2
riyad mechel [CA]	James Coyle [US]	W	7	3
riyad mechel [CA]	Conner Truitt [US]	L	7	4
riyad mechel [CA]	AJ DeLalla [US]	W	10	5
riyad mechel [CA]	Alex Wilson [US]	T	11	6
riyad mechel [CA]	Jeffrey Honea [US]	W	14	7
riyad mechel [CA]	Brayden Karvelas [US]	L	14	8
riyad mechel [CA]	Adam Kalamat [CA]	L	14	9
Jonathan Herrera [US]	Nate Manning [US]	W	3	1
Jonathan Herrera [US]	Edwin Lopez [US]	T	4	2
Jonathan Herrera [US]	Conner Truitt [US]	L	4	3
Jonathan Herrera [US]	John Owen [US]	W	7	4
Jonathan Herrera [US]	Christian Umipig [CA]	T	8	5
Jonathan Herrera [US]	Greg Kerien [US]	W	11	6
Jonathan Herrera [US]	Eric Nickell [US]	W	14	7
Jonathan Herrera [US]	**VIP31 Joseph Sumner [US]	L	14	8
Jonathan Herrera [US]	Clayton Fagan [US]	L	14	9
Paul Margold [CA]	Dylan McKinney [US]	T	1	1
Paul Margold [CA]	Andrew Padron [US]	W	4	2
Paul Margold [CA]	**VIP31 Joseph Sumner [US]	W	7	3
Paul Margold [CA]	Shawn Brown [CA]	W	10	4
Paul Margold [CA]	Seth Christopher [US]	L	10	5
Paul Margold [CA]	Michael Otero [US]	T	11	6
Paul Margold [CA]	William Timmermeyer [US]	W	14	7
Paul Margold [CA]	Erich Francis [US]	L	14	8
Paul Margold [CA]	Jermell Parrish [US]	L	14	9
Jake Gearhart [US]	Theodore Guistwite [US]	W	3	1
Jake Gearhart [US]	Lorenzo Menendez [CA]	W	6	2
Jake Gearhart [US]	Alexander Pineda [US]	L	6	3
Jake Gearhart [US]	Preston Rutledge [US]	T	7	4
Jake Gearhart [US]	Aidan Cioppa [US]	W	10	5
Jake Gearhart [US]	Michele Schiraldi [CA]	W	13	6
Jake Gearhart [US]	Seth Dollars [US]	T	14	7
Jake Gearhart [US]	Mario Vivas [CA]	L	14	8
Jake Gearhart [US]	Thad Weyand [US]	L	14	9
Neel Patel [US]	Daniel Sopko [US]	T	1	1
Neel Patel [US]	Christopher Scafuri [US]	W	4	2
Neel Patel [US]	Valkyrie Kraemer [US]	W	7	3
Neel Patel [US]	Nathan Potter [US]	W	10	4
Neel Patel [US]	Aleaner Pabonnie [US]	L	10	5
Neel Patel [US]	Kyle Lamp [US]	T	11	6
Neel Patel [US]	Brian Garcia [US]	W	14	7
Neel Patel [US]	Jeremiah Schmutz [US]	L	14	8
Neel Patel [US]	Sophia Becker [US]	L	14	9
Izaiah Santiago [US]	HECTOR IBARRA [US]	L	0	1
Izaiah Santiago [US]	Wade Anderson [US]	W	3	2
Izaiah Santiago [US]	Jordan Parrish [US]	T	4	3
Izaiah Santiago [US]	Brennon Conner [US]	W	7	4
Izaiah Santiago [US]	Alex Pearce [US]	T	8	5
Izaiah Santiago [US]	Harel Manhaim [IL]	W	11	6
Izaiah Santiago [US]	Louis Tighe [US]	W	14	7
Izaiah Santiago [US]	Juan Mora [US]	L	14	8
Izaiah Santiago [US]	Justin Lambert [US]	L	14	9
Kyle Lamp [US]	Rich Longer [US]	W	3	1
Kyle Lamp [US]	Riley Harris [US]	W	6	2
Kyle Lamp [US]	Greg Minklei [US]	T	7	3
Kyle Lamp [US]	Jacob Noel [US]	W	10	4
Kyle Lamp [US]	Joe Sturino [US]	L	10	5
Kyle Lamp [US]	Neel Patel [US]	T	11	6
Kyle Lamp [US]	Sachit Soni [US]	L	11	7
Kyle Lamp [US]	Chris Schmidt [US]	W	14	8
Kyle Lamp [US]	Bryan Ortiz [CA]	L	14	9
Stephen Sinnes [US]	Joe Ferrari [CA]	W	3	1
Stephen Sinnes [US]	Vincent D'Arcy [US]	L	3	2
Stephen Sinnes [US]	Elgar Benavides [US]	W	6	3
Stephen Sinnes [US]	Austin Kuhn [US]	W	9	4
Stephen Sinnes [US]	Julia Butenhoff [US]	T	10	5
Stephen Sinnes [US]	Lucas Thiele [US]	L	10	6
Stephen Sinnes [US]	Justin Fedorenka [CA]	T	11	7
Stephen Sinnes [US]	Eamon Johnston [US]	L	11	8
Stephen Sinnes [US]	Eric Nickell [US]	W	14	9
Alexander Byrd [US]	Cameron Bonds [US]	T	1	1
Alexander Byrd [US]	Terry anayan [CA]	T	2	2
Alexander Byrd [US]	Tyler O'Barto [US]	W	5	3
Alexander Byrd [US]	Gabriel Cruz [US]	W	8	4
Alexander Byrd [US]	Nathan Forte [US]	W	11	5
Alexander Byrd [US]	Erik Nance [US]	W	14	6
Alexander Byrd [US]	Chris Pagan [US]	L	14	7
Alexander Byrd [US]	Michael Davidson [US]	L	14	8
Alexander Byrd [US]	Tate Whitesell [US]	L	14	9
Sebastian Lashmet [US]	Alec Geissler [US]	T	1	1
Sebastian Lashmet [US]	Peter Kica [US]	T	2	2
Sebastian Lashmet [US]	Ryan Mayer [US]	W	5	3
Sebastian Lashmet [US]	Chase Sutton [US]	W	8	4
Sebastian Lashmet [US]	Austin Davis [US]	L	8	5
Sebastian Lashmet [US]	Damian Schell [US]	W	11	6
Sebastian Lashmet [US]	Addie Ward [US]	W	14	7
Sebastian Lashmet [US]	Shinnosuke Komiya [US]	L	14	8
Sebastian Lashmet [US]	Tanner Drabek [US]	L	14	9
Emmet Hurley [US]	Ian Robb [US]	W	3	1
Emmet Hurley [US]	Maxwell Johnson [US]	T	4	2
Emmet Hurley [US]	**VIP28 Joshua Murray [US]	L	4	3
Emmet Hurley [US]	Sam Corder [US]	W	7	4
Emmet Hurley [US]	Joseph Nawal [US]	L	7	5
Emmet Hurley [US]	Matthew Kirk [US]	W	10	6
Emmet Hurley [US]	William Herrmann [US]	W	13	7
Emmet Hurley [US]	Grayson Jones [US]	T	14	8
Emmet Hurley [US]	Tyler Zikorus [US]	L	14	9
Nick Guzman [US]	Joey Gayda [US]	T	1	1
Nick Guzman [US]	Brian Dougherty [US]	W	4	2
Nick Guzman [US]	Aaron Santos [US]	T	5	3
Nick Guzman [US]	Trevor Stier [US]	W	8	4
Nick Guzman [US]	Brayden Karvelas [US]	W	11	5
Nick Guzman [US]	Samuel Gijanto [US]	W	14	6
Nick Guzman [US]	Ben Cryer [US]	L	14	7
Nick Guzman [US]	Alex Wilson [US]	L	14	8
Nick Guzman [US]	Christian Umipig [CA]	L	14	9
Daniel Fappiano [US]	Ian Kelly [US]	W	3	1
Daniel Fappiano [US]	Callie Moore [CA]	W	6	2
Daniel Fappiano [US]	Anastazja Clappison [CA]	W	9	3
Daniel Fappiano [US]	Tom Nardello [US]	T	10	4
Daniel Fappiano [US]	Mario Vivas [CA]	T	11	5
Daniel Fappiano [US]	Chris Pagan [US]	L	11	6
Daniel Fappiano [US]	Grant Keating [US]	L	11	7
Daniel Fappiano [US]	Edwin Cohetero	L	11	8
Daniel Fappiano [US]	Hunter North [CA]	W	14	9
Ayana May [US]	Kelly Nimmons [US]	W	3	1
Ayana May [US]	Ethan DeHaven [US]	W	6	2
Ayana May [US]	Kevin Qi [US]	T	7	3
Ayana May [US]	Jeffrey Chau [CA]	W	10	4
Ayana May [US]	Jonathan Zazinski [US]	L	10	5
Ayana May [US]	Wyatt Palguta [US]	L	10	6
Ayana May [US]	Joseph Huber [US]	W	13	7
Ayana May [US]	Thad Weyand [US]	T	14	8
Ayana May [US]	Anthony Scornavacca [US]	L	14	9
Austin Davis [US]	Dan Whitman [US]	W	3	1
Austin Davis [US]	Bridget Curley [US]	W	6	2
Austin Davis [US]	Thomas Veazie [US]	T	7	3
Austin Davis [US]	Arthur Terceira [US]	T	8	4
Austin Davis [US]	Sebastian Lashmet [US]	W	11	5
Austin Davis [US]	Noah Hanerland [US]	L	11	6
Austin Davis [US]	Bailey Cleavenger [US]	W	14	7
Austin Davis [US]	Corey Blankenship [US]	L	14	8
Austin Davis [US]	Daniel Leon [US]	L	14	9
Daniel Kutinsky [US]	Arsenio Melendez [US]	W	3	1
Daniel Kutinsky [US]	Colton Ames [US]	L	3	2
Daniel Kutinsky [US]	J Garrison [US]	W	6	3
Daniel Kutinsky [US]	Raymond Long [CA]	T	7	4
Daniel Kutinsky [US]	Eric Nickell [US]	T	8	5
Daniel Kutinsky [US]	Alfredo Sepulveda [US]	T	9	6
Daniel Kutinsky [US]	Chris Gonzalez [US]	W	12	7
Daniel Kutinsky [US]	William Lee [US]	T	13	8
Daniel Kutinsky [US]	Brian Kondor [US]	T	14	9
Mike Hines [US]	Andy Hyun [US]	L	0	1
Mike Hines [US]	Doug Johnson [US]	W	3	2
Mike Hines [US]	Ryne Morgan [US]	T	4	3
Mike Hines [US]	Calvin Nordberg [US]	T	5	4
Mike Hines [US]	Hunter North [CA]	W	8	5
Mike Hines [US]	George Gebhardt [US]	L	8	6
Mike Hines [US]	Joshua Griffith [US]	W	11	7
Mike Hines [US]	Logan Peterson [US]	W	14	8
Mike Hines [US]	Joel Bergman [CA]	L	14	9
Niko Sanville [US]	Hunter Berry [US]	W	3	1
Niko Sanville [US]	Joe Turrentine [US]	L	3	2
Niko Sanville [US]	Pranav Ganti [US]	T	4	3
Niko Sanville [US]	Val McFarland [US]	W	7	4
Niko Sanville [US]	Noah Kaiser [US]	T	8	5
Niko Sanville [US]	Fernando Calderon Jr [US]	W	11	6
Niko Sanville [US]	Clayton Pennington [US]	W	14	7
Niko Sanville [US]	Michele Lesage [CA]	L	14	8
Niko Sanville [US]	Mikey Kalb [US]	L	14	9
John Mostowy [US]	Connor Chiappetta [US]	W	3	1
John Mostowy [US]	Michael Tatarowicz [US]	T	4	2
John Mostowy [US]	Will Jenkins [US]	L	4	3
John Mostowy [US]	Diane Schemanske [US]	T	5	4
John Mostowy [US]	Scott Zelenak [US]	W	8	5
John Mostowy [US]	Louis Tighe [US]	L	8	6
John Mostowy [US]	Nathan Flanders [CA]	W	11	7
John Mostowy [US]	Joseph Esten [US]	W	14	8
John Mostowy [US]	Richard Rothenbach [US]	L	14	9
Sachit Soni [US]	Matthew McClain [US]	T	1	1
Sachit Soni [US]	Christopher Carrier [US]	W	4	2
Sachit Soni [US]	Aiden Toler [US]	W	7	3
Sachit Soni [US]	Joe Sturino [US]	L	7	4
Sachit Soni [US]	Nick Forte [US]	W	10	5
Sachit Soni [US]	Josh Chevigny [US]	T	11	6
Sachit Soni [US]	Kyle Lamp [US]	W	14	7
Sachit Soni [US]	Joshua Sambrano [US]	L	14	8
Sachit Soni [US]	Grayson Jones [US]	L	14	9
Kenneth Mauder [US]	Cassidy Gibson [US]	W	3	1
Kenneth Mauder [US]	Kevin Garcia [US]	T	4	2
Kenneth Mauder [US]	Jacob Maxwell [US]	W	7	3
Kenneth Mauder [US]	Seth Christopher [US]	L	7	4
Kenneth Mauder [US]	McKinley Freeman [US]	T	8	5
Kenneth Mauder [US]	Rocky Barr [US]	W	11	6
Kenneth Mauder [US]	Shane Kelley [US]	W	14	7
Kenneth Mauder [US]	Bryan Cresswell [CA]	L	14	8
Kenneth Mauder [US]	Harel Manhaim [IL]	L	14	9
Seth Dollars [US]	AJ DeLalla [US]	T	1	1
Seth Dollars [US]	Mustafa Tobah [US]	L	1	2
Seth Dollars [US]	Raymond Lucas [US]	W	4	3
Seth Dollars [US]	Joshua Everly [US]	W	7	4
Seth Dollars [US]	Colin Alber [US]	W	10	5
Seth Dollars [US]	Mateo Arboleda [EC]	W	13	6
Seth Dollars [US]	Jake Gearhart [US]	T	14	7
Seth Dollars [US]	George Gebhardt [US]	L	14	8
Seth Dollars [US]	Carlos Fernandez [US]	L	14	9
Carlos Lugo [US]	Ryan Pham [US]	L	0	1
Carlos Lugo [US]	Juan Pereira [US]	W	3	2
Carlos Lugo [US]	Steve Zhang [US]	W	6	3
Carlos Lugo [US]	Zack Martin [US]	W	9	4
Carlos Lugo [US]	siming qian [US]	L	9	5
Carlos Lugo [US]	Josh Harper [US]	T	10	6
Carlos Lugo [US]	Elliot Muskat [US]	W	13	7
Carlos Lugo [US]	Peyton Bauermeister [US]	L	13	8
Carlos Lugo [US]	Alberto Plasencia [US]	T	14	9
Jonathan Acosta [US]	Bryan Cresswell [CA]	T	1	1
Jonathan Acosta [US]	Vincent Vuong [CA]	L	1	2
Jonathan Acosta [US]	**VIP18 Jay Finn [US]	W	4	3
Jonathan Acosta [US]	Christine Dong [US]	W	7	4
Jonathan Acosta [US]	Bryce Spangler [US]	L	7	5
Jonathan Acosta [US]	Jan Michael Ortiz [US]	W	10	6
Jonathan Acosta [US]	Aidan Cioppa [US]	T	11	7
Jonathan Acosta [US]	Ben DeGarmo [US]	W	14	8
Jonathan Acosta [US]	Owen Robinson [US]	L	14	9
Bryson Cliggett [US]	**VIP32 Karim Velji [CA]	W	3	1
Bryson Cliggett [US]	Alexander Chea [US]	T	4	2
Bryson Cliggett [US]	Bryan Cresswell [CA]	T	5	3
Bryson Cliggett [US]	Jacob Brumfield [US]	W	8	4
Bryson Cliggett [US]	Robert Weidman [US]	L	8	5
Bryson Cliggett [US]	Michael Dones [US]	W	11	6
Bryson Cliggett [US]	Raymond Long [CA]	L	11	7
Bryson Cliggett [US]	Adam Caracciolo [US]	L	11	8
Bryson Cliggett [US]	Joseph Esten [US]	W	14	9
Edgar Gomez [US]	Noah Sawyer [US]	T	1	1
Edgar Gomez [US]	Dominick Paul [US]	T	2	2
Edgar Gomez [US]	Gavin Zhou [CA]	W	5	3
Edgar Gomez [US]	Samuel Gijanto [US]	L	5	4
Edgar Gomez [US]	Aaron Madison	W	8	5
Edgar Gomez [US]	Anthony Bruno [US]	W	11	6
Edgar Gomez [US]	Case Bennink [US]	L	11	7
Edgar Gomez [US]	Clayton Fagan [US]	L	11	8
Edgar Gomez [US]	Christopher Carrier [US]	W	14	9
**VIP34 Dallas White [US]	Cody Friend [US]	W	3	1
**VIP34 Dallas White [US]	Arjun Khadse [US]	T	4	2
**VIP34 Dallas White [US]	José Torres [US]	T	5	3
**VIP34 Dallas White [US]	Andreya Dunks [US]	L	5	4
**VIP34 Dallas White [US]	Ralph Manahan [CA]	L	5	5
**VIP34 Dallas White [US]	Steven Bates [US]	W	8	6
**VIP34 Dallas White [US]	Emily Forman [US]	W	11	7
**VIP34 Dallas White [US]	Richard Rothenbach [US]	L	11	8
**VIP34 Dallas White [US]	Walter Portillo [US]	W	14	9
Aaron Walker [US]	Jimmy Wellington [US]	W	3	1
Aaron Walker [US]	Hugh McMurray [US]	T	4	2
Aaron Walker [US]	Kaylee Hatfield [US]	W	7	3
Aaron Walker [US]	AJ DeLalla [US]	W	10	4
Aaron Walker [US]	Erik Nance [US]	T	11	5
Aaron Walker [US]	Dustin Ashford [CA]	L	11	6
Aaron Walker [US]	Aaron Santos [US]	L	11	7
Aaron Walker [US]	Yehoshua Tate [US]	L	11	8
Aaron Walker [US]	Damian Schell [US]	W	14	9
Alec Geissler [US]	Sebastian Lashmet [US]	T	1	1
Alec Geissler [US]	Eamon Johnston [US]	T	2	2
Alec Geissler [US]	Steven Axtell [US]	W	5	3
Alec Geissler [US]	Brian Garcia [US]	W	8	4
Alec Geissler [US]	Samuel Gijanto [US]	L	8	5
Alec Geissler [US]	Luis Nunez [US]	W	11	6
Alec Geissler [US]	Joseph Esten [US]	W	14	7
Alec Geissler [US]	Aaron Santos [US]	L	14	8
Alec Geissler [US]	Josh Chevigny [US]	L	14	9
Gwen Tran [US]	Scott Clark [US]	W	3	1
Gwen Tran [US]	Bryan Lyons [US]	L	3	2
Gwen Tran [US]	Christian Dingle [US]	W	6	3
Gwen Tran [US]	Zach Laska [US]	T	7	4
Gwen Tran [US]	Miguel Acevedo [US]	W	10	5
Gwen Tran [US]	Nicholas Moses [US]	L	10	6
Gwen Tran [US]	Thad Weyand [US]	L	10	7
Gwen Tran [US]	Rosh Patel [US]	T	11	8
Gwen Tran [US]	Kyle Salzman [US]	W	14	9
Christian Wybieracki [US]	Michael Kuchinsky [US]	W	3	1
Christian Wybieracki [US]	Soumil Dusara [US]	T	4	2
Christian Wybieracki [US]	Addie Ward [US]	T	5	3
Christian Wybieracki [US]	Chris Pagan [US]	L	5	4
Christian Wybieracki [US]	Nate Hathaway [US]	L	5	5
Christian Wybieracki [US]	Jeremy Medina [US]	L	5	6
Christian Wybieracki [US]	Samantha Truex [US]	W	8	7
Christian Wybieracki [US]	Sean Robison [US]	W	11	8
Christian Wybieracki [US]	Bailey Cleavenger [US]	W	14	9
Mario Martinez [US]	Suchit Koparde [US]	L	0	1
Mario Martinez [US]	Kelli Kirmer [US]	T	1	2
Mario Martinez [US]	Francisco Magana [US]	W	4	3
Mario Martinez [US]	Joshua Tolan [US]	W	7	4
Mario Martinez [US]	Case Bennink [US]	L	7	5
Mario Martinez [US]	Sam Gulas [US]	W	10	6
Mario Martinez [US]	Martin Schneider [US]	W	13	7
Mario Martinez [US]	Jim O’Heron [US]	L	13	8
Mario Martinez [US]	Joseph Perez [US]	T	14	9
Michael Meal [CA]	jaguar mount [CA]	W	3	1
Michael Meal [CA]	Juan Contla [US]	T	4	2
Michael Meal [CA]	Daniel Altavilla [US]	L	4	3
Michael Meal [CA]	Brian Carroll [US]	T	5	4
Michael Meal [CA]	Connor Johnson [US]	L	5	5
Michael Meal [CA]	Zachary Ellis [US]	W	8	6
Michael Meal [CA]	Anthony Bruno [US]	W	11	7
Michael Meal [CA]	Josh Chevigny [US]	L	11	8
Michael Meal [CA]	Nicholas Mileo [US]	W	14	9
Simon Trottier-Lacasse [CA]	Chi Wu [US]	W	3	1
Simon Trottier-Lacasse [CA]	Justin Lambert [US]	L	3	2
Simon Trottier-Lacasse [CA]	Ben Saylor [US]	W	6	3
Simon Trottier-Lacasse [CA]	Dylan Gunn [US]	L	6	4
Simon Trottier-Lacasse [CA]	Sam Rindal [US]	W	9	5
Simon Trottier-Lacasse [CA]	Cameron Kawasaki [US]	T	10	6
Simon Trottier-Lacasse [CA]	Alec Shaw	W	13	7
Simon Trottier-Lacasse [CA]	Tom Hellkamp [US]	T	14	8
Simon Trottier-Lacasse [CA]	Justin Teng [US]	L	14	9
Fernando Calderon Jr [US]	James Santaniello [US]	W	3	1
Fernando Calderon Jr [US]	Jim O’Heron [US]	T	4	2
Fernando Calderon Jr [US]	Eric Aubertin [CA]	T	5	3
Fernando Calderon Jr [US]	Dylan Smeigh [US]	W	8	4
Fernando Calderon Jr [US]	Kaylie Prementine [US]	L	8	5
Fernando Calderon Jr [US]	Niko Sanville [US]	L	8	6
Fernando Calderon Jr [US]	Samuel Scime [CA]	W	11	7
Fernando Calderon Jr [US]	Brandon Lane [US]	W	14	8
Fernando Calderon Jr [US]	Jackson Ford [CA]	L	14	9
Joseph Perez [US]	Dominic Viola [US]	L	0	1
Joseph Perez [US]	Joshua Dockins [US]	W	3	2
Joseph Perez [US]	Harry Rachel [US]	W	6	3
Joseph Perez [US]	Daniel Rao [CA]	L	6	4
Joseph Perez [US]	Ryan Overcash [US]	W	9	5
Joseph Perez [US]	Chris Siakala [US]	T	10	6
Joseph Perez [US]	Juan Contla [US]	W	13	7
Joseph Perez [US]	JW Kriewall [US]	L	13	8
Joseph Perez [US]	Mario Martinez [US]	T	14	9
Addie Ward [US]	Arthur Cooke [US]	W	3	1
Addie Ward [US]	Dylan Smeigh [US]	T	4	2
Addie Ward [US]	Christian Wybieracki [US]	T	5	3
Addie Ward [US]	David Wilber Jr [US]	W	8	4
Addie Ward [US]	Emmi Stonier [US]	L	8	5
Addie Ward [US]	Emily Forman [US]	W	11	6
Addie Ward [US]	Sebastian Lashmet [US]	L	11	7
Addie Ward [US]	Carlos Fernandez [US]	L	11	8
Addie Ward [US]	Jonathan Connell [US]	W	14	9
Pranav Ganti [US]	Elliot Sayles [US]	L	0	1
Pranav Ganti [US]	Zach Norman [US]	W	3	2
Pranav Ganti [US]	Niko Sanville [US]	T	4	3
Pranav Ganti [US]	Wyatt Ethier [US]	W	7	4
Pranav Ganti [US]	Sergio Rodriguez [CA]	L	7	5
Pranav Ganti [US]	Leopoldo Narciso [US]	T	8	6
Pranav Ganti [US]	Christian Hamby [US]	W	11	7
Pranav Ganti [US]	Tyler Zikorus [US]	L	11	8
Pranav Ganti [US]	Ben DeGarmo [US]	W	14	9
Chris Knudsvig [US]	Christine Dong [US]	L	0	1
Chris Knudsvig [US]	Jerry Sheng [US]	W	3	2
Chris Knudsvig [US]	Joseph Nawal [US]	T	4	3
Chris Knudsvig [US]	William Herrmann [US]	W	7	4
Chris Knudsvig [US]	Jonah Villarosa [US]	T	8	5
Chris Knudsvig [US]	Anna Tarasuk [US]	W	11	6
Chris Knudsvig [US]	James Gillespie [US]	W	14	7
Chris Knudsvig [US]	Aushton Kelusky [CA]	L	14	8
Chris Knudsvig [US]	Nathan Forte [US]	L	14	9
Brian Kondor [US]	Wojtek Gronek [CA]	L	0	1
Brian Kondor [US]	Brady Hooker [US]	W	3	2
Brian Kondor [US]	Joshua Davies [US]	T	4	3
Brian Kondor [US]	Jennifer Perez [US]	W	7	4
Brian Kondor [US]	Tate Whitesell [US]	T	8	5
Brian Kondor [US]	Kieran Inch [US]	T	9	6
Brian Kondor [US]	Jake Humphries [US]	W	12	7
Brian Kondor [US]	Tye Pellecchia [US]	T	13	8
Brian Kondor [US]	Daniel Kutinsky [US]	T	14	9
Alexander Chea [US]	Jake Bankert [US]	W	3	1
Alexander Chea [US]	Bryson Cliggett [US]	T	4	2
Alexander Chea [US]	Matthew Upton [US]	W	7	3
Alexander Chea [US]	Ryan Brais [US]	T	8	4
Alexander Chea [US]	Tecara Newton [CA]	T	9	5
Alexander Chea [US]	Jack Wong [CA]	L	9	6
Alexander Chea [US]	Jacob Pellizzon [CA]	T	10	7
Alexander Chea [US]	Ben Vasquez [US]	W	13	8
Alexander Chea [US]	Dalten Cross [US]	T	14	9
Alberto Plasencia [US]	Tristan Rojas [US]	T	1	1
Alberto Plasencia [US]	Alex Raymond [US]	T	2	2
Alberto Plasencia [US]	Joseph Zelis [US]	L	2	3
Alberto Plasencia [US]	Dillon Johnson [US]	W	5	4
Alberto Plasencia [US]	Nathan Spencer [US]	T	6	5
Alberto Plasencia [US]	Seth Heitmann [US]	W	9	6
Alberto Plasencia [US]	evan fullaway [US]	T	10	7
Alberto Plasencia [US]	Isaac Chance [US]	W	13	8
Alberto Plasencia [US]	Carlos Lugo [US]	T	14	9
Yehoshua Tate [US]	Ashton Waite [US]	W	3	1
Yehoshua Tate [US]	Dustin Ashford [CA]	T	4	2
Yehoshua Tate [US]	Jeffrey Chau [CA]	L	4	3
Yehoshua Tate [US]	Rebecca Brichacek [US]	T	5	4
Yehoshua Tate [US]	Chad Kray [US]	W	8	5
Yehoshua Tate [US]	Shane Kelley [US]	L	8	6
Yehoshua Tate [US]	Nick Forte [US]	W	11	7
Yehoshua Tate [US]	Aaron Walker [US]	W	14	8
Yehoshua Tate [US]	Dylan Smeigh [US]	L	14	9
William Timmermeyer [US]	David Cook [US]	T	1	1
William Timmermeyer [US]	Summer Plesko [US]	W	4	2
William Timmermeyer [US]	Seth Christopher [US]	L	4	3
William Timmermeyer [US]	Douglas Cox [US]	W	7	4
William Timmermeyer [US]	Justin Kulas [US]	T	8	5
William Timmermeyer [US]	Brock Robertson [US]	W	11	6
William Timmermeyer [US]	Paul Margold [CA]	L	11	7
William Timmermeyer [US]	Christian Umipig [CA]	L	11	8
William Timmermeyer [US]	jaguar mount [CA]	W	14	9
Mason Hans [US]	Scott Knell [UK]	T	1	1
Mason Hans [US]	Andrew Reinhardt [US]	W	4	2
Mason Hans [US]	**VIP26 Fred Neilan [US]	L	4	3
Mason Hans [US]	David Jackson [US]	L	4	4
Mason Hans [US]	John Wanggaard [US]	W	7	5
Mason Hans [US]	Frank Diaz [US]	T	8	6
Mason Hans [US]	**VIP29 Anthony Peppler [US]	L	8	7
Mason Hans [US]	Walker Moss [US]	W	11	8
Mason Hans [US]	Connor Simpson [US]	W	14	9
Brandon House [US]	Corey Blankenship [US]	T	1	1
Brandon House [US]	Nate Hathaway [US]	L	1	2
Brandon House [US]	Aaron Madison	T	2	3
Brandon House [US]	Pierce Langley [US]	W	5	4
Brandon House [US]	Brian Garcia [US]	L	5	5
Brandon House [US]	Brian Tabares-Navia [US]	W	8	6
Brandon House [US]	Trevor Stier [US]	W	11	7
Brandon House [US]	Regis Bellemare [CA]	W	14	8
Brandon House [US]	Case Bennink [US]	L	14	9
Dalten Cross [US]	James DiMaggio [US]	L	0	1
Dalten Cross [US]	Steven Lavoie [US]	L	0	2
Dalten Cross [US]	Ron Park [US]	W	3	3
Dalten Cross [US]	Gabriel Lopez [US]	W	6	4
Dalten Cross [US]	Andrew Edberg [US]	W	9	5
Dalten Cross [US]	Tristan Batman Macek [US]	W	12	6
Dalten Cross [US]	Luna Dunham [US]	T	13	7
Dalten Cross [US]	Andrew Ryals [US]	L	13	8
Dalten Cross [US]	Alexander Chea [US]	T	14	9
Ryan Pham [US]	Carlos Lugo [US]	W	3	1
Ryan Pham [US]	James Juliano [US]	W	6	2
Ryan Pham [US]	Wyatt Palguta [US]	L	6	3
Ryan Pham [US]	Jack Rooney [US]	T	7	4
Ryan Pham [US]	Michael Ginchereau [US]	L	7	5
Ryan Pham [US]	Drake Loose [US]	W	10	6
Ryan Pham [US]	Felipe Arias [US]	T	11	7
Ryan Pham [US]	Ryan Mayer [US]	W	14	8
Ryan Pham [US]	Adam Gherbi [US]	L	14	9
Ken Hwang [CA]	Cody Criner [US]	T	1	1
Ken Hwang [CA]	Trevor Stier [US]	T	2	2
Ken Hwang [CA]	Terry anayan [CA]	L	2	3
Ken Hwang [CA]	Jonathan Ruff [US]	W	5	4
Ken Hwang [CA]	Paul Scheetz [US]	W	8	5
Ken Hwang [CA]	Connor Johnson [US]	W	11	6
Ken Hwang [CA]	chris bodden [US]	L	11	7
Ken Hwang [CA]	Nathan Forte [US]	L	11	8
Ken Hwang [CA]	evan fullaway [US]	W	14	9
Brodee McCoy [US]	Jesse Garcia [US]	W	3	1
Brodee McCoy [US]	Daniel Nelson [US]	L	3	2
Brodee McCoy [US]	Solomon Shurge [US]	T	4	3
Brodee McCoy [US]	Nicholas Hruska [US]	T	5	4
Brodee McCoy [US]	Owen Robinson [US]	W	8	5
Brodee McCoy [US]	Brayden Karvelas [US]	L	8	6
Brodee McCoy [US]	Dan Whitman [US]	L	8	7
Brodee McCoy [US]	Jonathan Patterson [US]	W	11	8
Brodee McCoy [US]	Arthur Terceira [US]	W	14	9
Joshua Everly [US]	Jasmine Kohler [US]	W	3	1
Joshua Everly [US]	Brooke English [US]	T	4	2
Joshua Everly [US]	Anthony Smith [US]	L	4	3
Joshua Everly [US]	Seth Dollars [US]	L	4	4
Joshua Everly [US]	Jorge Arteaga [US]	W	7	5
Joshua Everly [US]	Juan Gonzalez [US]	W	10	6
Joshua Everly [US]	Jonathan Lopez [US]	L	10	7
Joshua Everly [US]	evan fullaway [US]	T	11	8
Joshua Everly [US]	Jake Skurchak [US]	W	14	9
Charles Snyder III [US]	Lukas Gindt [US]	L	0	1
Charles Snyder III [US]	Nicolas Roseamelia [US]	T	1	2
Charles Snyder III [US]	Xavier Williams [US]	W	4	3
Charles Snyder III [US]	Ryan Rafferty [US]	W	7	4
Charles Snyder III [US]	Calvin Tathanhlong [CA]	L	7	5
Charles Snyder III [US]	Maxim Korobov [US]	L	7	6
Charles Snyder III [US]	Robert Akey [US]	W	10	7
Charles Snyder III [US]	Mitchell O'Neill [US]	W	13	8
Charles Snyder III [US]	Aaron Hunt [US]	T	14	9
Eamon Johnston [US]	Ben Cryer [US]	T	1	1
Eamon Johnston [US]	Alec Geissler [US]	T	2	2
Eamon Johnston [US]	Josh Clinton [US]	L	2	3
Eamon Johnston [US]	Austin Knowles [US]	L	2	4
Eamon Johnston [US]	**VIP20 Zack Henry [US]	W	5	5
Eamon Johnston [US]	Aaron Madison	W	8	6
Eamon Johnston [US]	Ethan DeHaven [US]	W	11	7
Eamon Johnston [US]	Stephen Sinnes [US]	W	14	8
Eamon Johnston [US]	Tyler Herrmann [US]	L	14	9
Jimmy O'Brien [US]	Christian Kennedy [US]	L	0	1
Jimmy O'Brien [US]	Zach Grady [US]	W	3	2
Jimmy O'Brien [US]	Connor Woolf [US]	W	6	3
Jimmy O'Brien [US]	Carlos Saenz [MX]	L	6	4
Jimmy O'Brien [US]	Jared Colbert [US]	T	7	5
Jimmy O'Brien [US]	Alex Walter [US]	W	10	6
Jimmy O'Brien [US]	Matt Bubp [US]	T	11	7
Jimmy O'Brien [US]	Dominick Paul [US]	W	14	8
Jimmy O'Brien [US]	eugene davis [US]	L	14	9
Andrew Reinhardt [US]	riyad mechel [CA]	T	1	1
Andrew Reinhardt [US]	Mason Hans [US]	L	1	2
Andrew Reinhardt [US]	John Martin [US]	T	2	3
Andrew Reinhardt [US]	Max McKitrick [US]	W	5	4
Andrew Reinhardt [US]	Clayton Pennington [US]	L	5	5
Andrew Reinhardt [US]	Greg Wills [US]	W	8	6
Andrew Reinhardt [US]	Harel Manhaim [IL]	L	8	7
Andrew Reinhardt [US]	Ethan DeHaven [US]	W	11	8
Andrew Reinhardt [US]	Callie Moore [CA]	W	14	9
Sam Gulas [US]	Samantha Radford [US]	W	3	1
Sam Gulas [US]	Kyle Mamounis [US]	L	3	2
Sam Gulas [US]	Albert Centeno [US]	L	3	3
Sam Gulas [US]	Nick Fleming [US]	W	6	4
Sam Gulas [US]	Alec Shaw	T	7	5
Sam Gulas [US]	Mario Martinez [US]	L	7	6
Sam Gulas [US]	Jeremy Allen [US]	W	10	7
Sam Gulas [US]	Maxwell Johnson [US]	W	13	8
Sam Gulas [US]	Jean Rivera [US]	T	14	9
Brian Garcia [US]	Jason Malyuk jr [US]	T	1	1
Brian Garcia [US]	Justin Vandiver [US]	W	4	2
Brian Garcia [US]	Mauricio Patino [US]	T	5	3
Brian Garcia [US]	Alec Geissler [US]	L	5	4
Brian Garcia [US]	Brandon House [US]	W	8	5
Brian Garcia [US]	Anthony Alvarez [US]	W	11	6
Brian Garcia [US]	Neel Patel [US]	L	11	7
Brian Garcia [US]	Andreya Dunks [US]	W	14	8
Brian Garcia [US]	Tom Hellkamp [US]	L	14	9
Derek Li [US]	Paul Thompson [CA]	W	3	1
Derek Li [US]	Gibson Archer-Tang [US]	T	4	2
Derek Li [US]	Kyle Leibenguth [US]	L	4	3
Derek Li [US]	Josh Chevigny [US]	L	4	4
Derek Li [US]	Javier Skwara [US]	L	4	5
Derek Li [US]	Anthony Kocan [US]	T	5	6
Derek Li [US]	Brian Dougherty [US]	W	8	7
Derek Li [US]	Anthony Bruno [US]	W	11	8
Derek Li [US]	Aryn Fitzpatrick [US]	W	14	9
Calvin Nordberg [US]	Paul Scheetz [US]	T	1	1
Calvin Nordberg [US]	Cameron Kawasaki [US]	L	1	2
Calvin Nordberg [US]	Neil Campbell [US]	W	4	3
Calvin Nordberg [US]	Mike Hines [US]	T	5	4
Calvin Nordberg [US]	Mason Kulik [US]	L	5	5
Calvin Nordberg [US]	Keegan Holland [US]	W	8	6
Calvin Nordberg [US]	Eric Liu [US]	W	11	7
Calvin Nordberg [US]	Ezequiel Moreno [US]	L	11	8
Calvin Nordberg [US]	Samuel Gijanto [US]	W	14	9
ulises perez [US]	Scott Cottrell [US]	L	0	1
ulises perez [US]	Matt Spitzer [US]	T	1	2
ulises perez [US]	Javi Marrero [US]	T	2	3
ulises perez [US]	Jaydon Do [CA]	L	2	4
ulises perez [US]	Phoebe DePerry [US]	W	5	5
ulises perez [US]	Dominic Arana [US]	W	8	6
ulises perez [US]	Christopher Carrier [US]	W	11	7
ulises perez [US]	Zach Cohen [US]	W	14	8
ulises perez [US]	Pedro Hernandez [US]	L	14	9
Dakota McMurray [US]	**VIP22 Jose Marzan [US]	L	0	1
Dakota McMurray [US]	Allyssa Kephart [US]	L	0	2
Dakota McMurray [US]	Ryan Bown [US]	W	3	3
Dakota McMurray [US]	Michael Kelly [US]	W	6	4
Dakota McMurray [US]	Ryan Mooney [US]	L	6	5
Dakota McMurray [US]	Dan Mellon [US]	W	9	6
Dakota McMurray [US]	Max DaSilva [US]	T	10	7
Dakota McMurray [US]	Abe Morales [US]	T	11	8
Dakota McMurray [US]	Regis Bellemare [CA]	W	14	9
Jean Rivera [US]	Juliano Capretta [US]	W	3	1
Jean Rivera [US]	Corey Patterson [US]	L	3	2
Jean Rivera [US]	Adam Beavers [US]	L	3	3
Jean Rivera [US]	Aidan Ulian [CA]	L	3	4
Jean Rivera [US]	Reis Tipton [US]	W	6	5
Jean Rivera [US]	James Harris IV [US]	T	7	6
Jean Rivera [US]	Zach Paullet [US]	W	10	7
Jean Rivera [US]	Max DaSilva [US]	W	13	8
Jean Rivera [US]	Sam Gulas [US]	T	14	9
Aiden Toler [US]	Russell Dilley [US]	T	1	1
Aiden Toler [US]	Jim Squires [US]	W	4	2
Aiden Toler [US]	Sachit Soni [US]	L	4	3
Aiden Toler [US]	Tenchi Starr [US]	L	4	4
Aiden Toler [US]	Emily Wierzba [US]	T	5	5
Aiden Toler [US]	Christopher Wojnarowski [US]	W	8	6
Aiden Toler [US]	Brandon Strong [US]	W	11	7
Aiden Toler [US]	Ryan Brais [US]	W	14	8
Aiden Toler [US]	Ezequiel Moreno [US]	L	14	9
Joshua Griffith [US]	Luna Dunham [US]	L	0	1
Joshua Griffith [US]	Walter Portillo [US]	T	1	2
Joshua Griffith [US]	Matthew Keyes [US]	L	1	3
Joshua Griffith [US]	Tyson Holder [US]	W	4	4
Joshua Griffith [US]	Matthew Regula [US]	T	5	5
Joshua Griffith [US]	Jim Squires [US]	W	8	6
Joshua Griffith [US]	Mike Hines [US]	L	8	7
Joshua Griffith [US]	Joseph Smith [US]	W	11	8
Joshua Griffith [US]	Chris Schmidt [US]	W	14	9
Will Jenkins [US]	David Ranney [US]	T	1	1
Will Jenkins [US]	Mateo Cortes [US]	W	4	2
Will Jenkins [US]	John Mostowy [US]	W	7	3
Will Jenkins [US]	James Jason [US]	W	10	4
Will Jenkins [US]	Kenny Hernandez [US]	W	13	5
Will Jenkins [US]	Luke Paul [US]	T	14	6
Will Jenkins [US]	Ryan Bownes [US]	L	14	7
Will Jenkins [US]	Dan Ricci [US]	L	14	8
Edwin Cohetero	LATE	L	0	1
Edwin Cohetero	Wayne Trader [US]	T	1	2
Edwin Cohetero	Jared Alindogan [US]	L	1	3
Edwin Cohetero	Mortimer Cavanah [US]	W	4	4
Edwin Cohetero	Nicholas Bernardo [US]	T	5	5
Edwin Cohetero	Ian Hunter [US]	W	8	6
Edwin Cohetero	Hunter North [CA]	W	11	7
Edwin Cohetero	Daniel Fappiano [US]	W	14	8
Edwin Cohetero	Emmi Stonier [US]	L	14	9
Cody Criner [US]	Ken Hwang [CA]	T	1	1
Cody Criner [US]	Michele Schiraldi [CA]	W	4	2
Cody Criner [US]	Iyla Sutherland [US]	W	7	3
Cody Criner [US]	Anthony Smith [US]	L	7	4
Cody Criner [US]	Jerry Han [US]	L	7	5
Cody Criner [US]	Andrew Nunez [US]	W	10	6
Cody Criner [US]	Kraig Krueger [US]	W	13	7
Cody Criner [US]	Zach Lesage [CA]	L	13	8
Cody Criner [US]	AJ DeLalla [US]	L	13	9
Mustafa Tobah [US]	Samuel Scime [CA]	T	1	1
Mustafa Tobah [US]	Seth Dollars [US]	W	4	2
Mustafa Tobah [US]	Corey Blankenship [US]	W	7	3
Mustafa Tobah [US]	Michael Davidson [US]	L	7	4
Mustafa Tobah [US]	Randall Coberly [US]	W	10	5
Mustafa Tobah [US]	Nikolas Carson [CA]	W	13	6
Mustafa Tobah [US]	Matthew Connors [US]	L	13	7
Mustafa Tobah [US]	Dakota Davey [US]	L	13	8
Mustafa Tobah [US]	Chris Barry [US]	L	13	9
Cameron Kawasaki [US]	George Gebhardt [US]	T	1	1
Cameron Kawasaki [US]	Calvin Nordberg [US]	W	4	2
Cameron Kawasaki [US]	Ben Cryer [US]	T	5	3
Cameron Kawasaki [US]	Mauricio Martinez [US]	W	8	4
Cameron Kawasaki [US]	Suchit Koparde [US]	T	9	5
Cameron Kawasaki [US]	Simon Trottier-Lacasse [CA]	T	10	6
Cameron Kawasaki [US]	Jonathan Ramirez [US]	L	10	7
Cameron Kawasaki [US]	Benjamin Grove [US]	L	10	8
Cameron Kawasaki [US]	Rachel Gaston-Pifer [US]	W	13	9
Robert Deleon [US]	Seth Heitmann [US]	W	3	1
Robert Deleon [US]	Angelo Mangosing [CA]	W	6	2
Robert Deleon [US]	Jared Colbert [US]	W	9	3
Robert Deleon [US]	Derek Swope [US]	W	12	4
Robert Deleon [US]	George Burdine [US]	T	13	5
Robert Deleon [US]	Andrew Wu [US]	L	13	6
Robert Deleon [US]	Eric Rink [US]	L	13	7
Robert Deleon [US]	Nicholas Moses [US]	L	13	8
Robert Deleon [US]	Carlos Saenz [MX]	L	13	9
Jerrick Gumila [US]	Tate Whitesell [US]	T	1	1
Jerrick Gumila [US]	Vincent Ruiz` [US]	W	4	2
Jerrick Gumila [US]	Jason Burch [US]	W	7	3
Jerrick Gumila [US]	Daniel Sopko [US]	W	10	4
Jerrick Gumila [US]	Vance Kelley [US]	L	10	5
Jerrick Gumila [US]	Hunter Butler [US]	L	10	6
Jerrick Gumila [US]	Brennon Conner [US]	L	10	7
Jerrick Gumila [US]	Stephen Palombo [US]	W	13	8
Jerrick Gumila [US]	**VIP26 Fred Neilan [US]	L	13	9
Joseph Fragomeni [US]	Bo Montanye [US]	W	3	1
Joseph Fragomeni [US]	Sean Andrese [US]	W	6	2
Joseph Fragomeni [US]	Joseph Figliano [US]	T	7	3
Joseph Fragomeni [US]	Edwin Lopez [US]	L	7	4
Joseph Fragomeni [US]	Joshua Acevedo [US]	L	7	5
Joseph Fragomeni [US]	Geneses Pabuna [CA]	W	10	6
Joseph Fragomeni [US]	jaguar mount [CA]	T	11	7
Joseph Fragomeni [US]	Jeremy Medina [US]	T	12	8
Joseph Fragomeni [US]	Lily Morgan [US]	T	13	9
Calvin Tathanhlong [CA]	Frank Hunter [US]	W	3	1
Calvin Tathanhlong [CA]	Carlos Fernandez [US]	T	4	2
Calvin Tathanhlong [CA]	Jim O’Heron [US]	L	4	3
Calvin Tathanhlong [CA]	Orla Gotthelf [US]	W	7	4
Calvin Tathanhlong [CA]	Charles Snyder III [US]	W	10	5
Calvin Tathanhlong [CA]	Michael Pianka [US]	W	13	6
Calvin Tathanhlong [CA]	Alexander Phillips [US]	L	13	7
Calvin Tathanhlong [CA]	Matthew Wood [CA]	L	13	8
Calvin Tathanhlong [CA]	Albert Centeno [US]	L	13	9
Kevin Williams [US]	Tito Gonzalez [US]	W	3	1
Kevin Williams [US]	Matthew Upton [US]	T	4	2
Kevin Williams [US]	Christine Dong [US]	W	7	3
Kevin Williams [US]	Ryan Harris [US]	L	7	4
Kevin Williams [US]	Hunter Butler [US]	L	7	5
Kevin Williams [US]	Steven Hummelt [US]	W	10	6
Kevin Williams [US]	Nik Barbero [US]	W	13	7
Kevin Williams [US]	Davin Erickson [US]	L	13	8
Kevin Williams [US]	Sergio Rodriguez [CA]	L	13	9
Joshua Fine [US]	Michael French [US]	W	3	1
Joshua Fine [US]	Alexander Edralin [US]	W	6	2
Joshua Fine [US]	Jeremy Gibson [US]	L	6	3
Joshua Fine [US]	Zackary Turner [US]	T	7	4
Joshua Fine [US]	Andrew Zheng [US]	L	7	5
Joshua Fine [US]	JUSTIN PETERSON [US]	W	10	6
Joshua Fine [US]	Alana Watanabe [US]	W	13	7
Joshua Fine [US]	Edwin Arrollo [US]	L	13	8
Joshua Fine [US]	Shawn Cardella [US]	L	13	9
Jeremie G. [US]	Brandon Allen [US]	W	3	1
Jeremie G. [US]	Danny Barger [US]	W	6	2
Jeremie G. [US]	Troy Campbell [US]	T	7	3
Jeremie G. [US]	Thai Truong [US]	L	7	4
Jeremie G. [US]	Corey Blankenship [US]	L	7	5
Jeremie G. [US]	Vincent Vuong [CA]	L	7	6
Jeremie G. [US]	Kenrry Alvarado [US]	W	10	7
Jeremie G. [US]	MIchael Bartlam [US]	W	13	8
Jeremie G. [US]	Justin Brothers [US]	L	13	9
Dario Marchetta [CA]	Justin Teng [US]	L	0	1
Dario Marchetta [CA]	Josh Chevigny [US]	T	1	2
Dario Marchetta [CA]	robert walter [US]	W	4	3
Dario Marchetta [CA]	Geneses Pabuna [CA]	W	7	4
Dario Marchetta [CA]	Jeffrey Chau [CA]	L	7	5
Dario Marchetta [CA]	Nikita Matyukov [US]	W	10	6
Dario Marchetta [CA]	Matthew Nixon [US]	W	13	7
Dario Marchetta [CA]	Justin Tse [CA]	L	13	8
Dario Marchetta [CA]	Michael Laundrie [US]	L	13	9
Logan Anna [US]	Stephen Eshghy [US]	W	3	1
Logan Anna [US]	Kevin Deitche [US]	W	6	2
Logan Anna [US]	Conor Devins [US]	L	6	3
Logan Anna [US]	John Sundstrom [US]	W	9	4
Logan Anna [US]	Joshua Sambrano [US]	L	9	5
Logan Anna [US]	Rico Schugmann [US]	L	9	6
Logan Anna [US]	Joseph Zelis [US]	T	10	7
Logan Anna [US]	J Garrison [US]	W	13	8
Logan Anna [US]	Bryce Branch [US]	L	13	9
Raul Santiago [US]	Lyle Narciso [US]	W	3	1
Raul Santiago [US]	Jonathan Lupercio [US]	T	4	2
Raul Santiago [US]	Michael Guzman [US]	W	7	3
Raul Santiago [US]	Patrick Scharff [US]	L	7	4
Raul Santiago [US]	Juan Contla [US]	W	10	5
Raul Santiago [US]	Adam Gherbi [US]	L	10	6
Raul Santiago [US]	Shawn Cardella [US]	W	13	7
Raul Santiago [US]	Sam Corder [US]	L	13	8
Raul Santiago [US]	**VIP21 Charles Hernandez [US]	L	13	9
Elcain Chase [US]	Steven Hummelt [US]	W	3	1
Elcain Chase [US]	Jack Shepard [US]	W	6	2
Elcain Chase [US]	Charles Platel [US]	W	9	3
Elcain Chase [US]	Cyrus Davis [CA]	L	9	4
Elcain Chase [US]	Kian Siadat [US]	L	9	5
Elcain Chase [US]	Steven Tokar [US]	W	12	6
Elcain Chase [US]	Cody Bruder [US]	T	13	7
Elcain Chase [US]	Thomas Veazie [US]	L	13	8
Elcain Chase [US]	Nathan Potter [US]	L	13	9
Lucas Thiele [US]	Bryan Cantrell [US]	W	3	1
Lucas Thiele [US]	Matthew Molloy [US]	W	6	2
Lucas Thiele [US]	Edwin Arrollo [US]	L	6	3
Lucas Thiele [US]	Juan Flores [US]	T	7	4
Lucas Thiele [US]	Shawn Cardella [US]	W	10	5
Lucas Thiele [US]	Stephen Sinnes [US]	W	13	6
Lucas Thiele [US]	Chris Franco [US]	L	13	7
Lucas Thiele [US]	Nicholas Moffitt [US]	L	13	8
Lucas Thiele [US]	Benjamin Grove [US]	L	13	9
MATTHEW DIFIORE [US]	Joseph Horth [US]	L	0	1
MATTHEW DIFIORE [US]	June Norber [US]	L	0	2
MATTHEW DIFIORE [US]	Zachary Muller [US]	W	3	3
MATTHEW DIFIORE [US]	Preston Alberts [US]	T	4	4
MATTHEW DIFIORE [US]	Zachary Sipling [US]	W	7	5
MATTHEW DIFIORE [US]	Kevin Garcia [US]	L	7	6
MATTHEW DIFIORE [US]	Bridget Curley [US]	W	10	7
MATTHEW DIFIORE [US]	Stephen Morris [US]	W	13	8
MATTHEW DIFIORE [US]	David Ceculski [US]	L	13	9
Jacob Pellizzon [CA]	Samuel Gijanto [US]	L	0	1
Jacob Pellizzon [CA]	Amelia Goodworth [US]	W	3	2
Jacob Pellizzon [CA]	Donny Nguyen [US]	W	6	3
Jacob Pellizzon [CA]	Calvin Chang [US]	L	6	4
Jacob Pellizzon [CA]	Andrew Dain [US]	W	9	5
Jacob Pellizzon [CA]	Evan Campbell [US]	L	9	6
Jacob Pellizzon [CA]	Alexander Chea [US]	T	10	7
Jacob Pellizzon [CA]	Bradley Wantz [US]	W	13	8
Jacob Pellizzon [CA]	Andrew Padron [US]	L	13	9
Mitch Hunsucker [US]	Rodney Whiteside [US]	W	3	1
Mitch Hunsucker [US]	Luke Smith [US]	L	3	2
Mitch Hunsucker [US]	Andre DiPaola [US]	W	6	3
Mitch Hunsucker [US]	Joshua Curtin [US]	T	7	4
Mitch Hunsucker [US]	Gregory Playter [US]	L	7	5
Mitch Hunsucker [US]	Jared Alindogan [US]	L	7	6
Mitch Hunsucker [US]	Anthony Loos [US]	W	10	7
Mitch Hunsucker [US]	Joseph Huber [US]	W	13	8
Mitch Hunsucker [US]	Osvaldo Murillo [US]	L	13	9
David Lugo [US]	Laura McCormick [US]	W	3	1
David Lugo [US]	Andrew Weiss [US]	T	4	2
David Lugo [US]	Sarah Reischmann [US]	W	7	3
David Lugo [US]	Midori Kawaue [US]	L	7	4
David Lugo [US]	Josh Marking [US]	W	10	5
David Lugo [US]	Daniel Lopez [US]	L	10	6
David Lugo [US]	Nikolas Carson [CA]	L	10	7
David Lugo [US]	**VIP15 Brandon Chang [US]	L	10	8
David Lugo [US]	Elliot Muskat [US]	W	13	9
Brooke English [US]	Domenick Ritchie [CA]	W	3	1
Brooke English [US]	Joshua Everly [US]	T	4	2
Brooke English [US]	Brandon Roman [US]	W	7	3
Brooke English [US]	Ricardo Lasalle Barreto [US]	W	10	4
Brooke English [US]	Tom Nardello [US]	W	13	5
Brooke English [US]	Elliott Chereches [CA]	L	13	6
Brooke English [US]	James Flanagan [US]	L	13	7
Brooke English [US]	Preston Rutledge [US]	L	13	8
Brooke English [US]	Sam Chen [US]	L	13	9
Keller Hawkins [US]	Xander Pineda [US]	W	3	1
Keller Hawkins [US]	Rachel Komorowski [US]	W	6	2
Keller Hawkins [US]	Richard Freire [US]	T	7	3
Keller Hawkins [US]	Tanner Drabek [US]	W	10	4
Keller Hawkins [US]	James Flanagan [US]	L	10	5
Keller Hawkins [US]	Sackett Brehmer [US]	L	10	6
Keller Hawkins [US]	Chris Larson [US]	L	10	7
Keller Hawkins [US]	Sean Jackson [US]	L	10	8
Keller Hawkins [US]	Kieran Inch [US]	W	13	9
Kyle Sanchez [US]	Simon Luong [CA]	L	0	1
Kyle Sanchez [US]	Benjamin Gavin [US]	W	3	2
Kyle Sanchez [US]	Abijah Jongsma [CA]	W	6	3
Kyle Sanchez [US]	Dominick Ciampi [US]	T	7	4
Kyle Sanchez [US]	James Jason [US]	W	10	5
Kyle Sanchez [US]	Jeremy Gumila [US]	L	10	6
Kyle Sanchez [US]	Karl Alvarez [US]	W	13	7
Kyle Sanchez [US]	Lorenzo Menendez [CA]	L	13	8
Kyle Sanchez [US]	**VIP15 Brandon Chang [US]	L	13	9
Derek Swope [US]	Jesse Lane [US]	W	3	1
Derek Swope [US]	Taylor Mitchell [US]	W	6	2
Derek Swope [US]	Joseph Cornell [US]	W	9	3
Derek Swope [US]	Robert Deleon [US]	L	9	4
Derek Swope [US]	Jacky Su [CA]	L	9	5
Derek Swope [US]	Jeffrey Weiss [US]	W	12	6
Derek Swope [US]	Juan Oliveras [US]	T	13	7
Derek Swope [US]	Chi Chi Huang [US]	L	13	8
Derek Swope [US]	Adinson Hiraldo [DO]	L	13	9
Nikolas Carson [CA]	Armaan Pahwa [US]	W	3	1
Nikolas Carson [CA]	Gregory Tschann [US]	W	6	2
Nikolas Carson [CA]	Ben Vasquez [US]	W	9	3
Nikolas Carson [CA]	Luke Paul [US]	T	10	4
Nikolas Carson [CA]	Jim O’Heron [US]	L	10	5
Nikolas Carson [CA]	Mustafa Tobah [US]	L	10	6
Nikolas Carson [CA]	David Lugo [US]	W	13	7
Nikolas Carson [CA]	Damon Price [US]	L	13	8
Nikolas Carson [CA]	Austin Roop [US]	L	13	9
Christopher VanBrunt [US]	Joshua Acevedo [US]	T	1	1
Christopher VanBrunt [US]	William Herrmann [US]	W	4	2
Christopher VanBrunt [US]	Andrew Weiss [US]	L	4	3
Christopher VanBrunt [US]	Logan Peterson [US]	W	7	4
Christopher VanBrunt [US]	Teja Gummadi [US]	L	7	5
Christopher VanBrunt [US]	Alexane Bellemare [CA]	L	7	6
Christopher VanBrunt [US]	Samuel Tolson III [US]	L	7	7
Christopher VanBrunt [US]	Steven Hummelt [US]	W	10	8
Christopher VanBrunt [US]	Andrew Sakauye [US]	W	13	9
Michael Tatarowicz [US]	Jeremy Allen [US]	W	3	1
Michael Tatarowicz [US]	John Mostowy [US]	T	4	2
Michael Tatarowicz [US]	Colton Meahl [US]	L	4	3
Michael Tatarowicz [US]	Anthony Murphy [US]	W	7	4
Michael Tatarowicz [US]	oscar sowell [US]	W	10	5
Michael Tatarowicz [US]	Alex Hamilton [US]	L	10	6
Michael Tatarowicz [US]	Jack Rindal [US]	W	13	7
Michael Tatarowicz [US]	Tory Dunworth [US]	L	13	8
Michael Tatarowicz [US]	Tye Pellecchia [US]	L	13	9
Alex Rubin [US]	Matthew Kerner [US]	L	0	1
Alex Rubin [US]	Guillermo Portillo [US]	W	3	2
Alex Rubin [US]	Scottie Gore [US]	W	6	3
Alex Rubin [US]	Daniel Nelson [US]	W	9	4
Alex Rubin [US]	Adam Caracciolo [US]	T	10	5
Alex Rubin [US]	Andres David Torres [CO]	L	10	6
Alex Rubin [US]	Ryan Gonzalez [US]	W	13	7
Alex Rubin [US]	Nick Newton [US]	L	13	8
Alex Rubin [US]	Shawn Chauvin [CA]	L	13	9
Aidyn Moye [US]	Jacob Gross [US]	L	0	1
Aidyn Moye [US]	Zachary Sipling [US]	T	1	2
Aidyn Moye [US]	Justin Turner [US]	W	4	3
Aidyn Moye [US]	Matthew Kerner [US]	W	7	4
Aidyn Moye [US]	Pedro Hernandez [US]	L	7	5
Aidyn Moye [US]	Nate Orr [US]	W	10	6
Aidyn Moye [US]	Joey Gayda [US]	W	13	7
Aidyn Moye [US]	Cyrus Davis [CA]	L	13	8
Aidyn Moye [US]	Alex Hamilton [US]	L	13	9
Zach Lowman [US]	Dan Ricci [US]	W	3	1
Zach Lowman [US]	Lukas Gindt [US]	W	6	2
Zach Lowman [US]	Collin Harris [US]	L	6	3
Zach Lowman [US]	Nathan Flanders [CA]	T	7	4
Zach Lowman [US]	Rocky Barr [US]	T	8	5
Zach Lowman [US]	Ryan Turner [US]	W	11	6
Zach Lowman [US]	Chris Berrocal [US]	T	12	7
Zach Lowman [US]	Chris Barry [US]	T	13	8
Zach Lowman [US]	Roger Ramjit [US]	L	13	9
Mike Wargo [US]	Gabriel Reyes [US]	W	3	1
Mike Wargo [US]	Ryan Rafferty [US]	W	6	2
Mike Wargo [US]	JW Kriewall [US]	L	6	3
Mike Wargo [US]	Christian Chase [US]	L	6	4
Mike Wargo [US]	Bryant Wood [US]	W	9	5
Mike Wargo [US]	Riley Harris [US]	T	10	6
Mike Wargo [US]	Shalom Arellano [US]	W	13	7
Mike Wargo [US]	Sava Radovic [US]	L	13	8
Mike Wargo [US]	Andy Hyun [US]	L	13	9
Kyle Leibenguth [US]	Christopher Ruiz [US]	T	1	1
Kyle Leibenguth [US]	Joseph Smith [US]	W	4	2
Kyle Leibenguth [US]	Derek Li [US]	W	7	3
Kyle Leibenguth [US]	Austin Daniels [US]	L	7	4
Kyle Leibenguth [US]	Dakota Davey [US]	L	7	5
Kyle Leibenguth [US]	Chris Mooney [US]	W	10	6
Kyle Leibenguth [US]	anthony grasso [US]	W	13	7
Kyle Leibenguth [US]	Bryan Funk [US]	L	13	8
Kyle Leibenguth [US]	Alexander Polkow [US]	L	13	9
Stefan Bechler [CA]	Scottie Gore [US]	W	3	1
Stefan Bechler [CA]	Joseph Huber [US]	T	4	2
Stefan Bechler [CA]	Paul McCann [US]	T	5	3
Stefan Bechler [CA]	Sean Van Alen [US]	W	8	4
Stefan Bechler [CA]	David Cook [US]	T	9	5
Stefan Bechler [CA]	Anthony Scornavacca [US]	T	10	6
Stefan Bechler [CA]	jean pierre fortin [US]	W	13	7
Stefan Bechler [CA]	Gina Padron [US]	L	13	8
Stefan Bechler [CA]	Kaylee Hatfield [US]	L	13	9
**VIP16 Oziel Cuellar [US]	James Wong [US]	T	1	1
**VIP16 Oziel Cuellar [US]	Samuel Mowery [US]	W	4	2
**VIP16 Oziel Cuellar [US]	Vance Kelley [US]	L	4	3
**VIP16 Oziel Cuellar [US]	Nicolas Roseamelia [US]	W	7	4
**VIP16 Oziel Cuellar [US]	Braeden Wentling [US]	W	10	5
**VIP16 Oziel Cuellar [US]	Scott Cottrell [US]	L	10	6
**VIP16 Oziel Cuellar [US]	Cody Torres [US]	W	13	7
**VIP16 Oziel Cuellar [US]	Calvin Chang [US]	L	13	8
**VIP16 Oziel Cuellar [US]	Jerry Han [US]	L	13	9
Joseph Cornell [US]	**VIP27 Dean Parkin [US]	W	3	1
Joseph Cornell [US]	Daniel Shogan [US]	W	6	2
Joseph Cornell [US]	Derek Swope [US]	L	6	3
Joseph Cornell [US]	Harrison Leven [US]	W	9	4
Joseph Cornell [US]	Angelo Mangosing [CA]	T	10	5
Joseph Cornell [US]	Andrew Weiss [US]	L	10	6
Joseph Cornell [US]	Kevin Qi [US]	W	13	7
Joseph Cornell [US]	Ryan Miller [US]	L	13	8
Joseph Cornell [US]	Jonathan Zazinski [US]	L	13	9
John Perez [US]	Nicholas Grigson [US]	L	0	1
John Perez [US]	tienthomas pham [US]	W	3	2
John Perez [US]	Mason Lovato [US]	W	6	3
John Perez [US]	Nicholas Avarello [US]	L	6	4
John Perez [US]	Roman Runyon [US]	W	9	5
John Perez [US]	Brock Davis [US]	T	10	6
John Perez [US]	Matthew Hammond [US]	L	10	7
John Perez [US]	Chace Giusti [US]	W	13	8
John Perez [US]	Taylor Mitchell [US]	L	13	9
Matthew Upton [US]	Abraham Madruga [US]	W	3	1
Matthew Upton [US]	Kevin Williams [US]	T	4	2
Matthew Upton [US]	Alexander Chea [US]	L	4	3
Matthew Upton [US]	Kyle D'Amato [US]	W	7	4
Matthew Upton [US]	Rob Stephens [US]	L	7	5
Matthew Upton [US]	Dryden Hawn [US]	W	10	6
Matthew Upton [US]	Paul Semanco [US]	W	13	7
Matthew Upton [US]	Brennon Conner [US]	L	13	8
Matthew Upton [US]	Luna Dunham [US]	L	13	9
Anthony Giler [US]	Conor Devins [US]	L	0	1
Anthony Giler [US]	Sebastian Ardila [US]	W	3	2
Anthony Giler [US]	Alexander Vences [US]	W	6	3
Anthony Giler [US]	Ely Greenfeld [US]	L	6	4
Anthony Giler [US]	Erick Mauricio [US]	T	7	5
Anthony Giler [US]	Randall Coberly [US]	W	10	6
Anthony Giler [US]	Ricardo Quintanilla [US]	W	13	7
Anthony Giler [US]	Suchit Koparde [US]	L	13	8
Anthony Giler [US]	Paul Semanco [US]	L	13	9
Austin Myers [US]	Tariq Eddington [US]	W	3	1
Austin Myers [US]	Hunter Smith [US]	L	3	2
Austin Myers [US]	Jeremy Gomez [US]	T	4	3
Austin Myers [US]	Grayson McKinley [US]	W	7	4
Austin Myers [US]	Jeremiah Schmutz [US]	L	7	5
Austin Myers [US]	Zack Martin [US]	L	7	6
Austin Myers [US]	Mark Marullo [US]	W	10	7
Austin Myers [US]	Joseph Hayward [US]	L	10	8
Austin Myers [US]	Braeden Wentling [US]	W	13	9
Anthony Salomone [US]	Elliott Chereches [CA]	L	0	1
Anthony Salomone [US]	Michael Godla [US]	W	3	2
Anthony Salomone [US]	Marcus payne [US]	W	6	3
Anthony Salomone [US]	Damon Price [US]	L	6	4
Anthony Salomone [US]	Zachary Trybus [US]	W	9	5
Anthony Salomone [US]	Cobi Kawasaki [US]	T	10	6
Anthony Salomone [US]	Morgan Abreu [US]	L	10	7
Anthony Salomone [US]	Matthew Molloy [US]	L	10	8
Anthony Salomone [US]	Adrian Lopez [US]	W	13	9
Collins Eckard [US]	Jonathan Zazinski [US]	T	1	1
Collins Eckard [US]	Aidan Cioppa [US]	W	4	2
Collins Eckard [US]	Richard Cornwall [US]	W	7	3
Collins Eckard [US]	Daniel Altavilla [US]	L	7	4
Collins Eckard [US]	Josh Chevigny [US]	L	7	5
Collins Eckard [US]	Hunter Berry [US]	L	7	6
Collins Eckard [US]	Cassidy Gibson [US]	W	10	7
Collins Eckard [US]	Michael Pianka [US]	L	10	8
Collins Eckard [US]	Millan Patel [US]	W	13	9
Joseph Nawal [US]	Jeffrey Chau [CA]	L	0	1
Joseph Nawal [US]	Richard Clarke	W	3	2
Joseph Nawal [US]	Chris Knudsvig [US]	T	4	3
Joseph Nawal [US]	Walter Anderson [US]	W	7	4
Joseph Nawal [US]	Emmet Hurley [US]	W	10	5
Joseph Nawal [US]	Luke Levy [US]	L	10	6
Joseph Nawal [US]	Preston Alberts [US]	L	10	7
Joseph Nawal [US]	Jack Shepard [US]	W	13	8
Joseph Nawal [US]	Lukas Gindt [US]	L	13	9
Nathan Ritchie [CA]	matthew seifstein [US]	W	3	1
Nathan Ritchie [CA]	Logan Nelson [US]	W	6	2
Nathan Ritchie [CA]	Seth Savage [US]	L	6	3
Nathan Ritchie [CA]	William Lee [US]	W	9	4
Nathan Ritchie [CA]	Mike Newey [US]	L	9	5
Nathan Ritchie [CA]	Juan Mora [US]	L	9	6
Nathan Ritchie [CA]	Natalie Miller [US]	L	9	7
Nathan Ritchie [CA]	James Santaniello [US]	T	10	8
Nathan Ritchie [CA]	Stephen Whitledge [US]	W	13	9
Riley Harris [US]	Chris Leandro [US]	W	3	1
Riley Harris [US]	Kyle Lamp [US]	L	3	2
Riley Harris [US]	Tyco Huynh [US]	W	6	3
Riley Harris [US]	Dan Hugar [US]	L	6	4
Riley Harris [US]	Cody Zimmerman [US]	W	9	5
Riley Harris [US]	Mike Wargo [US]	T	10	6
Riley Harris [US]	Tom Nardello [US]	W	13	7
Riley Harris [US]	Vincent Vuong [CA]	L	13	8
Riley Harris [US]	Andrew Zheng [US]	L	13	9
Harry West [AU]	Erick Devine [US]	W	3	1
Harry West [AU]	Ryan Williams [US]	W	6	2
Harry West [AU]	Caleb Gedemer [US]	L	6	3
Harry West [AU]	Chi Chi Huang [US]	L	6	4
Harry West [AU]	Chris Siakala [US]	L	6	5
Harry West [AU]	Dillon Ryan [US]	T	7	6
Harry West [AU]	Amanda Ploener [US]	W	10	7
Harry West [AU]	Daniel Pacchioli [US]	W	13	8
Harry West [AU]	Grant Walworth [US]	L	13	9
Kevin Fallin [US]	Thomas Happel [US]	W	3	1
Kevin Fallin [US]	Andrew Hedrick [US]	L	3	2
Kevin Fallin [US]	Bradley Wantz [US]	T	4	3
Kevin Fallin [US]	Wesley Tam [CA]	L	4	4
Kevin Fallin [US]	Dean Marsh [US]	W	7	5
Kevin Fallin [US]	Thomas Veazie [US]	L	7	6
Kevin Fallin [US]	ray fernandez [US]	W	10	7
Kevin Fallin [US]	Andrew Nunez [US]	W	13	8
Kevin Fallin [US]	Asher Campbell [US]	L	13	9
Mitchell Courtney [US]	Alexa Minor [US]	W	3	1
Mitchell Courtney [US]	Oliver Stark [US]	W	6	2
Mitchell Courtney [US]	Sanjay Sundararajan [US]	L	6	3
Mitchell Courtney [US]	MIchael Bartlam [US]	W	9	4
Mitchell Courtney [US]	Liam Conant [US]	L	9	5
Mitchell Courtney [US]	Nathan Hampton [US]	L	9	6
Mitchell Courtney [US]	J Garrison [US]	T	10	7
Mitchell Courtney [US]	Anthony Finney [US]	W	13	8
Mitchell Courtney [US]	anthony grasso [US]	L	13	9
Edward Khodaei [US]	Jack Koller [US]	W	3	1
Edward Khodaei [US]	Zachery Wolf [US]	L	3	2
Edward Khodaei [US]	Juan Mora [US]	T	4	3
Edward Khodaei [US]	Andrew Sakauye [US]	W	7	4
Edward Khodaei [US]	Josh Lemon [US]	W	10	5
Edward Khodaei [US]	Peyton Bauermeister [US]	L	10	6
Edward Khodaei [US]	**VIP26 Fred Neilan [US]	L	10	7
Edward Khodaei [US]	James Harris IV [US]	W	13	8
Edward Khodaei [US]	Trevor Van Dyke [US]	L	13	9
Joey Jordan [US]	Gabe Shumway [US]	L	0	1
Joey Jordan [US]	Javier Skwara [US]	T	1	2
Joey Jordan [US]	Jake Roblez [US]	W	4	3
Joey Jordan [US]	Scott Mottern [US]	W	7	4
Joey Jordan [US]	Matt Bubp [US]	L	7	5
Joey Jordan [US]	Logan Poindexter [US]	W	10	6
Joey Jordan [US]	Patrick Vargas [US]	W	13	7
Joey Jordan [US]	Matthew Bowie [US]	L	13	8
Joey Jordan [US]	James Jason [US]	L	13	9
Alex Espinosa [US]	Nick Fleming [US]	W	3	1
Alex Espinosa [US]	Mitre Prathumratana [US]	L	3	2
Alex Espinosa [US]	Jacob Boris [US]	W	6	3
Alex Espinosa [US]	Matthew Hammond [US]	L	6	4
Alex Espinosa [US]	Crysta Bomenblit [US]	W	9	5
Alex Espinosa [US]	Danny Chalet [US]	W	12	6
Alex Espinosa [US]	Miguel Arocho [US]	L	12	7
Alex Espinosa [US]	Dan Irish [US]	L	12	8
Alex Espinosa [US]	Chris Gonzalez [US]	T	13	9
James Byrum [US]	Landen Kaetler [CA]	L	0	1
James Byrum [US]	Casey Atkins [US]	W	3	2
James Byrum [US]	Toby Eyre [US]	L	3	3
James Byrum [US]	Bridget Curley [US]	T	4	4
James Byrum [US]	Matthew Tam [US]	W	7	5
James Byrum [US]	Jeff Tingley [US]	W	10	6
James Byrum [US]	Gage Linton [US]	W	13	7
James Byrum [US]	Matthew Hammond [US]	L	13	8
James Byrum [US]	Kevin Garcia [US]	L	13	9
Jiazuo Sun [US]	Jacob Howard [US]	L	0	1
Jiazuo Sun [US]	Kyle Parent [US]	W	3	2
Jiazuo Sun [US]	Grant Shen [US]	L	3	3
Jiazuo Sun [US]	Nelson Normandia [US]	W	6	4
Jiazuo Sun [US]	Bryan Kennedy [US]	W	9	5
Jiazuo Sun [US]	Justin Kim [CA]	L	9	6
Jiazuo Sun [US]	Alex Morris [US]	W	12	7
Jiazuo Sun [US]	Steve Zhang [US]	L	12	8
Jiazuo Sun [US]	Abe Morales [US]	T	13	9
Jon-Vincent Gonzalve [US]	Edelgard Fox [US]	W	3	1
Jon-Vincent Gonzalve [US]	Edward Valencia [US]	L	3	2
Jon-Vincent Gonzalve [US]	Jack Shepard [US]	W	6	3
Jon-Vincent Gonzalve [US]	Bradley Erickson [US]	T	7	4
Jon-Vincent Gonzalve [US]	Dominick Ciampi [US]	L	7	5
Jon-Vincent Gonzalve [US]	Juan Flores [US]	W	10	6
Jon-Vincent Gonzalve [US]	Jonathan Arias [US]	L	10	7
Jon-Vincent Gonzalve [US]	Joseph Zelis [US]	W	13	8
Jon-Vincent Gonzalve [US]	Evan Moore [US]	L	13	9
James Riggs [US]	Nick Newton [US]	W	3	1
James Riggs [US]	Ricardo Lasalle Barreto [US]	T	4	2
James Riggs [US]	Bryan Ortiz [CA]	L	4	3
James Riggs [US]	Davin Erickson [US]	L	4	4
James Riggs [US]	Justin Dunmire [US]	W	7	5
James Riggs [US]	Alana Watanabe [US]	L	7	6
James Riggs [US]	Layla Merritt [US]	W	10	7
James Riggs [US]	Sam Chen [US]	L	10	8
James Riggs [US]	Erin Collins [US]	W	13	9
Wesley Tam [CA]	Tye Pellecchia [US]	L	0	1
Wesley Tam [CA]	Matthew Tam [US]	T	1	2
Wesley Tam [CA]	Karl Alvarez [US]	W	4	3
Wesley Tam [CA]	Kevin Fallin [US]	W	7	4
Wesley Tam [CA]	Jeffrey Honea [US]	L	7	5
Wesley Tam [CA]	Josh Greiff [US]	L	7	6
Wesley Tam [CA]	Alexander Vences [US]	W	10	7
Wesley Tam [CA]	Jerry Li [US]	L	10	8
Wesley Tam [CA]	Daniel Ah Tou [US]	W	13	9
tyler palmison [US]	Anthony Romanello [US]	L	0	1
tyler palmison [US]	Cole Rosario [US]	L	0	2
tyler palmison [US]	Jacob Williams [US]	W	3	3
tyler palmison [US]	Scottie Gore [US]	W	6	4
tyler palmison [US]	Angelo toscano [US]	W	9	5
tyler palmison [US]	Jacob Sisco [US]	T	10	6
tyler palmison [US]	clayton may [US]	W	13	7
tyler palmison [US]	Carl Caldwell [US]	L	13	8
tyler palmison [US]	Jason Wang [US]	L	13	9
Zachary Smart [US]	Paul DeJesus [US]	W	3	1
Zachary Smart [US]	Leandro Cortez [US]	L	3	2
Zachary Smart [US]	Zach Bowers [US]	W	6	3
Zachary Smart [US]	Nick Trausch [US]	L	6	4
Zachary Smart [US]	Akdiel Flores [US]	L	6	5
Zachary Smart [US]	Eudezia Rodrigues [BR]	W	9	6
Zachary Smart [US]	Raulin Dick [US]	L	9	7
Zachary Smart [US]	Cesar Garcia-Carranza [US]	W	12	8
Zachary Smart [US]	Jeremy Medina [US]	T	13	9
Kenrry Alvarado [US]	Ethan Bougneit [US]	L	0	1
Kenrry Alvarado [US]	Ryan Silva [US]	W	3	2
Kenrry Alvarado [US]	Maxwell Douglass [US]	L	3	3
Kenrry Alvarado [US]	Jonathan Patterson [US]	T	4	4
Kenrry Alvarado [US]	Asher Campbell [US]	W	7	5
Kenrry Alvarado [US]	Jermell Parrish [US]	L	7	6
Kenrry Alvarado [US]	Jeremie G. [US]	L	7	7
Kenrry Alvarado [US]	Tyler O'Barto [US]	W	10	8
Kenrry Alvarado [US]	Anthony Abalsamo [US]	W	13	9
clayton may [US]	Gavin Zhou [CA]	T	1	1
clayton may [US]	Jonathan Lopez [US]	W	4	2
clayton may [US]	Robert Weidman [US]	L	4	3
clayton may [US]	Donovan Vanorsdale [US]	W	7	4
clayton may [US]	Daniel Pacchioli [US]	L	7	5
clayton may [US]	Victor Ghibu [CA]	W	10	6
clayton may [US]	tyler palmison [US]	L	10	7
clayton may [US]	Matthew Nixon [US]	L	10	8
clayton may [US]	Simon Copenhaver [US]	W	13	9
Brandon Joestar [US]	Guilly Mendoza [US]	W	3	1
Brandon Joestar [US]	David Ceculski [US]	L	3	2
Brandon Joestar [US]	Jack Beecher [US]	W	6	3
Brandon Joestar [US]	oscar sowell [US]	T	7	4
Brandon Joestar [US]	Richard Freire [US]	L	7	5
Brandon Joestar [US]	Jeremy Allen [US]	W	10	6
Brandon Joestar [US]	Dominick Ciampi [US]	L	10	7
Brandon Joestar [US]	Jason Burch [US]	W	13	8
Brandon Joestar [US]	Kian Siadat [US]	L	13	9
Lily Morgan [US]	Cory Thoma [US]	W	3	1
Lily Morgan [US]	Rico Schugmann [US]	L	3	2
Lily Morgan [US]	oscar sowell [US]	L	3	3
Lily Morgan [US]	Chi Wu [US]	W	6	4
Lily Morgan [US]	Sava Radovic [US]	L	6	5
Lily Morgan [US]	Cole Rosario [US]	W	9	6
Lily Morgan [US]	Steven Leu [US]	W	12	7
Lily Morgan [US]	Jared Wilson [US]	L	12	8
Lily Morgan [US]	Joseph Fragomeni [US]	T	13	9
David Cook [US]	William Timmermeyer [US]	T	1	1
David Cook [US]	Luis Nunez [US]	T	2	2
David Cook [US]	Mathew Boat [US]	W	5	3
David Cook [US]	Thomas Fogarty [US]	W	8	4
David Cook [US]	Stefan Bechler [CA]	T	9	5
David Cook [US]	Richard Rogers [US]	T	10	6
David Cook [US]	Xavier Clark [US]	W	13	7
David Cook [US]	Jonathan Ramirez [US]	L	13	8
David Cook [US]	Justin Turner [US]	L	13	9
Michael Lacek [US]	Michael Zheng [US]	L	0	1
Michael Lacek [US]	Neil Campbell [US]	T	1	2
Michael Lacek [US]	Justin Dunmire [US]	W	4	3
Michael Lacek [US]	Dylan Dreyer [US]	W	7	4
Michael Lacek [US]	Kyle Baxter [US]	W	10	5
Michael Lacek [US]	Zach Lesage [CA]	L	10	6
Michael Lacek [US]	Tyler Herrmann [US]	L	10	7
Michael Lacek [US]	Carlos Berrios [US]	W	13	8
Michael Lacek [US]	Jan Michael Ortiz [US]	L	13	9
Ezi Tran [US]	Michael Canaves [US]	W	3	1
Ezi Tran [US]	Josh Rhea [US]	L	3	2
Ezi Tran [US]	Logan Nelson [US]	T	4	3
Ezi Tran [US]	Braeden Wentling [US]	L	4	4
Ezi Tran [US]	Sean Robison [US]	W	7	5
Ezi Tran [US]	Mathew Moose [US]	W	10	6
Ezi Tran [US]	Michele Schiraldi [CA]	L	10	7
Ezi Tran [US]	Philip Matthews [US]	W	13	8
Ezi Tran [US]	Richard Freire [US]	L	13	9
Matthew Molloy [US]	Juan Escalera [US]	W	3	1
Matthew Molloy [US]	Lucas Thiele [US]	L	3	2
Matthew Molloy [US]	Dominic Viola [US]	L	3	3
Matthew Molloy [US]	Marcus payne [US]	W	6	4
Matthew Molloy [US]	Ryan Lavespere [US]	W	9	5
Matthew Molloy [US]	Jacqueline Wallis [US]	L	9	6
Matthew Molloy [US]	Adam Beavers [US]	T	10	7
Matthew Molloy [US]	Anthony Salomone [US]	W	13	8
Matthew Molloy [US]	Anthony Balko [US]	L	13	9
Sackett Brehmer [US]	Megan Fiscus [US]	W	3	1
Sackett Brehmer [US]	Jacob Stillwell [US]	L	3	2
Sackett Brehmer [US]	Bryan Bare [US]	T	4	3
Sackett Brehmer [US]	Thomas DeHart [US]	W	7	4
Sackett Brehmer [US]	Nathan Flanders [CA]	W	10	5
Sackett Brehmer [US]	Keller Hawkins [US]	W	13	6
Sackett Brehmer [US]	Anthony Smith [US]	L	13	7
Sackett Brehmer [US]	Gibson Archer-Tang [US]	L	13	8
Sackett Brehmer [US]	Alexander Hamilton [US]	L	13	9
William Lee [US]	Justin Bond [CA]	W	3	1
William Lee [US]	Harrison Leven [US]	W	6	2
William Lee [US]	Adam Gherbi [US]	L	6	3
William Lee [US]	Nathan Ritchie [CA]	L	6	4
William Lee [US]	Chris Barry [US]	L	6	5
William Lee [US]	Gabriel Reyes [US]	W	9	6
William Lee [US]	Holly Sturm [US]	W	12	7
William Lee [US]	Daniel Kutinsky [US]	T	13	8
William Lee [US]	Joseph Hayward [US]	L	13	9
Randall Coberly [US]	Marcus payne [US]	W	3	1
Randall Coberly [US]	Tanner Leonardo [US]	W	6	2
Randall Coberly [US]	Kamil Colatosti [CA]	T	7	3
Randall Coberly [US]	Meng-Yu Wang [US]	L	7	4
Randall Coberly [US]	Mustafa Tobah [US]	L	7	5
Randall Coberly [US]	Anthony Giler [US]	L	7	6
Randall Coberly [US]	Alan Rosewicz [US]	L	7	7
Randall Coberly [US]	Erick Mauricio [US]	W	10	8
Randall Coberly [US]	Matthew Keyes [US]	W	13	9
Val McFarland [US]	Nhan Le [US]	L	0	1
Val McFarland [US]	**VIP33 Anthony Watkins [US]	T	1	2
Val McFarland [US]	Hubert Lin [US]	W	4	3
Val McFarland [US]	Niko Sanville [US]	L	4	4
Val McFarland [US]	Nate Durell [US]	W	7	5
Val McFarland [US]	Alex Fusco [US]	W	10	6
Val McFarland [US]	Xavier Williams [US]	L	10	7
Val McFarland [US]	Josh Fuller [US]	L	10	8
Val McFarland [US]	Thomas Happel [US]	W	13	9
Chris Gonzalez [US]	Sophie Ryan [US]	W	3	1
Chris Gonzalez [US]	Samantha Durci [US]	W	6	2
Chris Gonzalez [US]	Alex Wilson [US]	L	6	3
Chris Gonzalez [US]	Fred Singer IV [US]	L	6	4
Chris Gonzalez [US]	James Balasiak [CA]	W	9	5
Chris Gonzalez [US]	Toby Eyre [US]	L	9	6
Chris Gonzalez [US]	Daniel Kutinsky [US]	L	9	7
Chris Gonzalez [US]	Domenick Ritchie [CA]	W	12	8
Chris Gonzalez [US]	Alex Espinosa [US]	T	13	9
Ernesto seryey de la cruz cordova [MX]	James Gillespie [US]	T	1	1
Ernesto seryey de la cruz cordova [MX]	Mark Marullo [US]	W	4	2
Ernesto seryey de la cruz cordova [MX]	Emily Forman [US]	W	7	3
Ernesto seryey de la cruz cordova [MX]	Bryce Branch [US]	L	7	4
Ernesto seryey de la cruz cordova [MX]	Matthew Connors [US]	L	7	5
Ernesto seryey de la cruz cordova [MX]	Valkyrie Kraemer [US]	L	7	6
Ernesto seryey de la cruz cordova [MX]	Daniel Helm [US]	W	10	7
Ernesto seryey de la cruz cordova [MX]	Kaylee Hatfield [US]	L	10	8
Ernesto seryey de la cruz cordova [MX]	James Harris IV [US]	W	13	9
Ben Vasquez [US]	Anthony Bruno [US]	W	3	1
Ben Vasquez [US]	Eric Straining [US]	W	6	2
Ben Vasquez [US]	Nikolas Carson [CA]	L	6	3
Ben Vasquez [US]	Kraig Krueger [US]	L	6	4
Ben Vasquez [US]	Alex Kalbach [US]	W	9	5
Ben Vasquez [US]	Clayton Fagan [US]	T	10	6
Ben Vasquez [US]	Jeremy Pritz [CA]	L	10	7
Ben Vasquez [US]	Alexander Chea [US]	L	10	8
Ben Vasquez [US]	Chazz Castaneda [US]	W	13	9
Matt Guyan [US]	Raymond Lucas [US]	W	3	1
Matt Guyan [US]	Chase Sutton [US]	T	4	2
Matt Guyan [US]	Shawn Cardella [US]	L	4	3
Matt Guyan [US]	Grant Keating [US]	L	4	4
Matt Guyan [US]	Shawn Ovens [US]	W	7	5
Matt Guyan [US]	Alan Rosewicz [US]	W	10	6
Matt Guyan [US]	Isaiah Cheville [US]	L	10	7
Matt Guyan [US]	Alex Fusco [US]	W	13	8
Matt Guyan [US]	Matthew Nixon [US]	L	13	9
andrew amistad [CA]	Sammy Allen [US]	L	0	1
andrew amistad [CA]	Nate Durell [US]	W	3	2
andrew amistad [CA]	Nathaniel Lamar [US]	L	3	3
andrew amistad [CA]	Daniel Moore [US]	W	6	4
andrew amistad [CA]	Seth Heitmann [US]	W	9	5
andrew amistad [CA]	Azul Garcia Griego [US]	W	12	6
andrew amistad [CA]	Eric Rodriguez [US]	T	13	7
andrew amistad [CA]	Jake Dillon [US]	L	13	8
andrew amistad [CA]	Chris Larson [US]	L	13	9
Chris Siakala [US]	Kevin Qi [US]	L	0	1
Chris Siakala [US]	Michael Allen [US]	W	3	2
Chris Siakala [US]	Erick Mauricio [US]	L	3	3
Chris Siakala [US]	Jack Shepard [US]	W	6	4
Chris Siakala [US]	Harry West [AU]	W	9	5
Chris Siakala [US]	Joseph Perez [US]	T	10	6
Chris Siakala [US]	Maxim Korobov [US]	L	10	7
Chris Siakala [US]	Shawn Cardella [US]	L	10	8
Chris Siakala [US]	Caleb Sprague [US]	W	13	9
John Hudson [US]	Cody Bowers [US]	W	3	1
John Hudson [US]	Greg Minklei [US]	L	3	2
John Hudson [US]	German Herrera [US]	L	3	3
John Hudson [US]	Oliver Stark [US]	W	6	4
John Hudson [US]	evan fullaway [US]	W	9	5
John Hudson [US]	Brandon Stull [US]	W	12	6
John Hudson [US]	Alexander Polkow [US]	T	13	7
John Hudson [US]	Ryan Mooney [US]	L	13	8
John Hudson [US]	Josh Stapler [US]	L	13	9
Alan Rosewicz [US]	Jacob Noel [US]	T	1	1
Alan Rosewicz [US]	riyad mechel [CA]	L	1	2
Alan Rosewicz [US]	Jeffrey Heim [US]	W	4	3
Alan Rosewicz [US]	Jeffrey Honea [US]	L	4	4
Alan Rosewicz [US]	Christopher Ruiz [US]	W	7	5
Alan Rosewicz [US]	Matt Guyan [US]	L	7	6
Alan Rosewicz [US]	Randall Coberly [US]	W	10	7
Alan Rosewicz [US]	Matthew Tam [US]	W	13	8
Alan Rosewicz [US]	Bryan Lyons [US]	L	13	9
**VIP17 Ricardo Escobar [US]	Clayton Fagan [US]	L	0	1
**VIP17 Ricardo Escobar [US]	Mitchell O'Neill [US]	W	3	2
**VIP17 Ricardo Escobar [US]	Samantha Radford [US]	W	6	3
**VIP17 Ricardo Escobar [US]	Jared Grimes [US]	L	6	4
**VIP17 Ricardo Escobar [US]	Ben Gateley [US]	W	9	5
**VIP17 Ricardo Escobar [US]	Jordan Lipner [US]	L	9	6
**VIP17 Ricardo Escobar [US]	Frank Hunter [US]	L	9	7
**VIP17 Ricardo Escobar [US]	Brandon Salazar [US]	W	12	8
**VIP17 Ricardo Escobar [US]	Wade Anderson [US]	T	13	9
Nikita Matyukov [US]	Tony Curtis [US]	W	3	1
Nikita Matyukov [US]	Keaton Williams [US]	L	3	2
Nikita Matyukov [US]	Gregory Playter [US]	T	4	3
Nikita Matyukov [US]	Mateo Thompson Soto [US]	L	4	4
Nikita Matyukov [US]	Dillon Barta [US]	W	7	5
Nikita Matyukov [US]	Dario Marchetta [CA]	L	7	6
Nikita Matyukov [US]	Ryan Silva [US]	W	10	7
Nikita Matyukov [US]	Summer Plesko [US]	W	13	8
Nikita Matyukov [US]	Tom Nardello [US]	L	13	9
Joseph Huber [US]	J Garrison [US]	W	3	1
Joseph Huber [US]	Stefan Bechler [CA]	T	4	2
Joseph Huber [US]	Carmen Klomparens [US]	L	4	3
Joseph Huber [US]	Logan Nelson [US]	W	7	4
Joseph Huber [US]	Iyla Sutherland [US]	W	10	5
Joseph Huber [US]	Zackary Turner [US]	L	10	6
Joseph Huber [US]	Ayana May [US]	L	10	7
Joseph Huber [US]	Mitch Hunsucker [US]	L	10	8
Joseph Huber [US]	Alexandra Rodriguez [US]	W	13	9
Jonathan Arias [US]	Rob Anderson [US]	L	0	1
Jonathan Arias [US]	Aquilino Diaz [US]	T	1	2
Jonathan Arias [US]	Jake Harpster [US]	W	4	3
Jonathan Arias [US]	Grant Walworth [US]	L	4	4
Jonathan Arias [US]	Matthew Dennington [US]	W	7	5
Jonathan Arias [US]	Alexa Weidner [US]	W	10	6
Jonathan Arias [US]	Jon-Vincent Gonzalve [US]	W	13	7
Jonathan Arias [US]	Ethan Szendrey [CA]	L	13	8
Jonathan Arias [US]	Jack Wong [CA]	L	13	9
Jack Rindal [US]	MiguelAngel Tovar [US]	W	3	1
Jack Rindal [US]	Kaylee Durham [US]	W	6	2
Jack Rindal [US]	Joseph Kreiser [US]	L	6	3
Jack Rindal [US]	Ciaran Farah [CA]	L	6	4
Jack Rindal [US]	Alexander Welsh [US]	T	7	5
Jack Rindal [US]	Chris Wilkinson [US]	W	10	6
Jack Rindal [US]	Michael Tatarowicz [US]	L	10	7
Jack Rindal [US]	Martin Schneider [US]	L	10	8
Jack Rindal [US]	Nathan Flanders [CA]	W	13	9
Ritter Minnix [US]	Nolan O'Brien [CA]	L	0	1
Ritter Minnix [US]	Jack Koller [US]	W	3	2
Ritter Minnix [US]	Michael Plocinik [US]	W	6	3
Ritter Minnix [US]	Corey Goss [US]	L	6	4
Ritter Minnix [US]	Steven Tokar [US]	L	6	5
Ritter Minnix [US]	Abby Brown [US]	W	9	6
Ritter Minnix [US]	Brandon Stull [US]	W	12	7
Ritter Minnix [US]	Nick Alvarez [US]	T	13	8
Ritter Minnix [US]	John Sundstrom [US]	L	13	9
Zackary Turner [US]	Zachary Trybus [US]	L	0	1
Zackary Turner [US]	Sherri Lee [US]	W	3	2
Zackary Turner [US]	Cameron Johnson [US]	W	6	3
Zackary Turner [US]	Joshua Fine [US]	T	7	4
Zackary Turner [US]	Martin Schneider [US]	W	10	5
Zackary Turner [US]	Joseph Huber [US]	W	13	6
Zackary Turner [US]	Morgan Purdy [US]	L	13	7
Zackary Turner [US]	Morgan Abreu [US]	L	13	8
Zackary Turner [US]	James Arnold [US]	L	13	9
Juan Contla [US]	Kevin Hardy [US]	W	3	1
Juan Contla [US]	Michael Meal [CA]	T	4	2
Juan Contla [US]	Alexa Weidner [US]	W	7	3
Juan Contla [US]	Jared Wilson [US]	L	7	4
Juan Contla [US]	Raul Santiago [US]	L	7	5
Juan Contla [US]	ray fernandez [US]	W	10	6
Juan Contla [US]	Joseph Perez [US]	L	10	7
Juan Contla [US]	Michael French [US]	L	10	8
Juan Contla [US]	Geneses Pabuna [CA]	W	13	9
Martin Schneider [US]	Adam Schiewe [US]	L	0	1
Martin Schneider [US]	Reis Tipton [US]	W	3	2
Martin Schneider [US]	Jacob Henry [US]	W	6	3
Martin Schneider [US]	Prin Basser [US]	T	7	4
Martin Schneider [US]	Zackary Turner [US]	L	7	5
Martin Schneider [US]	Carmen Klomparens [US]	W	10	6
Martin Schneider [US]	Mario Martinez [US]	L	10	7
Martin Schneider [US]	Jack Rindal [US]	W	13	8
Martin Schneider [US]	James Thiel [US]	L	13	9
Nick Alvarez [US]	Kaylee Durham [US]	L	0	1
Nick Alvarez [US]	Abby Brown [US]	W	3	2
Nick Alvarez [US]	Jared Burgon [US]	L	3	3
Nick Alvarez [US]	Greg Downing [US]	W	6	4
Nick Alvarez [US]	Hezekiah Rich [US]	L	6	5
Nick Alvarez [US]	matthew seifstein [US]	W	9	6
Nick Alvarez [US]	Matthew Ratliff [US]	W	12	7
Nick Alvarez [US]	Ritter Minnix [US]	T	13	8
Nick Alvarez [US]	Kraig Krueger [US]	L	13	9
Josh Fuller [US]	Shinnosuke Komiya [US]	L	0	1
Josh Fuller [US]	Mason Kulik [US]	L	0	2
Josh Fuller [US]	Laura McCormick [US]	W	3	3
Josh Fuller [US]	Alec Noah [US]	W	6	4
Josh Fuller [US]	Matthew Blatnick [US]	L	6	5
Josh Fuller [US]	Austin Ensing [US]	W	9	6
Josh Fuller [US]	Chazz Castaneda [US]	T	10	7
Josh Fuller [US]	Val McFarland [US]	W	13	8
Josh Fuller [US]	Jerry Li [US]	L	13	9
Greyson Snyder [US]	Cody Bruder [US]	L	0	1
Greyson Snyder [US]	Kyle Haywood [US]	T	1	2
Greyson Snyder [US]	Anthony Kocan [US]	W	4	3
Greyson Snyder [US]	Louis Tighe [US]	L	4	4
Greyson Snyder [US]	Preston Alberts [US]	L	4	5
Greyson Snyder [US]	James Wong [US]	W	7	6
Greyson Snyder [US]	Juan Flores [US]	W	10	7
Greyson Snyder [US]	Millan Patel [US]	W	13	8
Greyson Snyder [US]	Jeffrey Criss [US]	L	13	9
Cody Torres [US]	Alexander Smith [US]	W	3	1
Cody Torres [US]	Nhan Le [US]	L	3	2
Cody Torres [US]	Kyle Baxter [US]	T	4	3
Cody Torres [US]	Matthew Keyes [US]	L	4	4
Cody Torres [US]	Jonathan Patterson [US]	W	7	5
Cody Torres [US]	Jordan Parrish [US]	W	10	6
Cody Torres [US]	**VIP16 Oziel Cuellar [US]	L	10	7
Cody Torres [US]	Josh Maurer [US]	W	13	8
Cody Torres [US]	Donny McCoy [US]	L	13	9
Jack Beecher [US]	Damon Price [US]	L	0	1
Jack Beecher [US]	Benjamin Peacock [US]	W	3	2
Jack Beecher [US]	Brandon Joestar [US]	L	3	3
Jack Beecher [US]	Nathaniel Edelman [US]	W	6	4
Jack Beecher [US]	Ethan Bougneit [US]	L	6	5
Jack Beecher [US]	Austin Kuhn [US]	L	6	6
Jack Beecher [US]	Austin Ensing [US]	T	7	7
Jack Beecher [US]	Bridget Curley [US]	W	10	8
Jack Beecher [US]	Jack Shepard [US]	W	13	9
Brock Davis [US]	Jeffrey Criss [US]	L	0	1
Brock Davis [US]	Ricky Bowman [US]	W	3	2
Brock Davis [US]	Rafal Gladysz [US]	L	3	3
Brock Davis [US]	Abbie MacNeal [US]	W	6	4
Brock Davis [US]	Connor McNamara [US]	W	9	5
Brock Davis [US]	John Perez [US]	T	10	6
Brock Davis [US]	Philip Matthews [US]	W	13	7
Brock Davis [US]	Nathaniel Zlockie [US]	L	13	8
Brock Davis [US]	Nick Dela Torre [US]	L	13	9
Xavier Williams [US]	Jason Wang [US]	L	0	1
Xavier Williams [US]	John Owen [US]	T	1	2
Xavier Williams [US]	Charles Snyder III [US]	L	1	3
Xavier Williams [US]	Andrew Taylor [US]	W	4	4
Xavier Williams [US]	Brandon Roman [US]	W	7	5
Xavier Williams [US]	cesar gastelbondo [CO]	W	10	6
Xavier Williams [US]	Val McFarland [US]	W	13	7
Xavier Williams [US]	Cody Bruder [US]	L	13	8
Xavier Williams [US]	Michael Pianka [US]	L	13	9
Jared Alindogan [US]	James Balasiak [CA]	L	0	1
Jared Alindogan [US]	Sai Pamulapati [US]	T	1	2
Jared Alindogan [US]	Edwin Cohetero	W	4	3
Jared Alindogan [US]	Jordan Markle [US]	L	4	4
Jared Alindogan [US]	Nicolas Roseamelia [US]	W	7	5
Jared Alindogan [US]	Mitch Hunsucker [US]	W	10	6
Jared Alindogan [US]	Adrian Lopez [US]	W	13	7
Jared Alindogan [US]	Soumil Dusara [US]	L	13	8
Jared Alindogan [US]	Dominick Ciampi [US]	L	13	9
Anthony Finney [US]	Brian Peavy [US]	T	1	1
Anthony Finney [US]	Mathew Boat [US]	T	2	2
Anthony Finney [US]	Braeden Ferguson [US]	W	5	3
Anthony Finney [US]	Dalton Heim [US]	T	6	4
Anthony Finney [US]	Nikky Riccio [US]	W	9	5
Anthony Finney [US]	Miguel Arocho [US]	L	9	6
Anthony Finney [US]	Aryn Fitzpatrick [US]	T	10	7
Anthony Finney [US]	Mitchell Courtney [US]	L	10	8
Anthony Finney [US]	Travis Herrell [US]	W	13	9
Joseph Zelis [US]	Evan Bennett [US]	T	1	1
Joseph Zelis [US]	Braeden Ferguson [US]	T	2	2
Joseph Zelis [US]	Alberto Plasencia [US]	W	5	3
Joseph Zelis [US]	Jessica Rowland [US]	W	8	4
Joseph Zelis [US]	Anthony Strange [US]	T	9	5
Joseph Zelis [US]	Josh Owens [US]	L	9	6
Joseph Zelis [US]	Logan Anna [US]	T	10	7
Joseph Zelis [US]	Jon-Vincent Gonzalve [US]	L	10	8
Joseph Zelis [US]	Gregory Fortier [CA]	W	13	9
Maxwell Johnson [US]	Loc Nguyen [US]	W	3	1
Maxwell Johnson [US]	Emmet Hurley [US]	T	4	2
Maxwell Johnson [US]	Jan Michael Ortiz [US]	L	4	3
Maxwell Johnson [US]	Christina Korsak [US]	W	7	4
Maxwell Johnson [US]	James Gillespie [US]	L	7	5
Maxwell Johnson [US]	Summer Plesko [US]	L	7	6
Maxwell Johnson [US]	Buddy Perry [US]	W	10	7
Maxwell Johnson [US]	Sam Gulas [US]	L	10	8
Maxwell Johnson [US]	Taylor Petricca [US]	W	13	9
Karl Alvarez [US]	Grant Walworth [US]	T	1	1
Karl Alvarez [US]	Valkyrie Kraemer [US]	L	1	2
Karl Alvarez [US]	Wesley Tam [CA]	L	1	3
Karl Alvarez [US]	Jacob Williams [US]	W	4	4
Karl Alvarez [US]	Douglas Cox [US]	W	7	5
Karl Alvarez [US]	Matthew Keyes [US]	W	10	6
Karl Alvarez [US]	Kyle Sanchez [US]	L	10	7
Karl Alvarez [US]	Zack Martin [US]	W	13	8
Karl Alvarez [US]	Justin Bean [US]	L	13	9
Adam Emerson [US]	Arjun Khadse [US]	L	0	1
Adam Emerson [US]	Ryan Mooney [US]	L	0	2
Adam Emerson [US]	Brendan Redinger [US]	W	3	3
Adam Emerson [US]	Zach Stone [US]	W	6	4
Adam Emerson [US]	Michael Marino [US]	L	6	5
Adam Emerson [US]	Brian Coppola [US]	L	6	6
Adam Emerson [US]	Katlyn Custer [US]	T	7	7
Adam Emerson [US]	**VIP19 Charlie Hall [US]	W	10	8
Adam Emerson [US]	Michael Ginchereau [US]	W	13	9
Abery Ohayon [US]	Kara Greenstreet [US]	W	3	1
Abery Ohayon [US]	Chris Fulop [US]	L	3	2
Abery Ohayon [US]	Vincenzo Porco [CA]	L	3	3
Abery Ohayon [US]	Jacqueline Wallis [US]	L	3	4
Abery Ohayon [US]	Scott Trexler [US]	T	4	5
Abery Ohayon [US]	Andrew Sams [US]	W	7	6
Abery Ohayon [US]	Chris martens [US]	L	7	7
Abery Ohayon [US]	Michael Lee [US]	W	10	8
Abery Ohayon [US]	Alexane Bellemare [CA]	W	13	9
Jeremy Medina [US]	Joe Ward [US]	W	3	1
Jeremy Medina [US]	Sean Van Alen [US]	T	4	2
Jeremy Medina [US]	Mario Vivas [CA]	L	4	3
Jeremy Medina [US]	Andy Zhang [US]	T	5	4
Jeremy Medina [US]	Ben DeGarmo [US]	L	5	5
Jeremy Medina [US]	Christian Wybieracki [US]	W	8	6
Jeremy Medina [US]	Mauricio Patino [US]	W	11	7
Jeremy Medina [US]	Joseph Fragomeni [US]	T	12	8
Jeremy Medina [US]	Zachary Smart [US]	T	13	9
Joshua Tolan [US]	Maxwell Douglass [US]	L	0	1
Joshua Tolan [US]	Luis Zambrana [US]	T	1	2
Joshua Tolan [US]	Stephen Morris [US]	W	4	3
Joshua Tolan [US]	Mario Martinez [US]	L	4	4
Joshua Tolan [US]	Steve Ondrey [US]	W	7	5
Joshua Tolan [US]	Logan Donovan [US]	W	10	6
Joshua Tolan [US]	Anthony Scornavacca [US]	L	10	7
Joshua Tolan [US]	Nick Dela Torre [US]	L	10	8
Joshua Tolan [US]	Jose Torres [US]	W	13	9
Dryden Hawn [US]	Eric Straining [US]	L	0	1
Dryden Hawn [US]	Steven Leu [US]	W	3	2
Dryden Hawn [US]	Owen Robinson [US]	T	4	3
Dryden Hawn [US]	John Ducette [CA]	L	4	4
Dryden Hawn [US]	Guilly Mendoza [US]	W	7	5
Dryden Hawn [US]	Matthew Upton [US]	L	7	6
Dryden Hawn [US]	Matt Walter [US]	W	10	7
Dryden Hawn [US]	Andrew Sakauye [US]	W	13	8
Dryden Hawn [US]	Donny Nguyen [US]	L	13	9
Jay Medeiros [CA]	Kamal Crooks-Valdez [US]	T	1	1
Jay Medeiros [CA]	Aleaner Pabonnie [US]	L	1	2
Jay Medeiros [CA]	Frank Diaz [US]	L	1	3
Jay Medeiros [CA]	Trevor Reisner [CA]	W	4	4
Jay Medeiros [CA]	Orla Gotthelf [US]	W	7	5
Jay Medeiros [CA]	Alec Shaw	L	7	6
Jay Medeiros [CA]	Steven Hummelt [US]	W	10	7
Jay Medeiros [CA]	Jose Torres [US]	W	13	8
Jay Medeiros [CA]	Chris Wilkinson [US]	L	13	9
Jacob Sisco [US]	Kieran Inch [US]	L	0	1
Jacob Sisco [US]	Pat Eshghy [US]	L	0	2
Jacob Sisco [US]	Dylan Parris [US]	W	3	3
Jacob Sisco [US]	Brianna Velliquette [US]	W	6	4
Jacob Sisco [US]	Makayla Penney [US]	W	9	5
Jacob Sisco [US]	tyler palmison [US]	T	10	6
Jacob Sisco [US]	Zack Martin [US]	W	13	7
Jacob Sisco [US]	Landen Kaetler [CA]	L	13	8
Jacob Sisco [US]	James Quick [US]	L	13	9
J Garrison [US]	Joseph Huber [US]	L	0	1
J Garrison [US]	Nam Truong [US]	W	3	2
J Garrison [US]	Daniel Kutinsky [US]	L	3	3
J Garrison [US]	Evan Huang [CA]	W	6	4
J Garrison [US]	Anthony Danczak [US]	W	9	5
J Garrison [US]	Ryan Graywacz [US]	L	9	6
J Garrison [US]	Mitchell Courtney [US]	T	10	7
J Garrison [US]	Logan Anna [US]	L	10	8
J Garrison [US]	Ricardo Quintanilla [US]	W	13	9
Hang Yu Lin [CA]	Robert Bradley [US]	L	0	1
Hang Yu Lin [CA]	Ricardo Quintanilla [US]	L	0	2
Hang Yu Lin [CA]	Nicholas Watters [US]	W	3	3
Hang Yu Lin [CA]	Anthony Allmond [US]	W	6	4
Hang Yu Lin [CA]	Alexander Vences [US]	W	9	5
Hang Yu Lin [CA]	Joseph Kreiser [US]	T	10	6
Hang Yu Lin [CA]	Hunter Berry [US]	W	13	7
Hang Yu Lin [CA]	Regan Retzloff [US]	L	13	8
Hang Yu Lin [CA]	Luke Talkington [US]	L	13	9
Michael French [US]	Joshua Fine [US]	L	0	1
Michael French [US]	Carson Alford [US]	W	3	2
Michael French [US]	Chris Nagel [US]	T	4	3
Michael French [US]	Corey Blankenship [US]	L	4	4
Michael French [US]	Chris Larson [US]	L	4	5
Michael French [US]	Matthew McClain [US]	W	7	6
Michael French [US]	SETH RAMOS [US]	W	10	7
Michael French [US]	Juan Contla [US]	W	13	8
Michael French [US]	Jeremy Pritz [CA]	L	13	9
Samuel Tolson III [US]	Xavier Clark [US]	L	0	1
Samuel Tolson III [US]	MIchael Bartlam [US]	L	0	2
Samuel Tolson III [US]	Yakira Tate [US]	W	3	3
Samuel Tolson III [US]	Chris Wilkinson [US]	T	4	4
Samuel Tolson III [US]	Morgan Abreu [US]	L	4	5
Samuel Tolson III [US]	Benjamin Peacock [US]	W	7	6
Samuel Tolson III [US]	Christopher VanBrunt [US]	W	10	7
Samuel Tolson III [US]	Alexandra Rodriguez [US]	W	13	8
Samuel Tolson III [US]	Gage Linton [US]	L	13	9
Sebastian Ardila [US]	Miguel Acevedo [US]	L	0	1
Sebastian Ardila [US]	Anthony Giler [US]	L	0	2
Sebastian Ardila [US]	David Stressman [US]	T	1	3
Sebastian Ardila [US]	Morgan Drake [US]	W	4	4
Sebastian Ardila [US]	Francisco Magana [US]	W	7	5
Sebastian Ardila [US]	Austin Marshall [US]	W	10	6
Sebastian Ardila [US]	Stephen Palombo [US]	W	13	7
Sebastian Ardila [US]	Meng-Yu Wang [US]	L	13	8
Sebastian Ardila [US]	Derrick Schwarz [US]	L	13	9
Melanie Springer [US]	Nikky Riccio [US]	L	0	1
Melanie Springer [US]	David Jackson [US]	L	0	2
Melanie Springer [US]	Matthew Kirk [US]	T	1	3
Melanie Springer [US]	**VIP21 Charles Hernandez [US]	L	1	4
Melanie Springer [US]	Jeanfelix Chavez [US]	W	4	5
Melanie Springer [US]	Juan Pereira [US]	W	7	6
Melanie Springer [US]	Nathaniel Lamar [US]	W	10	7
Melanie Springer [US]	Andrew Padron [US]	L	10	8
Melanie Springer [US]	Bruce Boshell [US]	W	13	9
Erick Devine [US]	Harry West [AU]	L	0	1
Erick Devine [US]	Paul D'Amico [US]	L	0	2
Erick Devine [US]	Suzanne Matthews [US]	W	3	3
Erick Devine [US]	**VIP19 Charlie Hall [US]	W	6	4
Erick Devine [US]	Juan Gonzalez [US]	T	7	5
Erick Devine [US]	Dylan Dreyer [US]	W	10	6
Erick Devine [US]	Tony Hoang [US]	W	13	7
Erick Devine [US]	Joseph Brecht [US]	L	13	8
Erick Devine [US]	Fred Singer IV [US]	L	13	9
Jeremy Allen [US]	Michael Tatarowicz [US]	L	0	1
Jeremy Allen [US]	Harry Rachel [US]	L	0	2
Jeremy Allen [US]	Robert Simpson [CA]	T	1	3
Jeremy Allen [US]	Joseph Forjette [US]	W	4	4
Jeremy Allen [US]	Jonathan Nutter [US]	W	7	5
Jeremy Allen [US]	Brandon Joestar [US]	L	7	6
Jeremy Allen [US]	Sam Gulas [US]	L	7	7
Jeremy Allen [US]	Saviere Stevens [US]	W	10	8
Jeremy Allen [US]	Brian Peavy [US]	W	13	9
Jonathan Crump [US]	Bill Papacostas [US]	L	0	1
Jonathan Crump [US]	Steven Mihalson [US]	W	3	2
Jonathan Crump [US]	Chad Kray [US]	T	4	3
Jonathan Crump [US]	Adinson Hiraldo [DO]	L	4	4
Jonathan Crump [US]	Anibal Picho [US]	L	4	5
Jonathan Crump [US]	Meredith Knowles [US]	W	7	6
Jonathan Crump [US]	**VIP19 Charlie Hall [US]	W	10	7
Jonathan Crump [US]	Alexandre Ouellette [CA]	L	10	8
Jonathan Crump [US]	Anthony Spanitz [US]	W	13	9
Andrew Nunez [US]	Ryan Reichley [US]	W	3	1
Andrew Nunez [US]	Bill Papacostas [US]	L	3	2
Andrew Nunez [US]	Buddy Perry [US]	L	3	3
Andrew Nunez [US]	Cris Calderhead [US]	W	6	4
Andrew Nunez [US]	Xavier Clark [US]	T	7	5
Andrew Nunez [US]	Cody Criner [US]	L	7	6
Andrew Nunez [US]	Kelly Nimmons [US]	W	10	7
Andrew Nunez [US]	Kevin Fallin [US]	L	10	8
Andrew Nunez [US]	Chace Giusti [US]	W	13	9
Wade Anderson [US]	Troy Campbell [US]	L	0	1
Wade Anderson [US]	Izaiah Santiago [US]	L	0	2
Wade Anderson [US]	Freddy Rodriguez [US]	W	3	3
Wade Anderson [US]	Brian Coppola [US]	W	6	4
Wade Anderson [US]	Dalton Heim [US]	L	6	5
Wade Anderson [US]	Cody Leigh [US]	L	6	6
Wade Anderson [US]	Sherri Lee [US]	W	9	7
Wade Anderson [US]	Pat Eshghy [US]	W	12	8
Wade Anderson [US]	**VIP17 Ricardo Escobar [US]	T	13	9
Jose Gonzalez [US]	Jesse Spangler [US]	W	3	1
Jose Gonzalez [US]	Dan Hugar [US]	L	3	2
Jose Gonzalez [US]	Matthew Dennington [US]	T	4	3
Jose Gonzalez [US]	Zachary Ellis [US]	T	5	4
Jose Gonzalez [US]	Shena Lavespere [US]	T	6	5
Jose Gonzalez [US]	Jonathan Crespo [US]	W	9	6
Jose Gonzalez [US]	Jacob Gross [US]	T	10	7
Jose Gonzalez [US]	Adrian Lopez [US]	W	13	8
Jose Gonzalez [US]	Kevin Qi [US]	L	13	9
Nathan Newton [US]	Oliver Stark [US]	L	0	1
Nathan Newton [US]	Michael Malone [US]	L	0	2
Nathan Newton [US]	Zach Grady [US]	W	3	3
Nathan Newton [US]	Zachary Hopper [US]	W	6	4
Nathan Newton [US]	Jacob Boris [US]	W	9	5
Nathan Newton [US]	Stephen Whitledge [US]	T	10	6
Nathan Newton [US]	Jacob Noel [US]	L	10	7
Nathan Newton [US]	Chris martens [US]	W	13	8
Nathan Newton [US]	Christopher Regan [US]	L	13	9
Joey Gayda [US]	Nick Guzman [US]	T	1	1
Joey Gayda [US]	Jacob Maxwell [US]	L	1	2
Joey Gayda [US]	Eric Liu [US]	L	1	3
Joey Gayda [US]	Lenya Bellemare [CA]	W	4	4
Joey Gayda [US]	Benjamin Peacock [US]	W	7	5
Joey Gayda [US]	Hal Johnston [US]	W	10	6
Joey Gayda [US]	Aidyn Moye [US]	L	10	7
Joey Gayda [US]	Derrick Schwarz [US]	L	10	8
Joey Gayda [US]	jean pierre fortin [US]	W	13	9
Bradley Wantz [US]	Grant Monson [US]	W	3	1
Bradley Wantz [US]	Angelo toscano [US]	L	3	2
Bradley Wantz [US]	Kevin Fallin [US]	T	4	3
Bradley Wantz [US]	Shane Kelley [US]	L	4	4
Bradley Wantz [US]	Christine Dong [US]	W	7	5
Bradley Wantz [US]	Philip Matthews [US]	L	7	6
Bradley Wantz [US]	Josh Marking [US]	W	10	7
Bradley Wantz [US]	Jacob Pellizzon [CA]	L	10	8
Bradley Wantz [US]	James McDaid [US]	W	13	9
Landon Riffle [US]	Alexander Pineda [US]	L	0	1
Landon Riffle [US]	Andrew DaSilva [US]	L	0	2
Landon Riffle [US]	Levi Burke [US]	L	0	3
Landon Riffle [US]	Suren Sritharan [CA]	W	3	4
Landon Riffle [US]	Matthew Miller [US]	W	6	5
Landon Riffle [US]	Nathan Trybus [US]	W	9	6
Landon Riffle [US]	Dalton Heim [US]	T	10	7
Landon Riffle [US]	Stephen Whitledge [US]	W	13	8
Landon Riffle [US]	Mateo Arboleda [EC]	L	13	9
Matt Walter [US]	Josh Vassey [US]	L	0	1
Matt Walter [US]	Kelly Nimmons [US]	T	1	2
Matt Walter [US]	Mortimer Cavanah [US]	W	4	3
Matt Walter [US]	Jonathan Twigg [US]	L	4	4
Matt Walter [US]	Anthony Murphy [US]	W	7	5
Matt Walter [US]	David Jackson [US]	L	7	6
Matt Walter [US]	Dryden Hawn [US]	L	7	7
Matt Walter [US]	Dillon Ryan [US]	W	10	8
Matt Walter [US]	Anthony Richards [US]	W	13	9
Austin Ensing [US]	Kevin Deitche [US]	L	0	1
Austin Ensing [US]	Armaan Pahwa [US]	L	0	2
Austin Ensing [US]	David Navarette [US]	W	3	3
Austin Ensing [US]	Andy Sallavanti [US]	W	6	4
Austin Ensing [US]	Tyler Zikorus [US]	L	6	5
Austin Ensing [US]	Josh Fuller [US]	L	6	6
Austin Ensing [US]	Jack Beecher [US]	T	7	7
Austin Ensing [US]	Drake Loose [US]	W	10	8
Austin Ensing [US]	Alec Shaw	W	13	9
Sean Jackson [US]	Jacob Maxwell [US]	T	1	1
Sean Jackson [US]	Shane Kelley [US]	L	1	2
Sean Jackson [US]	Bailey Cleavenger [US]	L	1	3
Sean Jackson [US]	Chris Mooney [US]	L	1	4
Sean Jackson [US]	Brandon Jaramillo [US]	W	4	5
Sean Jackson [US]	Jesse Garcia [US]	W	7	6
Sean Jackson [US]	Pedro Estrada [US]	W	10	7
Sean Jackson [US]	Keller Hawkins [US]	W	13	8
Sean Jackson [US]	Josh Greiff [US]	L	13	9
Cresmar Justin Hernaez [US]	Emily Forman [US]	L	0	1
Cresmar Justin Hernaez [US]	Tony Hoang [US]	L	0	2
Cresmar Justin Hernaez [US]	Andrew Taylor [US]	T	1	3
Cresmar Justin Hernaez [US]	Ian Kelly [US]	W	4	4
Cresmar Justin Hernaez [US]	Jonathan Valenzuela [US]	L	4	5
Cresmar Justin Hernaez [US]	Lyle Narciso [US]	W	7	6
Cresmar Justin Hernaez [US]	Christina Korsak [US]	W	10	7
Cresmar Justin Hernaez [US]	Alec Shaw	W	13	8
Cresmar Justin Hernaez [US]	Luke Levy [US]	L	13	9
Grayson McKinley [US]	Andrew Weiss [US]	L	0	1
Grayson McKinley [US]	Rachael Laney [US]	T	1	2
Grayson McKinley [US]	Chelsea-Rose Halkyard [US]	W	4	3
Grayson McKinley [US]	Austin Myers [US]	L	4	4
Grayson McKinley [US]	Kristopher Gerald	L	4	5
Grayson McKinley [US]	Corey Dancause [US]	L	4	6
Grayson McKinley [US]	Dishan Thayaparan [CA]	W	7	7
Grayson McKinley [US]	Matthew Miller [US]	W	10	8
Grayson McKinley [US]	Stephen McClain [US]	W	13	9
Zachary Muller [US]	Alex Schemanske [US]	L	0	1
Zachary Muller [US]	Jon Hoyt [US]	L	0	2
Zachary Muller [US]	MATTHEW DIFIORE [US]	L	0	3
Zachary Muller [US]	Nolan Belcher [US]	W	3	4
Zachary Muller [US]	Nat McLean [US]	W	6	5
Zachary Muller [US]	Brian Rivas [US]	L	6	6
Zachary Muller [US]	Brandon Gilbert [US]	W	9	7
Zachary Muller [US]	Garry breech [US]	T	10	8
Zachary Muller [US]	Xander Pineda [US]	W	13	9
Ryan Silva [US]	Aidan Khus [US]	L	0	1
Ryan Silva [US]	Kenrry Alvarado [US]	L	0	2
Ryan Silva [US]	Jonathan Reyes [US]	L	0	3
Ryan Silva [US]	Anthony Richards [US]	T	1	4
Ryan Silva [US]	Robert Carter [US]	W	4	5
Ryan Silva [US]	Rachael Laney [US]	W	7	6
Ryan Silva [US]	Nikita Matyukov [US]	L	7	7
Ryan Silva [US]	Onassis Porto [US]	W	10	8
Ryan Silva [US]	Summer Plesko [US]	W	13	9
Zachary Sipling [US]	Yajie Zhang [CA]	L	0	1
Zachary Sipling [US]	Aidyn Moye [US]	T	1	2
Zachary Sipling [US]	Kyle Haywood [US]	W	4	3
Zachary Sipling [US]	Scott Knell [UK]	L	4	4
Zachary Sipling [US]	MATTHEW DIFIORE [US]	L	4	5
Zachary Sipling [US]	Pedro Estrada [US]	L	4	6
Zachary Sipling [US]	Pierce Langley [US]	W	7	7
Zachary Sipling [US]	Aaron Dearborn [US]	W	10	8
Zachary Sipling [US]	Hunter Berry [US]	W	13	9
Loc Nguyen [US]	Maxwell Johnson [US]	L	0	1
Loc Nguyen [US]	Holly Sturm [US]	L	0	2
Loc Nguyen [US]	Aaron Dearborn [US]	W	3	3
Loc Nguyen [US]	JUSTIN PETERSON [US]	L	3	4
Loc Nguyen [US]	Nikolas Daily [US]	W	6	5
Loc Nguyen [US]	Harry Rachel [US]	L	6	6
Loc Nguyen [US]	Bryan Bush [US]	T	7	7
Loc Nguyen [US]	Lenya Bellemare [CA]	W	10	8
Loc Nguyen [US]	James Santaniello [US]	W	13	9
Tito Gonzalez [US]	Kevin Williams [US]	L	0	1
Tito Gonzalez [US]	Andy Sallavanti [US]	L	0	2
Tito Gonzalez [US]	Christian Villarosa [US]	L	0	3
Tito Gonzalez [US]	Richard Clarke	T	1	4
Tito Gonzalez [US]	Cameron Bonds [US]	W	4	5
Tito Gonzalez [US]	Ethan Wilson [US]	W	7	6
Tito Gonzalez [US]	Joseph Cajas [US]	W	10	7
Tito Gonzalez [US]	Mathew Moose [US]	W	13	8
Tito Gonzalez [US]	Alexandre Ouellette [CA]	L	13	9
Steven Mihalson [US]	Angelo Mangosing [CA]	L	0	1
Steven Mihalson [US]	Jonathan Crump [US]	L	0	2
Steven Mihalson [US]	Jason Ball [US]	L	0	3
Steven Mihalson [US]	**VIP18 Jay Finn [US]	W	3	4
Steven Mihalson [US]	Jeremy Sussman [US]	T	4	5
Steven Mihalson [US]	Freddy Rodriguez [US]	W	7	6
Steven Mihalson [US]	Onassis Porto [US]	W	10	7
Steven Mihalson [US]	anthony grasso [US]	L	10	8
Steven Mihalson [US]	Jessica Burden-Cheresna [CA]	W	13	9
Joshua Gunn [US]	Jose Torres [US]	L	0	1
Joshua Gunn [US]	Javi Marrero [US]	T	1	2
Joshua Gunn [US]	Summer Plesko [US]	L	1	3
Joshua Gunn [US]	Anthony Kocan [US]	L	1	4
Joshua Gunn [US]	Scott Ethier [US]	L	1	5
Joshua Gunn [US]	Andrew Taylor [US]	W	4	6
Joshua Gunn [US]	Jensen Durica [US]	W	7	7
Joshua Gunn [US]	Nicholas Watters [US]	W	10	8
Joshua Gunn [US]	Corey Hudson [US]	W	13	9
Anthony Appelt [US]	Alex Zelkas [US]	W	3	1
Anthony Appelt [US]	Daniel Lopez [US]	W	6	2
Anthony Appelt [US]	Allan Simmons [US]	W	9	3
Anthony Appelt [US]	Benjamin Nackman [US]	W	12	4
Anthony Appelt [US]	Rishi Gupta [US]	L	12	5
Anthony Appelt [US]	Harrison Zipp [US]	L	12	6
Anthony Appelt [US]	Ryan Reichley [US]	T	13	7
Anthony Appelt [US]	Andrew Weiss [US]	L	13	8
Ryan Vujanovich [US]	Brandon Dean [US]	L	0	1
Ryan Vujanovich [US]	Matthew Miller [US]	W	3	2
Ryan Vujanovich [US]	Chris Haynes [US]	W	6	3
Ryan Vujanovich [US]	Angelo toscano [US]	W	9	4
Ryan Vujanovich [US]	Daniel Lopez [US]	T	10	5
Ryan Vujanovich [US]	Joseph Brecht [US]	L	10	6
Ryan Vujanovich [US]	Christian Kennedy [US]	W	13	7
Ryan Vujanovich [US]	Anthony Romanello [US]	L	13	8
Thomas Brophy [US]	Marco Profenno [US]	L	0	1
Thomas Brophy [US]	tyler frink [US]	W	3	2
Thomas Brophy [US]	Bryson Hunt [CA]	L	3	3
Thomas Brophy [US]	Michael Ceculski [US]	W	6	4
Thomas Brophy [US]	Matthew Bowie [US]	T	7	5
Thomas Brophy [US]	Juan Escalera [US]	W	10	6
Thomas Brophy [US]	Carlos Berrios [US]	W	13	7
Thomas Brophy [US]	Valkyrie Kraemer [US]	L	13	8
Juan Oliveras [US]	Samuel Estes [US]	W	3	1
Juan Oliveras [US]	Alexander Polkow [US]	L	3	2
Juan Oliveras [US]	Meryl Otter [US]	W	6	3
Juan Oliveras [US]	Allan Simmons [US]	W	9	4
Juan Oliveras [US]	Andrew Estrada [CA]	L	9	5
Juan Oliveras [US]	Saharut Teavahasakulthong [US]	W	12	6
Juan Oliveras [US]	Derek Swope [US]	T	13	7
Juan Oliveras [US]	Daniel Sopko [US]	L	13	8
Andrew Mease [US]	Michael Battaglia [CA]	L	0	1
Andrew Mease [US]	Laura McCormick [US]	W	3	2
Andrew Mease [US]	Michael Kelly [US]	W	6	3
Andrew Mease [US]	Jordan Wilson [US]	T	7	4
Andrew Mease [US]	Regis Bellemare [CA]	L	7	5
Andrew Mease [US]	Millan Patel [US]	W	10	6
Andrew Mease [US]	Nicholas Linenbroker [US]	W	13	7
Andrew Mease [US]	Joseph Figliano [US]	L	13	8
Jonah Villarosa [US]	Robert Akey [US]	L	0	1
Jonah Villarosa [US]	Brandon Rutledge [US]	W	3	2
Jonah Villarosa [US]	Matthew Kerner [US]	T	4	3
Jonah Villarosa [US]	Emily Wierzba [US]	W	7	4
Jonah Villarosa [US]	Chris Knudsvig [US]	T	8	5
Jonah Villarosa [US]	Ben DeGarmo [US]	W	11	6
Jonah Villarosa [US]	Joshua Wheeler [US]	T	12	7
Jonah Villarosa [US]	Roger Ramjit [US]	T	13	8
Kristopher Gerald	LATE	L	0	1
Kristopher Gerald	Andy Jiang [US]	W	3	2
Kristopher Gerald	Patrick Rampton [US]	T	4	3
Kristopher Gerald	Aushton Kelusky [CA]	L	4	4
Kristopher Gerald	Grayson McKinley [US]	W	7	5
Kristopher Gerald	Braeden Wentling [US]	W	10	6
Kristopher Gerald	John Sundstrom [US]	L	10	7
Kristopher Gerald	Elliot Muskat [US]	W	13	8
Kristopher Gerald	Arjun Khadse [US]	L	13	9
Will Schoeffler [US]	Chuckie Davis [US]	W	3	1
Will Schoeffler [US]	Michael Plocinik [US]	W	6	2
Will Schoeffler [US]	David Ceculski [US]	W	9	3
Will Schoeffler [US]	Christian Cantelon [CA]	L	9	4
Will Schoeffler [US]	Brad Brown [US]	W	12	5
Will Schoeffler [US]	Jake Riggs [US]	L	12	6
Will Schoeffler [US]	Martin Solis [US]	L	12	7
Will Schoeffler [US]	Daniel Leon [US]	L	12	8
Will Schoeffler [US]	Aidan Cioppa [US]	L	12	9
Tecara Newton [CA]	Michael Catron [US]	W	3	1
Tecara Newton [CA]	Rebecca Brichacek [US]	W	6	2
Tecara Newton [CA]	Austin Daniels [US]	T	7	3
Tecara Newton [CA]	Suchit Koparde [US]	T	8	4
Tecara Newton [CA]	Alexander Chea [US]	T	9	5
Tecara Newton [CA]	Johny Vu [US]	L	9	6
Tecara Newton [CA]	Brian Rivas [US]	W	12	7
Tecara Newton [CA]	Alfredo Sepulveda [US]	L	12	8
Tecara Newton [CA]	Derrick Chan [US]	L	12	9
Maxwell Bishop [US]	Joshua Sambrano [US]	W	3	1
Maxwell Bishop [US]	Makayla Penney [US]	W	6	2
Maxwell Bishop [US]	Rowan Stavenow [CA]	L	6	3
Maxwell Bishop [US]	Nathan Trybus [US]	W	9	4
Maxwell Bishop [US]	Victor Aung [US]	L	9	5
Maxwell Bishop [US]	Cristian Estrada [US]	L	9	6
Maxwell Bishop [US]	Garry breech [US]	W	12	7
Maxwell Bishop [US]	Akdiel Flores [US]	L	12	8
Maxwell Bishop [US]	Jeffrey Honea [US]	L	12	9
Marvin Lu Banzon [CA]	Ryan Tongue [US]	L	0	1
Marvin Lu Banzon [CA]	Tyler Annaert [CA]	W	3	2
Marvin Lu Banzon [CA]	Ryan Mooney [US]	W	6	3
Marvin Lu Banzon [CA]	Thom Vaknin [US]	L	6	4
Marvin Lu Banzon [CA]	Tom Day [CA]	W	9	5
Marvin Lu Banzon [CA]	**VIP22 Jose Marzan [US]	L	9	6
Marvin Lu Banzon [CA]	Axel Alvarez [US]	L	9	7
Marvin Lu Banzon [CA]	Kevin Deitche [US]	W	12	8
Marvin Lu Banzon [CA]	Diane Schemanske [US]	L	12	9
Axel Alvarez [US]	Joshua Davies [US]	W	3	1
Axel Alvarez [US]	Tyler Zikorus [US]	W	6	2
Axel Alvarez [US]	Christian Cantelon [CA]	L	6	3
Axel Alvarez [US]	Johny Vu [US]	L	6	4
Axel Alvarez [US]	Anthony Barrante [US]	W	9	5
Axel Alvarez [US]	Shashi Naraine [CA]	L	9	6
Axel Alvarez [US]	Marvin Lu Banzon [CA]	W	12	7
Axel Alvarez [US]	Jared Burgon [US]	L	12	8
Axel Alvarez [US]	Conor Devins [US]	L	12	9
Haoyan Kang [US]	Joel Bergman [CA]	L	0	1
Haoyan Kang [US]	Yakira Tate [US]	W	3	2
Haoyan Kang [US]	Logan Poindexter [US]	W	6	3
Haoyan Kang [US]	Anthony Scornavacca [US]	W	9	4
Haoyan Kang [US]	Petar Luketina [US]	W	12	5
Haoyan Kang [US]	Aidan Khus [US]	L	12	6
Haoyan Kang [US]	Daniel Rao [CA]	L	12	7
Haoyan Kang [US]	Corey Lilly [US]	L	12	8
Haoyan Kang [US]	Trevor Passmore [US]	L	12	9
Andreya Dunks [US]	Mason Lovato [US]	W	3	1
Andreya Dunks [US]	Josh Szafranski [US]	T	4	2
Andreya Dunks [US]	Anthony Bulone [US]	T	5	3
Andreya Dunks [US]	**VIP34 Dallas White [US]	W	8	4
Andreya Dunks [US]	Liam Halliburton [US]	L	8	5
Andreya Dunks [US]	Zachary Heeter [US]	L	8	6
Andreya Dunks [US]	Armaan Pahwa [US]	W	11	7
Andreya Dunks [US]	Brian Garcia [US]	L	11	8
Andreya Dunks [US]	Ryan Bowman [US]	T	12	9
Dylan Cassidy [US]	Mike Newey [US]	L	0	1
Dylan Cassidy [US]	Abe Morales [US]	W	3	2
Dylan Cassidy [US]	Teja Gummadi [US]	T	4	3
Dylan Cassidy [US]	Paul Semanco [US]	W	7	4
Dylan Cassidy [US]	Shane Kelley [US]	T	8	5
Dylan Cassidy [US]	William Paquette [US]	L	8	6
Dylan Cassidy [US]	Emily Wierzba [US]	T	9	7
Dylan Cassidy [US]	Austin Kuhn [US]	L	9	8
Dylan Cassidy [US]	Aaron Madison	W	12	9
Michael Moskal [US]	Erin Fields [US]	W	3	1
Michael Moskal [US]	Jon Eng [US]	L	3	2
Michael Moskal [US]	Jen Funck [US]	W	6	3
Michael Moskal [US]	Michael Catron [US]	W	9	4
Michael Moskal [US]	Dre Alderette [US]	L	9	5
Michael Moskal [US]	Alex Morris [US]	W	12	6
Michael Moskal [US]	Tanner Leonardo [US]	L	12	7
Michael Moskal [US]	Joe Turrentine [US]	L	12	8
Michael Moskal [US]	Josh Litvinoff [US]	L	12	9
Jose Padilla Macias [US]	Adrian Barrientos [US]	W	3	1
Jose Padilla Macias [US]	Richard Freire [US]	L	3	2
Jose Padilla Macias [US]	Andy Sallavanti [US]	W	6	3
Jose Padilla Macias [US]	Heather Coleman [US]	W	9	4
Jose Padilla Macias [US]	Ryan Williams [US]	W	12	5
Jose Padilla Macias [US]	Zachery Wolf [US]	L	12	6
Jose Padilla Macias [US]	Jose Medina [US]	L	12	7
Jose Padilla Macias [US]	Joe Ferrari [CA]	L	12	8
Jose Padilla Macias [US]	Michael Lade [US]	L	12	9
Kaylie Prementine [US]	Daniel Pacchioli [US]	T	1	1
Kaylie Prementine [US]	Timothy Thomas [US]	W	4	2
Kaylie Prementine [US]	Anthony Canizalez [US]	W	7	3
Kaylie Prementine [US]	Isaiah Bradner [US]	T	8	4
Kaylie Prementine [US]	Fernando Calderon Jr [US]	W	11	5
Kaylie Prementine [US]	Thai Truong [US]	T	12	6
Kaylie Prementine [US]	Daniel Ceculski [US]	L	12	7
Kaylie Prementine [US]	Tyler Annaert [CA]	L	12	8
Kaylie Prementine [US]	Jonathan Carlin [US]	L	12	9
Nick Race [US]	Rahul Reddy [US]	T	1	1
Nick Race [US]	AJ DeLalla [US]	L	1	2
Nick Race [US]	anthony grasso [US]	W	4	3
Nick Race [US]	Alex Fusco [US]	W	7	4
Nick Race [US]	Zachary Heeter [US]	T	8	5
Nick Race [US]	Dominick Paul [US]	L	8	6
Nick Race [US]	Evan Bennett [US]	T	9	7
Nick Race [US]	Matthew Ratliff [US]	W	12	8
Nick Race [US]	Eric Cromer [US]	L	12	9
Solomon Shurge [US]	Josh Chevigny [US]	W	3	1
Solomon Shurge [US]	Lucas Xing [CA]	L	3	2
Solomon Shurge [US]	Brodee McCoy [US]	T	4	3
Solomon Shurge [US]	Iyla Sutherland [US]	L	4	4
Solomon Shurge [US]	Jack Koller [US]	W	7	5
Solomon Shurge [US]	Jonathan Lopez [US]	L	7	6
Solomon Shurge [US]	Zack Usiatynski [US]	W	10	7
Solomon Shurge [US]	Aryn Fitzpatrick [US]	T	11	8
Solomon Shurge [US]	Greg Kerien [US]	T	12	9
Tristan Batman Macek [US]	Kamil Colatosti [CA]	L	0	1
Tristan Batman Macek [US]	Anthony Le [US]	W	3	2
Tristan Batman Macek [US]	Preston Rutledge [US]	L	3	3
Tristan Batman Macek [US]	Garrett Scott [US]	W	6	4
Tristan Batman Macek [US]	Derrick Chan [US]	W	9	5
Tristan Batman Macek [US]	Dalten Cross [US]	L	9	6
Tristan Batman Macek [US]	Kieran Inch [US]	W	12	7
Tristan Batman Macek [US]	Jacob Stillwell [US]	L	12	8
Tristan Batman Macek [US]	fausto guerrero [US]	L	12	9
Joshua Wheeler [US]	Zach Grady [US]	W	3	1
Joshua Wheeler [US]	Andrew Buckner [US]	W	6	2
Joshua Wheeler [US]	Wesley Renye [US]	W	9	3
Joshua Wheeler [US]	Alex Wilson [US]	T	10	4
Joshua Wheeler [US]	Thai Truong [US]	T	11	5
Joshua Wheeler [US]	Mario Vivas [CA]	L	11	6
Joshua Wheeler [US]	Jonah Villarosa [US]	T	12	7
Joshua Wheeler [US]	Maxwell Douglass [US]	L	12	8
Joshua Wheeler [US]	Charles Ligato [US]	L	12	9
Thom Vaknin [US]	MIchael Bartlam [US]	W	3	1
Thom Vaknin [US]	Noel Totomoch [US]	L	3	2
Thom Vaknin [US]	Corey Roach [US]	W	6	3
Thom Vaknin [US]	Marvin Lu Banzon [CA]	W	9	4
Thom Vaknin [US]	Ben Dobberstein [US]	L	9	5
Thom Vaknin [US]	Ryan Antonucci [US]	L	9	6
Thom Vaknin [US]	Chad Hewitt [US]	L	9	7
Thom Vaknin [US]	Cory Tangman [US]	L	9	8
Thom Vaknin [US]	Kyle Parent [US]	W	12	9
Greg Kerien [US]	Jackson Ford [CA]	T	1	1
Greg Kerien [US]	Jessica Blackwell [US]	W	4	2
Greg Kerien [US]	Jeremiah Schmutz [US]	L	4	3
Greg Kerien [US]	Christian Galvan [US]	T	5	4
Greg Kerien [US]	Matt Ronnenberg [US]	W	8	5
Greg Kerien [US]	Jonathan Herrera [US]	L	8	6
Greg Kerien [US]	Sophia Becker [US]	L	8	7
Greg Kerien [US]	James Coyle [US]	W	11	8
Greg Kerien [US]	Solomon Shurge [US]	T	12	9
William Paquette [US]	Jeremiah Schmutz [US]	T	1	1
William Paquette [US]	Hunter North [CA]	T	2	2
William Paquette [US]	Jonathan Ruff [US]	W	5	3
William Paquette [US]	Mauricio Patino [US]	W	8	4
William Paquette [US]	Ramon Morales [US]	L	8	5
William Paquette [US]	Dylan Cassidy [US]	W	11	6
William Paquette [US]	Simon Luong [CA]	T	12	7
William Paquette [US]	John Munoz [US]	L	12	8
William Paquette [US]	Alex Morris [US]	L	12	9
Ryan Ferry [US]	Anastazja Clappison [CA]	L	0	1
Ryan Ferry [US]	David Stressman [US]	W	3	2
Ryan Ferry [US]	Jeny Villanueva [US]	W	6	3
Ryan Ferry [US]	Joe Dietrich [US]	L	6	4
Ryan Ferry [US]	Austin Kuhn [US]	W	9	5
Ryan Ferry [US]	Conor Devins [US]	W	12	6
Ryan Ferry [US]	Mitchell Roberge [US]	L	12	7
Ryan Ferry [US]	Simon Luong [CA]	L	12	8
Ryan Ferry [US]	Felipe Arias [US]	L	12	9
Adam Beavers [US]	Jake Abrams [US]	L	0	1
Adam Beavers [US]	Lenya Bellemare [CA]	W	3	2
Adam Beavers [US]	Jean Rivera [US]	W	6	3
Adam Beavers [US]	Millan Patel [US]	W	9	4
Adam Beavers [US]	Darin O'Meara [US]	L	9	5
Adam Beavers [US]	Tanner Leonardo [US]	L	9	6
Adam Beavers [US]	Matthew Molloy [US]	T	10	7
Adam Beavers [US]	Isaiah Marks [US]	T	11	8
Adam Beavers [US]	Anthony Canizalez [US]	T	12	9
Wilfred Worland [US]	Katherine Potter [US]	W	3	1
Wilfred Worland [US]	Cameron Toner [US]	W	6	2
Wilfred Worland [US]	Regan Retzloff [US]	L	6	3
Wilfred Worland [US]	Nairobi Gammage [US]	W	9	4
Wilfred Worland [US]	Dregan Shook [US]	L	9	5
Wilfred Worland [US]	Andrew Ryals [US]	L	9	6
Wilfred Worland [US]	Ramon Mera [US]	W	12	7
Wilfred Worland [US]	Danny Barger [US]	L	12	8
Wilfred Worland [US]	Austin Kuhn [US]	L	12	9
Jose Marrero [US]	Zack Usiatynski [US]	W	3	1
Jose Marrero [US]	Christina Korsak [US]	W	6	2
Jose Marrero [US]	Sujith Nalabolu [US]	L	6	3
Jose Marrero [US]	Nolan O'Brien [CA]	W	9	4
Jose Marrero [US]	Alexander Huesca [US]	L	9	5
Jose Marrero [US]	Allyssa Kephart [US]	W	12	6
Jose Marrero [US]	Connor Chiappetta [US]	L	12	7
Jose Marrero [US]	Jacqueline Wallis [US]	L	12	8
Jose Marrero [US]	Wojtek Gronek [CA]	L	12	9
Tanner Brown [US]	Colton Meahl [US]	T	1	1
Tanner Brown [US]	Evan Bennett [US]	T	2	2
Tanner Brown [US]	Nicholas Hughes [US]	W	5	3
Tanner Brown [US]	Aaron Santos [US]	L	5	4
Tanner Brown [US]	Chris Berrocal [US]	L	5	5
Tanner Brown [US]	Sai Pamulapati [US]	W	8	6
Tanner Brown [US]	Joel Bergman [CA]	L	8	7
Tanner Brown [US]	Christian Galvan [US]	T	9	8
Tanner Brown [US]	Jonathan Ruff [US]	W	12	9
Cody Zimmerman [US]	Caleb Rogerson [US]	L	0	1
Cody Zimmerman [US]	Ty Murray [US]	W	3	2
Cody Zimmerman [US]	Connor Chiappetta [US]	W	6	3
Cody Zimmerman [US]	Evan Campbell [US]	L	6	4
Cody Zimmerman [US]	Riley Harris [US]	L	6	5
Cody Zimmerman [US]	Eric Schwartzmier [US]	W	9	6
Cody Zimmerman [US]	Danny Barger [US]	L	9	7
Cody Zimmerman [US]	Shena Lavespere [US]	L	9	8
Cody Zimmerman [US]	Anthony Le [US]	W	12	9
Cody Leigh [US]	Gregory Fortier [CA]	W	3	1
Cody Leigh [US]	Josh Stapler [US]	T	4	2
Cody Leigh [US]	Chris Pagan [US]	T	5	3
Cody Leigh [US]	Steven Spotts [US]	T	6	4
Cody Leigh [US]	Bryan Lyons [US]	L	6	5
Cody Leigh [US]	Wade Anderson [US]	W	9	6
Cody Leigh [US]	Macauley Simmons [US]	L	9	7
Cody Leigh [US]	Tyler Wyrostek [US]	W	12	8
Cody Leigh [US]	Cody Pedigo [US]	L	12	9
Anthony Canizalez [US]	Vincent Vuong [CA]	T	1	1
Anthony Canizalez [US]	Frank Diaz [US]	W	4	2
Anthony Canizalez [US]	Kaylie Prementine [US]	L	4	3
Anthony Canizalez [US]	Dakota Davey [US]	L	4	4
Anthony Canizalez [US]	Steve Menkel [US]	W	7	5
Anthony Canizalez [US]	Bryan Funk [US]	L	7	6
Anthony Canizalez [US]	Alexander Welsh [US]	T	8	7
Anthony Canizalez [US]	Phoebe DePerry [US]	W	11	8
Anthony Canizalez [US]	Adam Beavers [US]	T	12	9
Eric Liu [US]	Jeremy Gomez [US]	L	0	1
Eric Liu [US]	Christian Galvan [US]	T	1	2
Eric Liu [US]	Joey Gayda [US]	W	4	3
Eric Liu [US]	Joel Bergman [CA]	T	5	4
Eric Liu [US]	Aquilino Diaz [US]	W	8	5
Eric Liu [US]	Eric Nickell [US]	L	8	6
Eric Liu [US]	Calvin Nordberg [US]	L	8	7
Eric Liu [US]	Michael Kiser [US]	W	11	8
Eric Liu [US]	Isaiah Marks [US]	T	12	9
Nichola Bauwelinck [BE]	Trevor Van Dyke [US]	L	0	1
Nichola Bauwelinck [BE]	Kyle Adams [US]	W	3	2
Nichola Bauwelinck [BE]	Michael Canaves [US]	L	3	3
Nichola Bauwelinck [BE]	Nikolas Daily [US]	W	6	4
Nichola Bauwelinck [BE]	Christopher Wigelsworth [US]	L	6	5
Nichola Bauwelinck [BE]	Jasmine Kohler [US]	W	9	6
Nichola Bauwelinck [BE]	Joseph Jennings [US]	L	9	7
Nichola Bauwelinck [BE]	Brian Ortiz [US]	W	12	8
Nichola Bauwelinck [BE]	Cameron Shenoy [US]	L	12	9
Anastazja Clappison [CA]	Ryan Ferry [US]	W	3	1
Anastazja Clappison [CA]	Nikky Riccio [US]	W	6	2
Anastazja Clappison [CA]	Daniel Fappiano [US]	L	6	3
Anastazja Clappison [CA]	Nathan Hampton [US]	L	6	4
Anastazja Clappison [CA]	Camden Southern [US]	W	9	5
Anastazja Clappison [CA]	Tye Pellecchia [US]	L	9	6
Anastazja Clappison [CA]	Nate Manning [US]	L	9	7
Anastazja Clappison [CA]	Edelgard Fox [US]	L	9	8
Anastazja Clappison [CA]	Spencer Snyder [US]	W	12	9
Angelo Mangosing [CA]	Steven Mihalson [US]	W	3	1
Angelo Mangosing [CA]	Robert Deleon [US]	L	3	2
Angelo Mangosing [CA]	Xavier Clark [US]	W	6	3
Angelo Mangosing [CA]	Daniel Ah Tou [US]	W	9	4
Angelo Mangosing [CA]	Joseph Cornell [US]	T	10	5
Angelo Mangosing [CA]	Adam Caracciolo [US]	T	11	6
Angelo Mangosing [CA]	Shinnosuke Komiya [US]	L	11	7
Angelo Mangosing [CA]	**VIP29 Anthony Peppler [US]	T	12	8
Angelo Mangosing [CA]	Cory Tangman [US]	L	12	9
Alex Pearce [US]	Zach Stone [US]	W	3	1
Alex Pearce [US]	Morgan Purdy [US]	T	4	2
Alex Pearce [US]	David Ranney [US]	L	4	3
Alex Pearce [US]	Harley Palmer [US]	W	7	4
Alex Pearce [US]	Izaiah Santiago [US]	T	8	5
Alex Pearce [US]	Zach Laska [US]	L	8	6
Alex Pearce [US]	Scott Zelenak [US]	T	9	7
Alex Pearce [US]	Crysta Bomenblit [US]	W	12	8
Alex Pearce [US]	Justin Kim [CA]	L	12	9
Isaiah Marks [US]	Henry Charnock [US]	T	1	1
Isaiah Marks [US]	Ralph Manahan [CA]	T	2	2
Isaiah Marks [US]	Tyler Schoenfeld [US]	W	5	3
Isaiah Marks [US]	Anthony Bulone [US]	T	6	4
Isaiah Marks [US]	Adam Peters [US]	W	9	5
Isaiah Marks [US]	Stephen Palombo [US]	T	10	6
Isaiah Marks [US]	Jonathan Valenzuela [US]	L	10	7
Isaiah Marks [US]	Adam Beavers [US]	T	11	8
Isaiah Marks [US]	Eric Liu [US]	T	12	9
Michael Messina [US]	Benjamin Gavin [US]	W	3	1
Michael Messina [US]	Wilson Rowland [US]	L	3	2
Michael Messina [US]	Eduardo Tzapin [US]	W	6	3
Michael Messina [US]	Ryan Lavespere [US]	W	9	4
Michael Messina [US]	Zachery Wolf [US]	L	9	5
Michael Messina [US]	Grayson Lang [US]	L	9	6
Michael Messina [US]	Samantha Durci [US]	W	12	7
Michael Messina [US]	Mike Fouchet [US]	L	12	8
Michael Messina [US]	Andrew Dain [US]	L	12	9
Lauren Talley [US]	Dillon Johnson [US]	T	1	1
Lauren Talley [US]	Maritza Ocampo [US]	T	2	2
Lauren Talley [US]	Bryan Hunter [US]	W	5	3
Lauren Talley [US]	Ralph Manahan [CA]	W	8	4
Lauren Talley [US]	Evan Gregory [US]	T	9	5
Lauren Talley [US]	Cameron Shenoy [US]	L	9	6
Lauren Talley [US]	Travis Rowley [US]	W	12	7
Lauren Talley [US]	Ryne Morgan [US]	L	12	8
Lauren Talley [US]	German Herrera [US]	L	12	9
Rosh Patel [US]	Nicholas Watters [US]	W	3	1
Rosh Patel [US]	Casey Blatchford [US]	W	6	2
Rosh Patel [US]	Charlie Kerr [US]	L	6	3
Rosh Patel [US]	Dre Alderette [US]	L	6	4
Rosh Patel [US]	Ricardo Romero [MX]	W	9	5
Rosh Patel [US]	Jessica Burden-Cheresna [CA]	T	10	6
Rosh Patel [US]	Lorenzo Menendez [CA]	L	10	7
Rosh Patel [US]	Gwen Tran [US]	T	11	8
Rosh Patel [US]	Terry anayan [CA]	T	12	9
Tanner Johnson [US]	Kelsey Stapler [US]	L	0	1
Tanner Johnson [US]	Sean Henninger [US]	W	3	2
Tanner Johnson [US]	Michael Broderick [US]	L	3	3
Tanner Johnson [US]	Casey Blatchford [US]	W	6	4
Tanner Johnson [US]	Chris Muzyn [US]	W	9	5
Tanner Johnson [US]	Jared Woitalla [US]	L	9	6
Tanner Johnson [US]	Keaton Williams [US]	W	12	7
Tanner Johnson [US]	Michael Battaglia [CA]	L	12	8
Tanner Johnson [US]	Dennis Peroff [CA]	L	12	9
Alexander Greslick [US]	Trevor Passmore [US]	T	1	1
Alexander Greslick [US]	Tristan Rojas [US]	L	1	2
Alexander Greslick [US]	Jaydon Do [CA]	T	2	3
Alexander Greslick [US]	Christopher Scafuri [US]	W	5	4
Alexander Greslick [US]	Alexander Rodriguez [US]	L	5	5
Alexander Greslick [US]	Abraham Madruga [US]	W	8	6
Alexander Greslick [US]	Shawn Brown [CA]	W	11	7
Alexander Greslick [US]	Eric Trinh [US]	T	12	8
Alexander Greslick [US]	Aquilino Diaz [US]	L	12	9
Alexander Edralin [US]	Joseph Jennings [US]	W	3	1
Alexander Edralin [US]	Joshua Fine [US]	L	3	2
Alexander Edralin [US]	Caleb Rogerson [US]	L	3	3
Alexander Edralin [US]	Richard Rothenbach [US]	L	3	4
Alexander Edralin [US]	Nathaniel Edelman [US]	L	3	5
Alexander Edralin [US]	Gabriel Lopez [US]	L	3	6
Alexander Edralin [US]	Dylan Parris [US]	W	6	7
Alexander Edralin [US]	Kai Coe [US]	W	9	8
Alexander Edralin [US]	Steven Leu [US]	W	12	9
Abe Morales [US]	Joshua Bickel [US]	L	0	1
Abe Morales [US]	Dylan Cassidy [US]	L	0	2
Abe Morales [US]	Carl Drake [US]	W	3	3
Abe Morales [US]	Bryan Kennedy [US]	L	3	4
Abe Morales [US]	Doug Johnson [US]	W	6	5
Abe Morales [US]	Gabriel Rosa [US]	W	9	6
Abe Morales [US]	Derrick Schwarz [US]	T	10	7
Abe Morales [US]	Dakota McMurray [US]	T	11	8
Abe Morales [US]	Jiazuo Sun [US]	T	12	9
Eric Straining [US]	Dryden Hawn [US]	W	3	1
Eric Straining [US]	Ben Vasquez [US]	L	3	2
Eric Straining [US]	Nicholas Vause [US]	W	6	3
Eric Straining [US]	Owen Johnson [CA]	L	6	4
Eric Straining [US]	Josh Owens [US]	L	6	5
Eric Straining [US]	Saviere Stevens [US]	W	9	6
Eric Straining [US]	Nick Fleming [US]	W	12	7
Eric Straining [US]	Brandon Morris [US]	L	12	8
Eric Straining [US]	Steven Tokar [US]	L	12	9
Travis Rowley [US]	BYE	W	3	1
Travis Rowley [US]	Tony Vuong [US]	T	4	2
Travis Rowley [US]	Charles Ligato [US]	T	5	3
Travis Rowley [US]	Anthony Strange [US]	L	5	4
Travis Rowley [US]	Ryne Morgan [US]	T	6	5
Travis Rowley [US]	Andre DiPaola [US]	W	9	6
Travis Rowley [US]	Lauren Talley [US]	L	9	7
Travis Rowley [US]	Drew Britton [US]	L	9	8
Travis Rowley [US]	Ryan Turner [US]	W	12	9
Shena Lavespere [US]	Yarden Segal [CA]	T	1	1
Shena Lavespere [US]	Christopher Wojnarowski [US]	W	4	2
Shena Lavespere [US]	Jarrod Ellis [US]	L	4	3
Shena Lavespere [US]	Aquilino Diaz [US]	T	5	4
Shena Lavespere [US]	Jose Gonzalez [US]	T	6	5
Shena Lavespere [US]	Josh Szafranski [US]	L	6	6
Shena Lavespere [US]	Joseph Hoover [US]	W	9	7
Shena Lavespere [US]	Cody Zimmerman [US]	W	12	8
Shena Lavespere [US]	Nicholas Grigson [US]	L	12	9
Jacob Boris [US]	Tyler Annaert [CA]	W	3	1
Jacob Boris [US]	Manuel Perez [US]	L	3	2
Jacob Boris [US]	Alex Espinosa [US]	L	3	3
Jacob Boris [US]	Samuel Anserello [US]	W	6	4
Jacob Boris [US]	Nathan Newton [US]	L	6	5
Jacob Boris [US]	Muhamed Palatinus [CA]	W	9	6
Jacob Boris [US]	Michael Marino [US]	L	9	7
Jacob Boris [US]	Nicholas Bernardo [US]	W	12	8
Jacob Boris [US]	Drew Britton [US]	L	12	9
Harry Rachel [US]	Joseph Figliano [US]	L	0	1
Harry Rachel [US]	Jeremy Allen [US]	W	3	2
Harry Rachel [US]	Joseph Perez [US]	L	3	3
Harry Rachel [US]	PJ Witusik [US]	L	3	4
Harry Rachel [US]	Chung-Min An [US]	W	6	5
Harry Rachel [US]	Loc Nguyen [US]	W	9	6
Harry Rachel [US]	Brandon Allen [US]	W	12	7
Harry Rachel [US]	Marco Profenno [US]	L	12	8
Harry Rachel [US]	Kenny Ngo [US]	L	12	9
Jonathan Lupercio [US]	Jacob Scott [US]	W	3	1
Jonathan Lupercio [US]	Raul Santiago [US]	T	4	2
Jonathan Lupercio [US]	Michael Dones [US]	T	5	3
Jonathan Lupercio [US]	Alex LeBlanc [US]	W	8	4
Jonathan Lupercio [US]	Alex Raymond [US]	T	9	5
Jonathan Lupercio [US]	Osvaldo Murillo [US]	L	9	6
Jonathan Lupercio [US]	Angelo toscano [US]	W	12	7
Jonathan Lupercio [US]	Nolan O'Brien [CA]	L	12	8
Jonathan Lupercio [US]	Clifton Dalgard [US]	L	12	9
Marty Reyes [US]	Samantha Parichan [US]	W	3	1
Marty Reyes [US]	Natalie Miller [US]	L	3	2
Marty Reyes [US]	Daniel Lopez [US]	L	3	3
Marty Reyes [US]	Ethan Bougneit [US]	L	3	4
Marty Reyes [US]	Jacob Scott [US]	W	6	5
Marty Reyes [US]	John Blatchford [US]	W	9	6
Marty Reyes [US]	Anthony DiMascio [US]	W	12	7
Marty Reyes [US]	Chris Berrocal [US]	L	12	8
Marty Reyes [US]	Thomas Trently [US]	L	12	9
Noah Kaiser [US]	Vincent Ruiz` [US]	T	1	1
Noah Kaiser [US]	Daniel Helm [US]	W	4	2
Noah Kaiser [US]	Josh Szafranski [US]	W	7	3
Noah Kaiser [US]	Russell Monteiro [US]	L	7	4
Noah Kaiser [US]	Niko Sanville [US]	T	8	5
Noah Kaiser [US]	Francisco Figueroa [US]	T	9	6
Noah Kaiser [US]	Tristan Lackey [US]	W	12	7
Noah Kaiser [US]	joseph halcomb [US]	L	12	8
Noah Kaiser [US]	Camden Southern [US]	L	12	9
Jesus Ramirez [US]	Abby Brown [US]	W	3	1
Jesus Ramirez [US]	Mike Sprague [NO]	L	3	2
Jesus Ramirez [US]	Harel Manhaim [IL]	T	4	3
Jesus Ramirez [US]	ray fernandez [US]	W	7	4
Jesus Ramirez [US]	Raymond Long [CA]	T	8	5
Jesus Ramirez [US]	Bailey Cleavenger [US]	L	8	6
Jesus Ramirez [US]	Cesar Garcia-Carranza [US]	T	9	7
Jesus Ramirez [US]	Andrew Dain [US]	L	9	8
Jesus Ramirez [US]	Jesse Spangler [US]	W	12	9
Nikkolas Paserba [US]	Patrick Scharff [US]	L	0	1
Nikkolas Paserba [US]	Max DaSilva [US]	W	3	2
Nikkolas Paserba [US]	Jacob Gross [US]	L	3	3
Nikkolas Paserba [US]	Josh Harper [US]	L	3	4
Nikkolas Paserba [US]	Nick Novak [US]	W	6	5
Nikkolas Paserba [US]	Dominic Zottoli [US]	W	9	6
Nikkolas Paserba [US]	Nathaniel Edelman [US]	L	9	7
Nikkolas Paserba [US]	Frank Diaz [US]	L	9	8
Nikkolas Paserba [US]	Kevin Johns [US]	W	12	9
**VIP29 Anthony Peppler [US]	Bryce Spangler [US]	W	3	1
**VIP29 Anthony Peppler [US]	Julian Gort-Barry [CA]	L	3	2
**VIP29 Anthony Peppler [US]	HECTOR IBARRA [US]	L	3	3
**VIP29 Anthony Peppler [US]	Leopoldo Narciso [US]	T	4	4
**VIP29 Anthony Peppler [US]	Zachary Schmidt [US]	T	5	5
**VIP29 Anthony Peppler [US]	Vincent Ruiz` [US]	W	8	6
**VIP29 Anthony Peppler [US]	Mason Hans [US]	W	11	7
**VIP29 Anthony Peppler [US]	Angelo Mangosing [CA]	T	12	8
**VIP29 Anthony Peppler [US]	Frank Diaz [US]	L	12	9
Blake Reagan [US]	Trevor Reisner [CA]	W	3	1
Blake Reagan [US]	Jeffrey Weiss [US]	W	6	2
Blake Reagan [US]	Wilson Rowland [US]	L	6	3
Blake Reagan [US]	Zach Robinson [US]	W	9	4
Blake Reagan [US]	Aidan Khus [US]	L	9	5
Blake Reagan [US]	Michael Morton [US]	L	9	6
Blake Reagan [US]	Cameron Toner [US]	W	12	7
Blake Reagan [US]	Michael Marino [US]	L	12	8
Blake Reagan [US]	Ryan Lavespere [US]	L	12	9
Macauley Simmons [US]	alfredo manzanares [US]	L	0	1
Macauley Simmons [US]	Carlos Saenz [MX]	L	0	2
Macauley Simmons [US]	Matthew Bowie [US]	L	0	3
Macauley Simmons [US]	Neven Kurjakovic [US]	W	3	4
Macauley Simmons [US]	**VIP32 Karim Velji [CA]	W	6	5
Macauley Simmons [US]	Ricardo Romero [MX]	W	9	6
Macauley Simmons [US]	Cody Leigh [US]	W	12	7
Macauley Simmons [US]	Kelsey Stapler [US]	L	12	8
Macauley Simmons [US]	Robert Simpson [CA]	L	12	9
Leopoldo Narciso [US]	Jonathan Reyes [US]	W	3	1
Leopoldo Narciso [US]	Marco Profenno [US]	L	3	2
Leopoldo Narciso [US]	Andy Hyun [US]	L	3	3
Leopoldo Narciso [US]	**VIP29 Anthony Peppler [US]	T	4	4
Leopoldo Narciso [US]	Lyle Narciso [US]	W	7	5
Leopoldo Narciso [US]	Pranav Ganti [US]	T	8	6
Leopoldo Narciso [US]	Charles Ligato [US]	T	9	7
Leopoldo Narciso [US]	Nitish Doolub [UK]	L	9	8
Leopoldo Narciso [US]	Steven Axtell [US]	W	12	9
Konstantinos Kousidis [US]	Kaylee Hatfield [US]	L	0	1
Konstantinos Kousidis [US]	Darian Spencer [US]	W	3	2
Konstantinos Kousidis [US]	Shalom Arellano [US]	W	6	3
Konstantinos Kousidis [US]	Aidan Khus [US]	L	6	4
Konstantinos Kousidis [US]	Alex Morris [US]	L	6	5
Konstantinos Kousidis [US]	Andrew Haga [US]	L	6	6
Konstantinos Kousidis [US]	Zach Grady [US]	W	9	7
Konstantinos Kousidis [US]	Ryan Overcash [US]	W	12	8
Konstantinos Kousidis [US]	Scott Knell [UK]	L	12	9
Michael Morton [US]	Shashi Naraine [CA]	L	0	1
Michael Morton [US]	Nathaniel Lamar [US]	L	0	2
Michael Morton [US]	Gustavo Ortiz [US]	W	3	3
Michael Morton [US]	Austin Frailing [US]	W	6	4
Michael Morton [US]	Zach Robinson [US]	W	9	5
Michael Morton [US]	Blake Reagan [US]	W	12	6
Michael Morton [US]	**VIP22 Jose Marzan [US]	L	12	7
Michael Morton [US]	Aidan Ulian [CA]	L	12	8
Michael Morton [US]	Jonathan Zielenski [US]	L	12	9
Ryan Kelly [US]	Grant Manley [US]	L	0	1
Ryan Kelly [US]	Lance Plavka [US]	L	0	2
Ryan Kelly [US]	Sophie Ryan [US]	W	3	3
Ryan Kelly [US]	Xander Pineda [US]	W	6	4
Ryan Kelly [US]	Nathan Trybus [US]	W	9	5
Ryan Kelly [US]	Vaughn O'Brien [US]	L	9	6
Ryan Kelly [US]	Jose Luis Sanchez [US]	W	12	7
Ryan Kelly [US]	Alex Raymond [US]	L	12	8
Ryan Kelly [US]	Cole Rosario [US]	L	12	9
Evan Bennett [US]	Joseph Zelis [US]	T	1	1
Evan Bennett [US]	Tanner Brown [US]	T	2	2
Evan Bennett [US]	Peter Kica [US]	L	2	3
Evan Bennett [US]	Sam Macaluso [US]	L	2	4
Evan Bennett [US]	robert walter [US]	W	5	5
Evan Bennett [US]	James Thompson [US]	W	8	6
Evan Bennett [US]	Nick Race [US]	T	9	7
Evan Bennett [US]	Kaylee Durham [US]	L	9	8
Evan Bennett [US]	Crysta Bomenblit [US]	W	12	9
Hasan Kunukcu [US]	mason hein [US]	L	0	1
Hasan Kunukcu [US]	Michael Kuchinsky [US]	W	3	2
Hasan Kunukcu [US]	John Sundstrom [US]	L	3	3
Hasan Kunukcu [US]	Matthew Miller [US]	W	6	4
Hasan Kunukcu [US]	garrett briglia [US]	L	6	5
Hasan Kunukcu [US]	John Munoz [US]	L	6	6
Hasan Kunukcu [US]	Sam Rindal [US]	W	9	7
Hasan Kunukcu [US]	Joseph Young [US]	W	12	8
Hasan Kunukcu [US]	Kaylee Durham [US]	L	12	9
Gabriel Lopez [US]	Jose Luis Sanchez [US]	W	3	1
Gabriel Lopez [US]	Francisco Figueroa [US]	L	3	2
Gabriel Lopez [US]	Ben Dobberstein [US]	L	3	3
Gabriel Lopez [US]	Dalten Cross [US]	L	3	4
Gabriel Lopez [US]	Kyle Rios [US]	L	3	5
Gabriel Lopez [US]	Alexander Edralin [US]	W	6	6
Gabriel Lopez [US]	Austin Frailing [US]	W	9	7
Gabriel Lopez [US]	Joshua Tierney [US]	W	12	8
Gabriel Lopez [US]	Andrew Haga [US]	L	12	9
Eudezia Rodrigues [BR]	Kian Siadat [US]	L	0	1
Eudezia Rodrigues [BR]	Oneida Williams [US]	W	3	2
Eudezia Rodrigues [BR]	Kara Greenstreet [US]	L	3	3
Eudezia Rodrigues [BR]	Jose Torres [US]	W	6	4
Eudezia Rodrigues [BR]	Mason Lovato [US]	L	6	5
Eudezia Rodrigues [BR]	Zachary Smart [US]	L	6	6
Eudezia Rodrigues [BR]	Andre DiPaola [US]	W	9	7
Eudezia Rodrigues [BR]	Kevin Johns [US]	W	12	8
Eudezia Rodrigues [BR]	Gabriel Rosa [US]	L	12	9
Russell Dilley [US]	Aiden Toler [US]	T	1	1
Russell Dilley [US]	Bruce Boshell [US]	W	4	2
Russell Dilley [US]	Samuel Gijanto [US]	T	5	3
Russell Dilley [US]	Carter Inman [US]	T	6	4
Russell Dilley [US]	Anthony Guevara [US]	L	6	5
Russell Dilley [US]	Ryne Morgan [US]	L	6	6
Russell Dilley [US]	Preston Smith [US]	W	9	7
Russell Dilley [US]	Brian Coppola [US]	W	12	8
Russell Dilley [US]	Nathan Hampton [US]	L	12	9
Jessica Blackwell [US]	Stephen Whitledge [US]	T	1	1
Jessica Blackwell [US]	Greg Kerien [US]	L	1	2
Jessica Blackwell [US]	Len Laraia [US]	W	4	3
Jessica Blackwell [US]	Ryne Morgan [US]	T	5	4
Jessica Blackwell [US]	Steven Bates [US]	W	8	5
Jessica Blackwell [US]	Callie Moore [CA]	L	8	6
Jessica Blackwell [US]	Mauricio Martinez [US]	W	11	7
Jessica Blackwell [US]	eugene davis [US]	L	11	8
Jessica Blackwell [US]	Brady Hooker [US]	T	12	9
Christian Galvan [US]	Vincent D'Arcy [US]	L	0	1
Christian Galvan [US]	Eric Liu [US]	T	1	2
Christian Galvan [US]	Javier Skwara [US]	W	4	3
Christian Galvan [US]	Greg Kerien [US]	T	5	4
Christian Galvan [US]	Nathan Guffey [US]	L	5	5
Christian Galvan [US]	Samuel Scime [CA]	L	5	6
Christian Galvan [US]	alfredo manzanares [US]	W	8	7
Christian Galvan [US]	Tanner Brown [US]	T	9	8
Christian Galvan [US]	John Blatchford [US]	W	12	9
Dave Abt [US]	Kyle Salzman [US]	L	0	1
Dave Abt [US]	Teja Gummadi [US]	L	0	2
Dave Abt [US]	Anthony Richards [US]	W	3	3
Dave Abt [US]	Max DaSilva [US]	L	3	4
Dave Abt [US]	Casey Blatchford [US]	W	6	5
Dave Abt [US]	Wesley Renye [US]	W	9	6
Dave Abt [US]	Connor McNamara [US]	W	12	7
Dave Abt [US]	Anthony Strange [US]	L	12	8
Dave Abt [US]	Corey Goss [US]	L	12	9
Adam Peters [US]	Brandon Gilbert [US]	W	3	1
Adam Peters [US]	Clayton Fagan [US]	L	3	2
Adam Peters [US]	Jordan Lipner [US]	L	3	3
Adam Peters [US]	Michael Lee [US]	W	6	4
Adam Peters [US]	Isaiah Marks [US]	L	6	5
Adam Peters [US]	Danny Barger [US]	L	6	6
Adam Peters [US]	Jason Fisher [US]	W	9	7
Adam Peters [US]	Steven Leu [US]	W	12	8
Adam Peters [US]	Andrew Buckner [US]	L	12	9
Terry anayan [CA]	Shawn Cardella [US]	T	1	1
Terry anayan [CA]	Alexander Byrd [US]	T	2	2
Terry anayan [CA]	Ken Hwang [CA]	W	5	3
Terry anayan [CA]	Dominick Paul [US]	L	5	4
Terry anayan [CA]	Anna Tarasuk [US]	L	5	5
Terry anayan [CA]	Sean Van Alen [US]	W	8	6
Terry anayan [CA]	Logan Peterson [US]	L	8	7
Terry anayan [CA]	Dora Thilmony [US]	W	11	8
Terry anayan [CA]	Rosh Patel [US]	T	12	9
Christian Dingle [US]	Conner Truitt [US]	L	0	1
Christian Dingle [US]	Ian Kelly [US]	W	3	2
Christian Dingle [US]	Gwen Tran [US]	L	3	3
Christian Dingle [US]	Eric Greene [US]	W	6	4
Christian Dingle [US]	Clayton Fagan [US]	L	6	5
Christian Dingle [US]	Walker Halliburton [US]	L	6	6
Christian Dingle [US]	Matthew Hall [US]	W	9	7
Christian Dingle [US]	Russell Shinabarger [US]	W	12	8
Christian Dingle [US]	Cody Hope [US]	L	12	9
Anthony DiMascio [US]	Caleb Sprague [US]	W	3	1
Anthony DiMascio [US]	Braiden Elfert [US]	L	3	2
Anthony DiMascio [US]	Cody Walker [US]	L	3	3
Anthony DiMascio [US]	Abijah Jongsma [CA]	W	6	4
Anthony DiMascio [US]	Cory Thoma [US]	W	9	5
Anthony DiMascio [US]	Maxwell Douglass [US]	L	9	6
Anthony DiMascio [US]	Marty Reyes [US]	L	9	7
Anthony DiMascio [US]	Gustavo Ortiz [US]	W	12	8
Anthony DiMascio [US]	Daniel Nelson [US]	L	12	9
Zach Stone [US]	Alex Pearce [US]	L	0	1
Zach Stone [US]	Ben Dobberstein [US]	L	0	2
Zach Stone [US]	Jacob Scott [US]	W	3	3
Zach Stone [US]	Adam Emerson [US]	L	3	4
Zach Stone [US]	Ashelia Bowsher [US]	W	6	5
Zach Stone [US]	Michael Lee [US]	W	9	6
Zach Stone [US]	Anthony Danczak [US]	W	12	7
Zach Stone [US]	Toby Eyre [US]	L	12	8
Zach Stone [US]	Natalie Miller [US]	L	12	9
Scott Zelenak [US]	Jacob Mastin [US]	W	3	1
Scott Zelenak [US]	Carter Inman [US]	T	4	2
Scott Zelenak [US]	Matt Ronnenberg [US]	T	5	3
Scott Zelenak [US]	Emmi Stonier [US]	L	5	4
Scott Zelenak [US]	John Mostowy [US]	L	5	5
Scott Zelenak [US]	Jake Roblez [US]	W	8	6
Scott Zelenak [US]	Alex Pearce [US]	T	9	7
Scott Zelenak [US]	Gabriel Rosa [US]	L	9	8
Scott Zelenak [US]	Russell Shinabarger [US]	W	12	9
Ryan Bowman [US]	Louis Tighe [US]	W	3	1
Ryan Bowman [US]	Brad Brown [US]	L	3	2
Ryan Bowman [US]	Juan Escalera [US]	T	4	3
Ryan Bowman [US]	Joseph Feliciano Garcia [US]	L	4	4
Ryan Bowman [US]	Hal Johnston [US]	L	4	5
Ryan Bowman [US]	Justin Vandiver [US]	W	7	6
Ryan Bowman [US]	Sean Robison [US]	T	8	7
Ryan Bowman [US]	Matt Ronnenberg [US]	W	11	8
Ryan Bowman [US]	Andreya Dunks [US]	T	12	9
Ben Gateley [US]	Andrew Buckner [US]	L	0	1
Ben Gateley [US]	Dan Irish [US]	W	3	2
Ben Gateley [US]	PAUL GIZA [US]	L	3	3
Ben Gateley [US]	Virginia Schmidt [US]	W	6	4
Ben Gateley [US]	**VIP17 Ricardo Escobar [US]	L	6	5
Ben Gateley [US]	Jack Basmaci [US]	W	9	6
Ben Gateley [US]	Bryan Kennedy [US]	L	9	7
Ben Gateley [US]	J-F Guimond [CA]	W	12	8
Ben Gateley [US]	Eric Trinh [US]	L	12	9
James Dorner [US]	Onassis Porto [US]	W	3	1
James Dorner [US]	Christian Cantelon [CA]	L	3	2
James Dorner [US]	Vaughn O'Brien [US]	L	3	3
James Dorner [US]	Anthony Le [US]	L	3	4
James Dorner [US]	Paul Martin [US]	W	6	5
James Dorner [US]	Caden Styche [US]	W	9	6
James Dorner [US]	James Santaniello [US]	W	12	7
James Dorner [US]	Frank Hunter [US]	L	12	8
James Dorner [US]	Alex Larson [US]	L	12	9
Matthew Ratliff [US]	Jeremy James [US]	L	0	1
Matthew Ratliff [US]	Samantha Parichan [US]	W	3	2
Matthew Ratliff [US]	Jose Torres [US]	W	6	3
Matthew Ratliff [US]	Jacob Stillwell [US]	L	6	4
Matthew Ratliff [US]	Jose Luis Sanchez [US]	L	6	5
Matthew Ratliff [US]	Peter Ma [CA]	W	9	6
Matthew Ratliff [US]	Nick Alvarez [US]	L	9	7
Matthew Ratliff [US]	Nick Race [US]	L	9	8
Matthew Ratliff [US]	Joseph Young [US]	W	12	9
Edelgard Fox [US]	Jon-Vincent Gonzalve [US]	L	0	1
Edelgard Fox [US]	Halim Bourjeili [US]	W	3	2
Edelgard Fox [US]	Andrew Kanallakan [US]	W	6	3
Edelgard Fox [US]	Aren Ashlock [US]	L	6	4
Edelgard Fox [US]	Michael Natto [US]	L	6	5
Edelgard Fox [US]	Derrick Chan [US]	L	6	6
Edelgard Fox [US]	Zachary Trybus [US]	W	9	7
Edelgard Fox [US]	Anastazja Clappison [CA]	W	12	8
Edelgard Fox [US]	Rafal Gladysz [US]	L	12	9
Brenden Littlefield [US]	Thomas Fogarty [US]	T	1	1
Brenden Littlefield [US]	Tyler Schoenfeld [US]	T	2	2
Brenden Littlefield [US]	Scott Keller [US]	W	5	3
Brenden Littlefield [US]	Aryn Fitzpatrick [US]	L	5	4
Brenden Littlefield [US]	Christopher Smith [US]	W	8	5
Brenden Littlefield [US]	Shinnosuke Komiya [US]	L	8	6
Brenden Littlefield [US]	Jonathan Carlin [US]	T	9	7
Brenden Littlefield [US]	Michael Plocinik [US]	W	12	8
Brenden Littlefield [US]	Nitish Doolub [UK]	L	12	9
Chi Wu [US]	Simon Trottier-Lacasse [CA]	L	0	1
Chi Wu [US]	Luke Talkington [US]	L	0	2
Chi Wu [US]	David Powell [US]	W	3	3
Chi Wu [US]	Lily Morgan [US]	L	3	4
Chi Wu [US]	Chris Haynes [US]	W	6	5
Chi Wu [US]	David Pack [US]	W	9	6
Chi Wu [US]	Nolan O'Brien [CA]	L	9	7
Chi Wu [US]	Scottie Gore [US]	L	9	8
Chi Wu [US]	Sherri Lee [US]	W	12	9
Brady Hooker [US]	Nicholas Linenbroker [US]	L	0	1
Brady Hooker [US]	Brian Kondor [US]	L	0	2
Brady Hooker [US]	Chris Bargeron [US]	T	1	3
Brady Hooker [US]	Jeremy Klug [US]	W	4	4
Brady Hooker [US]	Logan Nelson [US]	L	4	5
Brady Hooker [US]	Jake Szafranski [US]	T	5	6
Brady Hooker [US]	Alfonso Vallejo [US]	W	8	7
Brady Hooker [US]	Henry Charnock [US]	W	11	8
Brady Hooker [US]	Jessica Blackwell [US]	T	12	9
Brandon Allen [US]	Jeremie G. [US]	L	0	1
Brandon Allen [US]	Zack Gross [US]	L	0	2
Brandon Allen [US]	Matthew Miller [US]	W	3	3
Brandon Allen [US]	Max Martin [US]	W	6	4
Brandon Allen [US]	Nicholas Mileo [US]	W	9	5
Brandon Allen [US]	Brad Brown [US]	L	9	6
Brandon Allen [US]	Harry Rachel [US]	L	9	7
Brandon Allen [US]	Anthony Nimmons [US]	W	12	8
Brandon Allen [US]	Mike Sprague [NO]	L	12	9
Andy Jiang [US]	Matthew Hensley [US]	L	0	1
Andy Jiang [US]	Kristopher Gerald	L	0	2
Andy Jiang [US]	Sherri Lee [US]	L	0	3
Andy Jiang [US]	Zach Grady [US]	W	3	4
Andy Jiang [US]	Juniper Ogee [US]	W	6	5
Andy Jiang [US]	Carter Inman [US]	W	9	6
Andy Jiang [US]	Josh Litvinoff [US]	L	9	7
Andy Jiang [US]	Kevin Hardy [US]	W	12	8
Andy Jiang [US]	Evan Gregory [US]	L	12	9
Seth Heitmann [US]	Robert Deleon [US]	L	0	1
Seth Heitmann [US]	Chelsea Christy [US]	W	3	2
Seth Heitmann [US]	Bryant Wood [US]	L	3	3
Seth Heitmann [US]	justin jenkins [US]	W	6	4
Seth Heitmann [US]	andrew amistad [CA]	L	6	5
Seth Heitmann [US]	Alberto Plasencia [US]	L	6	6
Seth Heitmann [US]	Tony Curtis [US]	W	9	7
Seth Heitmann [US]	Mike Sprague [NO]	L	9	8
Seth Heitmann [US]	Emily Wierzba [US]	W	12	9
Peter Ma [CA]	Benjamin Merritt [US]	W	3	1
Peter Ma [CA]	Krystal Florendo [CA]	L	3	2
Peter Ma [CA]	Ethan DeHaven [US]	T	4	3
Peter Ma [CA]	Chad Kray [US]	T	5	4
Peter Ma [CA]	Jessica Rowland [US]	T	6	5
Peter Ma [CA]	Matthew Ratliff [US]	L	6	6
Peter Ma [CA]	Thomas Trently [US]	L	6	7
Peter Ma [CA]	Anthony Kocan [US]	W	9	8
Peter Ma [CA]	Matthew Miller [US]	W	12	9
Juan Vazquez [US]	Dylan Dreyer [US]	T	1	1
Juan Vazquez [US]	Corey Blankenship [US]	L	1	2
Juan Vazquez [US]	Bryan Daly [US]	T	2	3
Juan Vazquez [US]	Chris Johncox [US]	L	2	4
Juan Vazquez [US]	Russell Shinabarger [US]	T	3	5
Juan Vazquez [US]	Victoria Barry [US]	W	6	6
Juan Vazquez [US]	Ava Cruzan [US]	L	6	7
Juan Vazquez [US]	Jacob Williams [US]	W	9	8
Juan Vazquez [US]	Muhamed Palatinus [CA]	W	12	9
Garrett Scott [US]	Matthew Wood [CA]	L	0	1
Garrett Scott [US]	Diego Contes Negron [US]	W	3	2
Garrett Scott [US]	Brandon May [US]	L	3	3
Garrett Scott [US]	Tristan Batman Macek [US]	L	3	4
Garrett Scott [US]	Tyler O'Barto [US]	W	6	5
Garrett Scott [US]	Tyler Annaert [CA]	L	6	6
Garrett Scott [US]	Zachary Hopper [US]	L	6	7
Garrett Scott [US]	Danielle Mckernan [US]	W	9	8
Garrett Scott [US]	Joshua Tierney [US]	W	12	9
Kris Krueger [US]	Brock Robertson [US]	L	0	1
Kris Krueger [US]	Matthew Hill-Kent [CA]	W	3	2
Kris Krueger [US]	Ming Weng [US]	L	3	3
Kris Krueger [US]	Tiger Hickman [US]	L	3	4
Kris Krueger [US]	Daniel Shogan [US]	W	6	5
Kris Krueger [US]	Sam Rindal [US]	W	9	6
Kris Krueger [US]	Caleb Sprague [US]	W	12	7
Kris Krueger [US]	Edward Valencia [US]	L	12	8
Kris Krueger [US]	Harrison Leven [US]	L	12	9
Juniper Ogee [US]	Millan Patel [US]	L	0	1
Juniper Ogee [US]	Brandon Morris [US]	L	0	2
Juniper Ogee [US]	Dan Irish [US]	L	0	3
Juniper Ogee [US]	Ryan Bown [US]	W	3	4
Juniper Ogee [US]	Andy Jiang [US]	L	3	5
Juniper Ogee [US]	**VIP18 Jay Finn [US]	W	6	6
Juniper Ogee [US]	David Pack [US]	W	9	7
Juniper Ogee [US]	Jonathan Carlin [US]	L	9	8
Juniper Ogee [US]	Ryan Overcash [US]	W	12	9
Bryan Hunter [US]	Jonathan Ruff [US]	T	1	1
Bryan Hunter [US]	Dillon Johnson [US]	T	2	2
Bryan Hunter [US]	Lauren Talley [US]	L	2	3
Bryan Hunter [US]	Mathew Boat [US]	W	5	4
Bryan Hunter [US]	Jaydon Do [CA]	T	6	5
Bryan Hunter [US]	Jeff Opp [US]	W	9	6
Bryan Hunter [US]	Nicholas Grigson [US]	L	9	7
Bryan Hunter [US]	Christopher Scafuri [US]	W	12	8
Bryan Hunter [US]	Chad Hewitt [US]	L	12	9
Brandon Stull [US]	Carmen Klomparens [US]	L	0	1
Brandon Stull [US]	Ryan Fitzmaurice [US]	W	3	2
Brandon Stull [US]	Andrew Buckner [US]	L	3	3
Brandon Stull [US]	Julian Riveros [CO]	W	6	4
Brandon Stull [US]	Steven Spotts [US]	W	9	5
Brandon Stull [US]	John Hudson [US]	L	9	6
Brandon Stull [US]	Ritter Minnix [US]	L	9	7
Brandon Stull [US]	Spencer Snyder [US]	W	12	8
Brandon Stull [US]	Alexander Huesca [US]	L	12	9
Cameron Toner [US]	tienthomas pham [US]	W	3	1
Cameron Toner [US]	Wilfred Worland [US]	L	3	2
Cameron Toner [US]	Ryan Miller [US]	L	3	3
Cameron Toner [US]	Daniel Sutch [US]	W	6	4
Cameron Toner [US]	Dave Biasotti [US]	L	6	5
Cameron Toner [US]	Spencer Snyder [US]	W	9	6
Cameron Toner [US]	Blake Reagan [US]	L	9	7
Cameron Toner [US]	Cole Rosario [US]	L	9	8
Cameron Toner [US]	David Powell [US]	W	12	9
Abby Brown [US]	Jesus Ramirez [US]	L	0	1
Abby Brown [US]	Nick Alvarez [US]	L	0	2
Abby Brown [US]	Dishan Thayaparan [CA]	W	3	3
Abby Brown [US]	garrett briglia [US]	L	3	4
Abby Brown [US]	Greg Downing [US]	W	6	5
Abby Brown [US]	Ritter Minnix [US]	L	6	6
Abby Brown [US]	Russell Shinabarger [US]	L	6	7
Abby Brown [US]	Daniel Moore [US]	W	9	8
Abby Brown [US]	Shawn Brown [CA]	W	12	9
Jose Luis Sanchez [US]	Gabriel Lopez [US]	L	0	1
Jose Luis Sanchez [US]	David Scott [US]	L	0	2
Jose Luis Sanchez [US]	Hannah El-Dada [US]	W	3	3
Jose Luis Sanchez [US]	Zack Gross [US]	W	6	4
Jose Luis Sanchez [US]	Matthew Ratliff [US]	W	9	5
Jose Luis Sanchez [US]	Kenny Ngo [US]	L	9	6
Jose Luis Sanchez [US]	Ryan Kelly [US]	L	9	7
Jose Luis Sanchez [US]	Abijah Jongsma [CA]	W	12	8
Jose Luis Sanchez [US]	Scottie Gore [US]	L	12	9
Max McKitrick [US]	Denver Hartman [US]	T	1	1
Max McKitrick [US]	Chris Johncox [US]	T	2	2
Max McKitrick [US]	Luis Nunez [US]	L	2	3
Max McKitrick [US]	Andrew Reinhardt [US]	L	2	4
Max McKitrick [US]	Ricardo Gonzalez [US]	W	5	5
Max McKitrick [US]	Trevor Stier [US]	L	5	6
Max McKitrick [US]	Anthony Kocan [US]	T	6	7
Max McKitrick [US]	Jacob Brown [US]	W	9	8
Max McKitrick [US]	J-F Guimond [CA]	W	12	9
justin jenkins [US]	Anthony Abalsamo [US]	L	0	1
justin jenkins [US]	Stephen Palombo [US]	L	0	2
justin jenkins [US]	**VIP32 Karim Velji [CA]	W	3	3
justin jenkins [US]	Seth Heitmann [US]	L	3	4
justin jenkins [US]	Michael Kuchinsky [US]	L	3	5
justin jenkins [US]	David Navarette [US]	W	6	6
justin jenkins [US]	Scottie Gore [US]	L	6	7
justin jenkins [US]	Anthony Miller [US]	W	9	8
justin jenkins [US]	Christopher Scafuri [US]	W	12	9
Domenick Ritchie [CA]	Brooke English [US]	L	0	1
Domenick Ritchie [CA]	Austin Marshall [US]	L	0	2
Domenick Ritchie [CA]	Kyle Adams [US]	W	3	3
Domenick Ritchie [CA]	Wojtek Gronek [CA]	L	3	4
Domenick Ritchie [CA]	Jasmine Kohler [US]	L	3	5
Domenick Ritchie [CA]	Ryan Seaburg [US]	W	6	6
Domenick Ritchie [CA]	Alex Kalbach [US]	W	9	7
Domenick Ritchie [CA]	Chris Gonzalez [US]	L	9	8
Domenick Ritchie [CA]	Pat Eshghy [US]	W	12	9
Michael Natto [US]	Steven Tokar [US]	W	3	1
Michael Natto [US]	Martin Solis [US]	L	3	2
Michael Natto [US]	Peyton Zelenak [US]	W	6	3
Michael Natto [US]	Marco Profenno [US]	L	6	4
Michael Natto [US]	Edelgard Fox [US]	W	9	5
Michael Natto [US]	Mason Lovato [US]	L	9	6
Michael Natto [US]	Austin Kuhn [US]	W	12	7
Michael Natto [US]	Aaron Tarbell [US]	L	12	8
Grant Shen [US]	Chris Fulop [US]	L	0	1
Grant Shen [US]	alexys rodriguez [US]	W	3	2
Grant Shen [US]	Jiazuo Sun [US]	W	6	3
Grant Shen [US]	PAUL GIZA [US]	W	9	4
Grant Shen [US]	Kyle Tokarczyk [US]	L	9	5
Grant Shen [US]	Jacob Avchen [US]	W	12	6
Grant Shen [US]	Tristan Bennett [US]	L	12	7
Grant Shen [US]	bryan okrey [US]	L	12	8
Paul McCann [US]	Andrew Wakefield [US]	T	1	1
Paul McCann [US]	Hubert Lin [US]	W	4	2
Paul McCann [US]	Stefan Bechler [CA]	T	5	3
Paul McCann [US]	Eric Schwartzmier [US]	W	8	4
Paul McCann [US]	Chris Pagan [US]	L	8	5
Paul McCann [US]	chris bodden [US]	L	8	6
Paul McCann [US]	VaJuan Felix [US]	W	11	7
Paul McCann [US]	Zachary Heeter [US]	T	12	8
Johny Vu [US]	Chris Corrigan [US]	W	3	1
Johny Vu [US]	Mose Galdames-Henry [US]	W	6	2
Johny Vu [US]	Manuel Perez [US]	L	6	3
Johny Vu [US]	Axel Alvarez [US]	W	9	4
Johny Vu [US]	Elliot Sayles [US]	L	9	5
Johny Vu [US]	Tecara Newton [CA]	W	12	6
Johny Vu [US]	Kara Greenstreet [US]	L	12	7
Johny Vu [US]	Heather Coleman [US]	L	12	8
Walker Halliburton [US]	Peyton Bauermeister [US]	W	3	1
Walker Halliburton [US]	Andre DiPaola [US]	W	6	2
Walker Halliburton [US]	bryan okrey [US]	L	6	3
Walker Halliburton [US]	Grant Manley [US]	L	6	4
Walker Halliburton [US]	Stephen Palombo [US]	L	6	5
Walker Halliburton [US]	Christian Dingle [US]	W	9	6
Walker Halliburton [US]	Kevin Deitche [US]	W	12	7
Walker Halliburton [US]	Matthew Reed [US]	L	12	8
Josh Owens [US]	Alexane Bellemare [CA]	W	3	1
Josh Owens [US]	Dave Biasotti [US]	L	3	2
Josh Owens [US]	Dan Whitman [US]	W	6	3
Josh Owens [US]	Nicholas Grigson [US]	L	6	4
Josh Owens [US]	Eric Straining [US]	W	9	5
Josh Owens [US]	Joseph Zelis [US]	W	12	6
Josh Owens [US]	Erin McCann [US]	L	12	7
Josh Owens [US]	Raymond Vega [US]	L	12	8
Yarden Segal [CA]	Shena Lavespere [US]	T	1	1
Yarden Segal [CA]	Nicholas Hughes [US]	T	2	2
Yarden Segal [CA]	Jose Zelaya [US]	W	5	3
Yarden Segal [CA]	Eric Aubertin [CA]	T	6	4
Yarden Segal [CA]	joseph halcomb [US]	W	9	5
Yarden Segal [CA]	Suchit Koparde [US]	L	9	6
Yarden Segal [CA]	Anthony Nimmons [US]	W	12	7
Yarden Segal [CA]	Manuel Perez [US]	L	12	8
Zachary Heeter [US]	Aidan Ulian [CA]	L	0	1
Zachary Heeter [US]	Jacob Brown [US]	W	3	2
Zachary Heeter [US]	Joe Ward [US]	W	6	3
Zachary Heeter [US]	Josh Marking [US]	T	7	4
Zachary Heeter [US]	Nick Race [US]	T	8	5
Zachary Heeter [US]	Andreya Dunks [US]	W	11	6
Zachary Heeter [US]	McKinley Freeman [US]	L	11	7
Zachary Heeter [US]	Paul McCann [US]	T	12	8
Raulin Dick [US]	Stuart Chan [US]	W	3	1
Raulin Dick [US]	Dang Pho [US]	L	3	2
Raulin Dick [US]	Tanner Leonardo [US]	L	3	3
Raulin Dick [US]	Caleb Sprague [US]	L	3	4
Raulin Dick [US]	John-Peter Gero [US]	W	6	5
Raulin Dick [US]	Joseph Hoover [US]	W	9	6
Raulin Dick [US]	Zachary Smart [US]	W	12	7
Raulin Dick [US]	Adrian Barrientos [US]	L	12	8
Shehwaz Rassiwalla [US]	Braeden Wentling [US]	L	0	1
Shehwaz Rassiwalla [US]	Shawn Baker [US]	W	3	2
Shehwaz Rassiwalla [US]	Jacob Walton [US]	W	6	3
Shehwaz Rassiwalla [US]	Nitish Doolub [UK]	L	6	4
Shehwaz Rassiwalla [US]	Braidery Camacho [US]	W	9	5
Shehwaz Rassiwalla [US]	Keaton Williams [US]	W	12	6
Shehwaz Rassiwalla [US]	Carlos Artze [US]	L	12	7
Shehwaz Rassiwalla [US]	Nikky Riccio [US]	L	12	8
Hubert Lin [US]	Carl Caldwell [US]	T	1	1
Hubert Lin [US]	Paul McCann [US]	L	1	2
Hubert Lin [US]	Val McFarland [US]	L	1	3
Hubert Lin [US]	Victoria Barry [US]	T	2	4
Hubert Lin [US]	Denver Hartman [US]	W	5	5
Hubert Lin [US]	Tony Quach [US]	W	8	6
Hubert Lin [US]	Jonathan Connell [US]	W	11	7
Hubert Lin [US]	Felipe Arias [US]	T	12	8
David Martinez [US]	Corey Hudson [US]	W	3	1
David Martinez [US]	Nathaniel Zlockie [US]	W	6	2
David Martinez [US]	Clifton Dalgard [US]	W	9	3
David Martinez [US]	Ivan Chan [US]	L	9	4
David Martinez [US]	Bill Papacostas [US]	W	12	5
David Martinez [US]	Ben Dobberstein [US]	L	12	6
David Martinez [US]	BILLY CHAN [CA]	L	12	7
Ryan Graywacz [US]	Michael Allen [US]	W	3	1
Ryan Graywacz [US]	Eddie North [US]	W	6	2
Ryan Graywacz [US]	Andrew Edberg [US]	W	9	3
Ryan Graywacz [US]	Tyler Mathews [US]	L	9	4
Ryan Graywacz [US]	Grant Manley [US]	L	9	5
Ryan Graywacz [US]	J Garrison [US]	W	12	6
Ryan Graywacz [US]	Jessica Love [US]	L	12	7
Aaron Hickok [US]	Isaac Chance [US]	W	3	1
Aaron Hickok [US]	Alfonso Vallejo [US]	W	6	2
Aaron Hickok [US]	George Burdine [US]	L	6	3
Aaron Hickok [US]	Chris Barry [US]	W	9	4
Aaron Hickok [US]	Joe Dietrich [US]	L	9	5
Aaron Hickok [US]	Clifton Dalgard [US]	W	12	6
Aaron Hickok [US]	Rachel Komorowski [US]	L	12	7
Andrew Mahone [US]	Jake Szafranski [US]	W	3	1
Andrew Mahone [US]	Matt Gilson [US]	W	6	2
Andrew Mahone [US]	Gilberto Acosta [US]	L	6	3
Andrew Mahone [US]	Zack Usiatynski [US]	W	9	4
Andrew Mahone [US]	Derrick Schwarz [US]	W	12	5
Andrew Mahone [US]	Luis Negron [US]	L	12	6
Andrew Mahone [US]	garrett briglia [US]	L	12	7
Cristian Estrada [US]	Darin O'Meara [US]	L	0	1
Cristian Estrada [US]	Adolfo Estrada [US]	W	3	2
Cristian Estrada [US]	Joshua Scott [US]	W	6	3
Cristian Estrada [US]	Kris Kavanagh [US]	L	6	4
Cristian Estrada [US]	Guillermo Portillo [US]	W	9	5
Cristian Estrada [US]	Maxwell Bishop [US]	W	12	6
Cristian Estrada [US]	Christian Chase [US]	L	12	7
Arthur Terceira [US]	Logan Poindexter [US]	W	3	1
Arthur Terceira [US]	**VIP22 Jose Marzan [US]	W	6	2
Arthur Terceira [US]	Zach Lesage [CA]	T	7	3
Arthur Terceira [US]	Austin Davis [US]	T	8	4
Arthur Terceira [US]	Rahul Reddy [US]	L	8	5
Arthur Terceira [US]	Jackson Ford [CA]	L	8	6
Arthur Terceira [US]	**VIP33 Anthony Watkins [US]	W	11	7
Arthur Terceira [US]	Joel Bergman [CA]	L	11	8
Arthur Terceira [US]	Brodee McCoy [US]	L	11	9
Eric Nickell [US]	Shawn Chauvin [CA]	W	3	1
Eric Nickell [US]	Raymond Long [CA]	L	3	2
Eric Nickell [US]	Cody Bruder [US]	W	6	3
Eric Nickell [US]	Nick Dela Torre [US]	T	7	4
Eric Nickell [US]	Daniel Kutinsky [US]	T	8	5
Eric Nickell [US]	Eric Liu [US]	W	11	6
Eric Nickell [US]	Jonathan Herrera [US]	L	11	7
Eric Nickell [US]	Harel Manhaim [IL]	L	11	8
Eric Nickell [US]	Stephen Sinnes [US]	L	11	9
Ben DeGarmo [US]	Nate Hathaway [US]	T	1	1
Ben DeGarmo [US]	Vance Kelley [US]	L	1	2
Ben DeGarmo [US]	Chris Breithaupt [US]	W	4	3
Ben DeGarmo [US]	George Gebhardt [US]	T	5	4
Ben DeGarmo [US]	Jeremy Medina [US]	W	8	5
Ben DeGarmo [US]	Jonah Villarosa [US]	L	8	6
Ben DeGarmo [US]	Jeremy James [US]	W	11	7
Ben DeGarmo [US]	Jonathan Acosta [US]	L	11	8
Ben DeGarmo [US]	Pranav Ganti [US]	L	11	9
Josh Maurer [US]	Caleb Gedemer [US]	L	0	1
Josh Maurer [US]	Joseph Rebernik [US]	W	3	2
Josh Maurer [US]	Jermell Parrish [US]	W	6	3
Josh Maurer [US]	Nathaniel Zlockie [US]	L	6	4
Josh Maurer [US]	Maxim Korobov [US]	T	7	5
Josh Maurer [US]	Ricardo Lasalle Barreto [US]	W	10	6
Josh Maurer [US]	Carl Caldwell [US]	L	10	7
Josh Maurer [US]	Cody Torres [US]	L	10	8
Josh Maurer [US]	Christine Dong [US]	T	11	9
Bailey Cleavenger [US]	Maritza Ocampo [US]	T	1	1
Bailey Cleavenger [US]	Sawyer Melban [US]	L	1	2
Bailey Cleavenger [US]	Sean Jackson [US]	W	4	3
Bailey Cleavenger [US]	James Coyle [US]	W	7	4
Bailey Cleavenger [US]	Grant Keating [US]	T	8	5
Bailey Cleavenger [US]	Jesus Ramirez [US]	W	11	6
Bailey Cleavenger [US]	Austin Davis [US]	L	11	7
Bailey Cleavenger [US]	Justin Fedorenka [CA]	L	11	8
Bailey Cleavenger [US]	Christian Wybieracki [US]	L	11	9
evan fullaway [US]	Jordan Wilson [US]	W	3	1
evan fullaway [US]	Alexander Hamilton [US]	L	3	2
evan fullaway [US]	Danny Barger [US]	W	6	3
evan fullaway [US]	Victor Carrillo [US]	L	6	4
evan fullaway [US]	John Hudson [US]	L	6	5
evan fullaway [US]	Jessica Rowland [US]	W	9	6
evan fullaway [US]	Alberto Plasencia [US]	T	10	7
evan fullaway [US]	Joshua Everly [US]	T	11	8
evan fullaway [US]	Ken Hwang [CA]	L	11	9
Samuel Gijanto [US]	Jacob Pellizzon [CA]	W	3	1
Samuel Gijanto [US]	Anthony Spanitz [US]	T	4	2
Samuel Gijanto [US]	Russell Dilley [US]	T	5	3
Samuel Gijanto [US]	Edgar Gomez [US]	W	8	4
Samuel Gijanto [US]	Alec Geissler [US]	W	11	5
Samuel Gijanto [US]	Nick Guzman [US]	L	11	6
Samuel Gijanto [US]	Justin Teng [US]	L	11	7
Samuel Gijanto [US]	Bryan Ortiz [CA]	L	11	8
Samuel Gijanto [US]	Calvin Nordberg [US]	L	11	9
Chris Schmidt [US]	Hal Johnston [US]	W	3	1
Chris Schmidt [US]	Jacob Stock [US]	L	3	2
Chris Schmidt [US]	alfredo manzanares [US]	W	6	3
Chris Schmidt [US]	Anthony Abalsamo [US]	T	7	4
Chris Schmidt [US]	Austin Marshall [US]	W	10	5
Chris Schmidt [US]	Gregory Playter [US]	L	10	6
Chris Schmidt [US]	Josh Harper [US]	T	11	7
Chris Schmidt [US]	Kyle Lamp [US]	L	11	8
Chris Schmidt [US]	Joshua Griffith [US]	L	11	9
Callie Moore [CA]	Jacob Angelo [US]	W	3	1
Callie Moore [CA]	Daniel Fappiano [US]	L	3	2
Callie Moore [CA]	Rob Anderson [US]	T	4	3
Callie Moore [CA]	Nate Hathaway [US]	T	5	4
Callie Moore [CA]	Jacob Maxwell [US]	W	8	5
Callie Moore [CA]	Jessica Blackwell [US]	W	11	6
Callie Moore [CA]	Ryan Sabelhaus [US]	L	11	7
Callie Moore [CA]	Scott Mottern [US]	L	11	8
Callie Moore [CA]	Andrew Reinhardt [US]	L	11	9
Nathan Spencer [US]	Eric Aubertin [CA]	T	1	1
Nathan Spencer [US]	Tate Whitesell [US]	W	4	2
Nathan Spencer [US]	Brayden Karvelas [US]	L	4	3
Nathan Spencer [US]	**VIP31 Joseph Sumner [US]	T	5	4
Nathan Spencer [US]	Alberto Plasencia [US]	T	6	5
Nathan Spencer [US]	Nick Fleming [US]	L	6	6
Nathan Spencer [US]	Jake Bankert [US]	W	9	7
Nathan Spencer [US]	Kieran Inch [US]	T	10	8
Nathan Spencer [US]	Samantha HoangLong [US]	T	11	9
jaguar mount [CA]	Michael Meal [CA]	L	0	1
jaguar mount [CA]	Dylan Underwood [US]	W	3	2
jaguar mount [CA]	Jacob Angelo [US]	W	6	3
jaguar mount [CA]	Sava Radovic [US]	W	9	4
jaguar mount [CA]	HECTOR IBARRA [US]	L	9	5
jaguar mount [CA]	Josh Vassey [US]	T	10	6
jaguar mount [CA]	Joseph Fragomeni [US]	T	11	7
jaguar mount [CA]	Owen Robinson [US]	L	11	8
jaguar mount [CA]	William Timmermeyer [US]	L	11	9
Damian Schell [US]	**VIP19 Charlie Hall [US]	W	3	1
Damian Schell [US]	Joseph Horth [US]	L	3	2
Damian Schell [US]	Andrew Roman [US]	T	4	3
Damian Schell [US]	Rachel Gaston-Pifer [US]	W	7	4
Damian Schell [US]	Louis Tighe [US]	T	8	5
Damian Schell [US]	Sebastian Lashmet [US]	L	8	6
Damian Schell [US]	Michael Dones [US]	W	11	7
Damian Schell [US]	José Torres [US]	L	11	8
Damian Schell [US]	Aaron Walker [US]	L	11	9
Kyle Salzman [US]	Dave Abt [US]	W	3	1
Kyle Salzman [US]	Michele Lesage [CA]	T	4	2
Kyle Salzman [US]	Trevor Passmore [US]	L	4	3
Kyle Salzman [US]	Emily Forman [US]	T	5	4
Kyle Salzman [US]	Michael Dones [US]	L	5	5
Kyle Salzman [US]	Matt Ronnenberg [US]	W	8	6
Kyle Salzman [US]	Ryan Turner [US]	W	11	7
Kyle Salzman [US]	Dylan Smeigh [US]	L	11	8
Kyle Salzman [US]	Gwen Tran [US]	L	11	9
Aryn Fitzpatrick [US]	Steven Bates [US]	T	1	1
Aryn Fitzpatrick [US]	Morgan Drake [US]	W	4	2
Aryn Fitzpatrick [US]	Mauricio Martinez [US]	T	5	3
Aryn Fitzpatrick [US]	Brenden Littlefield [US]	W	8	4
Aryn Fitzpatrick [US]	Peter Kica [US]	L	8	5
Aryn Fitzpatrick [US]	Mason Kulik [US]	T	9	6
Aryn Fitzpatrick [US]	Anthony Finney [US]	T	10	7
Aryn Fitzpatrick [US]	Solomon Shurge [US]	T	11	8
Aryn Fitzpatrick [US]	Derek Li [US]	L	11	9
Isaac Chance [US]	Aaron Hickok [US]	L	0	1
Isaac Chance [US]	Ron Park [US]	W	3	2
Isaac Chance [US]	Jeffrey Criss [US]	L	3	3
Isaac Chance [US]	Kyle Rios [US]	W	6	4
Isaac Chance [US]	Kyle Cook [US]	W	9	5
Isaac Chance [US]	Ryan Mooney [US]	T	10	6
Isaac Chance [US]	Adinson Hiraldo [DO]	L	10	7
Isaac Chance [US]	Alberto Plasencia [US]	L	10	8
Isaac Chance [US]	Brianna Velliquette [US]	T	11	9
Walter Portillo [US]	Jon Eng [US]	L	0	1
Walter Portillo [US]	Joshua Griffith [US]	T	1	2
Walter Portillo [US]	Emerson Kurjakovic [US]	L	1	3
Walter Portillo [US]	James Thiel [US]	L	1	4
Walter Portillo [US]	Stephen McClain [US]	W	4	5
Walter Portillo [US]	Anthony Richards [US]	W	7	6
Walter Portillo [US]	Connor Simpson [US]	T	8	7
Walter Portillo [US]	David Stressman [US]	W	11	8
Walter Portillo [US]	**VIP34 Dallas White [US]	L	11	9
Logan Peterson [US]	Regis Bellemare [CA]	W	3	1
Logan Peterson [US]	Elliot Muskat [US]	T	4	2
Logan Peterson [US]	Isaiah Bradner [US]	L	4	3
Logan Peterson [US]	Christopher VanBrunt [US]	L	4	4
Logan Peterson [US]	Jim Squires [US]	T	5	5
Logan Peterson [US]	Brian Dougherty [US]	W	8	6
Logan Peterson [US]	Terry anayan [CA]	W	11	7
Logan Peterson [US]	Mike Hines [US]	L	11	8
Logan Peterson [US]	Jihoon Youn [US]	L	11	9
Regis Bellemare [CA]	Logan Peterson [US]	L	0	1
Regis Bellemare [CA]	Victoria Barry [US]	T	1	2
Regis Bellemare [CA]	Andre Conroy [US]	W	4	3
Regis Bellemare [CA]	Patrick Rampton [US]	W	7	4
Regis Bellemare [CA]	Andrew Mease [US]	W	10	5
Regis Bellemare [CA]	Jonathan Bergman [US]	T	11	6
Regis Bellemare [CA]	Ralph Manahan [CA]	L	11	7
Regis Bellemare [CA]	Brandon House [US]	L	11	8
Regis Bellemare [CA]	Dakota McMurray [US]	L	11	9
Matt Ronnenberg [US]	Jihoon Youn [US]	W	3	1
Matt Ronnenberg [US]	Jeffrey Honea [US]	T	4	2
Matt Ronnenberg [US]	Scott Zelenak [US]	T	5	3
Matt Ronnenberg [US]	Alex Raymond [US]	L	5	4
Matt Ronnenberg [US]	Greg Kerien [US]	L	5	5
Matt Ronnenberg [US]	Kyle Salzman [US]	L	5	6
Matt Ronnenberg [US]	Greg Wills [US]	W	8	7
Matt Ronnenberg [US]	Ryan Bowman [US]	L	8	8
Matt Ronnenberg [US]	Nick Forte [US]	W	11	9
Joseph Esten [US]	Nick Novak [US]	W	3	1
Joseph Esten [US]	Patrick Scharff [US]	T	4	2
Joseph Esten [US]	Jessica Rowland [US]	T	5	3
Joseph Esten [US]	Liam Halliburton [US]	L	5	4
Joseph Esten [US]	Emerson Kurjakovic [US]	W	8	5
Joseph Esten [US]	Joseph Young [US]	W	11	6
Joseph Esten [US]	Alec Geissler [US]	L	11	7
Joseph Esten [US]	John Mostowy [US]	L	11	8
Joseph Esten [US]	Bryson Cliggett [US]	L	11	9
Fayez Syed [US]	Trevor Stier [US]	T	1	1
Fayez Syed [US]	Guy Bennett [US]	L	1	2
Fayez Syed [US]	Jaylen Jackson [US]	W	4	3
Fayez Syed [US]	Trevor Van Dyke [US]	T	5	4
Fayez Syed [US]	Diane Schemanske [US]	L	5	5
Fayez Syed [US]	Owen Robinson [US]	L	5	6
Fayez Syed [US]	James Thompson [US]	L	5	7
Fayez Syed [US]	Vincent Ruiz` [US]	W	8	8
Fayez Syed [US]	Scott Trexler [US]	W	11	9
Garry breech [US]	Samantha HoangLong [US]	W	3	1
Garry breech [US]	Cameron Johnson [US]	W	6	2
Garry breech [US]	Victor Aung [US]	L	6	3
Garry breech [US]	Zachary Cooper [US]	L	6	4
Garry breech [US]	Austin Faulk [US]	W	9	5
Garry breech [US]	Joe Turrentine [US]	L	9	6
Garry breech [US]	Maxwell Bishop [US]	L	9	7
Garry breech [US]	Zachary Muller [US]	T	10	8
Garry breech [US]	Mikela Gassert [US]	T	11	9
Henry Charnock [US]	Isaiah Marks [US]	T	1	1
Henry Charnock [US]	Eric Schwartzmier [US]	L	1	2
Henry Charnock [US]	Pedro Hernandez [US]	L	1	3
Henry Charnock [US]	Scott Ethier [US]	W	4	4
Henry Charnock [US]	Eric Trinh [US]	L	4	5
Henry Charnock [US]	Paul Thompson [CA]	T	5	6
Henry Charnock [US]	Jorge Arteaga [US]	W	8	7
Henry Charnock [US]	Brady Hooker [US]	L	8	8
Henry Charnock [US]	Justin Dunmire [US]	W	11	9
Max DaSilva [US]	Andrew Salley [US]	L	0	1
Max DaSilva [US]	Nikkolas Paserba [US]	L	0	2
Max DaSilva [US]	Leslie McCartney [US]	W	3	3
Max DaSilva [US]	Dave Abt [US]	W	6	4
Max DaSilva [US]	Sean Boerm [US]	W	9	5
Max DaSilva [US]	Chris Barry [US]	L	9	6
Max DaSilva [US]	Dakota McMurray [US]	T	10	7
Max DaSilva [US]	Jean Rivera [US]	L	10	8
Max DaSilva [US]	Pedro Estrada [US]	T	11	9
Christopher Carrier [US]	David Wilber Jr [US]	T	1	1
Christopher Carrier [US]	Sachit Soni [US]	L	1	2
Christopher Carrier [US]	Pierce Langley [US]	T	2	3
Christopher Carrier [US]	Tony Quach [US]	W	5	4
Christopher Carrier [US]	Trevor Stier [US]	W	8	5
Christopher Carrier [US]	**VIP31 Joseph Sumner [US]	L	8	6
Christopher Carrier [US]	ulises perez [US]	L	8	7
Christopher Carrier [US]	Mauricio Patino [US]	W	11	8
Christopher Carrier [US]	Edgar Gomez [US]	L	11	9
Matthew Kirk [US]	David Ceculski [US]	L	0	1
Matthew Kirk [US]	Kyle Lesniewicz [US]	L	0	2
Matthew Kirk [US]	Melanie Springer [US]	T	1	3
Matthew Kirk [US]	Robert Carter [US]	W	4	4
Matthew Kirk [US]	Kiefer Brown [CA]	W	7	5
Matthew Kirk [US]	Emmet Hurley [US]	L	7	6
Matthew Kirk [US]	Michael Laundrie [US]	L	7	7
Matthew Kirk [US]	alexys rodriguez [US]	T	8	8
Matthew Kirk [US]	Anthony Bruno [US]	W	11	9
Pedro Estrada [US]	Angelo toscano [US]	L	0	1
Pedro Estrada [US]	Jake Gallagher [US]	W	3	2
Pedro Estrada [US]	Eddie North [US]	L	3	3
Pedro Estrada [US]	Michael Marino [US]	L	3	4
Pedro Estrada [US]	Jerry Sheng [US]	T	4	5
Pedro Estrada [US]	Zachary Sipling [US]	W	7	6
Pedro Estrada [US]	Sean Jackson [US]	L	7	7
Pedro Estrada [US]	Ricardo Romero [MX]	W	10	8
Pedro Estrada [US]	Max DaSilva [US]	T	11	9
Jake Skurchak [US]	Andrew Hedrick [US]	L	0	1
Jake Skurchak [US]	Anthony Allmond [US]	L	0	2
Jake Skurchak [US]	Casey Atkins [US]	W	3	3
Jake Skurchak [US]	Jonathan Cooper [US]	T	4	4
Jake Skurchak [US]	Thomas Veazie [US]	L	4	5
Jake Skurchak [US]	Gregory Fortier [CA]	W	7	6
Jake Skurchak [US]	Jeremy Waxman [US]	T	8	7
Jake Skurchak [US]	Gabriel Cruz [US]	W	11	8
Jake Skurchak [US]	Joshua Everly [US]	L	11	9
Christine Dong [US]	Chris Knudsvig [US]	W	3	1
Christine Dong [US]	Emily Wierzba [US]	T	4	2
Christine Dong [US]	Kevin Williams [US]	L	4	3
Christine Dong [US]	Jonathan Acosta [US]	L	4	4
Christine Dong [US]	Bradley Wantz [US]	L	4	5
Christine Dong [US]	Timothy Thomas [US]	W	7	6
Christine Dong [US]	Erick Mauricio [US]	W	10	7
Christine Dong [US]	Nathan Potter [US]	L	10	8
Christine Dong [US]	Josh Maurer [US]	T	11	9
Hunter North [CA]	James Wilson [US]	T	1	1
Hunter North [CA]	William Paquette [US]	T	2	2
Hunter North [CA]	Dalton Heim [US]	L	2	3
Hunter North [CA]	James Thompson [US]	W	5	4
Hunter North [CA]	Mike Hines [US]	L	5	5
Hunter North [CA]	Paul Scheetz [US]	W	8	6
Hunter North [CA]	Edwin Cohetero	L	8	7
Hunter North [CA]	Scott Trexler [US]	W	11	8
Hunter North [CA]	Daniel Fappiano [US]	L	11	9
Ricardo Lasalle Barreto [US]	Carl Drake [US]	W	3	1
Ricardo Lasalle Barreto [US]	James Riggs [US]	T	4	2
Ricardo Lasalle Barreto [US]	Dominic Arana [US]	W	7	3
Ricardo Lasalle Barreto [US]	Brooke English [US]	L	7	4
Ricardo Lasalle Barreto [US]	Nicholas Moses [US]	L	7	5
Ricardo Lasalle Barreto [US]	Josh Maurer [US]	L	7	6
Ricardo Lasalle Barreto [US]	Nate Orr [US]	L	7	7
Ricardo Lasalle Barreto [US]	Samuel Scime [CA]	W	10	8
Ricardo Lasalle Barreto [US]	Katlyn Custer [US]	T	11	9
Katlyn Custer [US]	Jashua Robles [US]	L	0	1
Katlyn Custer [US]	siming qian [US]	L	0	2
Katlyn Custer [US]	Zach Norman [US]	W	3	3
Katlyn Custer [US]	Joe Ward [US]	W	6	4
Katlyn Custer [US]	Jessica Burden-Cheresna [CA]	L	6	5
Katlyn Custer [US]	Wojtek Gronek [CA]	L	6	6
Katlyn Custer [US]	Adam Emerson [US]	T	7	7
Katlyn Custer [US]	Paul DeJesus [US]	W	10	8
Katlyn Custer [US]	Ricardo Lasalle Barreto [US]	T	11	9
James Coyle [US]	Alana Watanabe [US]	W	3	1
James Coyle [US]	Brandon Strong [US]	T	4	2
James Coyle [US]	riyad mechel [CA]	L	4	3
James Coyle [US]	Bailey Cleavenger [US]	L	4	4
James Coyle [US]	Eddy Morales-Bailey [US]	W	7	5
James Coyle [US]	Shawn Cardella [US]	L	7	6
James Coyle [US]	Javier Skwara [US]	T	8	7
James Coyle [US]	Greg Kerien [US]	L	8	8
James Coyle [US]	Michael Kiser [US]	W	11	9
Jihoon Youn [US]	Matt Ronnenberg [US]	L	0	1
Jihoon Youn [US]	Andrew Haga [US]	L	0	2
Jihoon Youn [US]	Beckham Barnett [US]	W	3	3
Jihoon Youn [US]	Nicholas Bernardo [US]	T	4	4
Jihoon Youn [US]	Jennifer Perez [US]	W	7	5
Jihoon Youn [US]	**VIP23 Link Maynard [US]	T	8	6
Jihoon Youn [US]	Steven Axtell [US]	W	11	7
Jihoon Youn [US]	Zach Laska [US]	L	11	8
Jihoon Youn [US]	Logan Peterson [US]	L	11	9
Samantha HoangLong [US]	Garry breech [US]	L	0	1
Samantha HoangLong [US]	Josh Harper [US]	L	0	2
Samantha HoangLong [US]	Ryan Smith [US]	W	3	3
Samantha HoangLong [US]	Ivan Martinez [MX]	W	6	4
Samantha HoangLong [US]	Kenny Ngo [US]	L	6	5
Samantha HoangLong [US]	Logan Forsythe [US]	T	7	6
Samantha HoangLong [US]	Josh Lemon [US]	W	10	7
Samantha HoangLong [US]	David Ceculski [US]	L	10	8
Samantha HoangLong [US]	Nathan Spencer [US]	T	11	9
Mikela Gassert [US]	Tyler Holland [US]	L	0	1
Mikela Gassert [US]	Kyle Rios [US]	L	0	2
Mikela Gassert [US]	Tanner Bilbrey [US]	W	3	3
Mikela Gassert [US]	Kaylee Durham [US]	L	3	4
Mikela Gassert [US]	Nathan Zondlo [US]	W	6	5
Mikela Gassert [US]	Elgar Benavides [US]	W	9	6
Mikela Gassert [US]	Trevor Van Dyke [US]	T	10	7
Mikela Gassert [US]	Kevin Garcia [US]	L	10	8
Mikela Gassert [US]	Garry breech [US]	T	11	9
Jonathan Connell [US]	Anthony Saia [US]	L	0	1
Jonathan Connell [US]	**VIP24 Rocco Miller [US]	T	1	2
Jonathan Connell [US]	Kevin Johns [US]	T	2	3
Jonathan Connell [US]	Nicholas Hughes [US]	W	5	4
Jonathan Connell [US]	George Gebhardt [US]	L	5	5
Jonathan Connell [US]	John Martin [US]	W	8	6
Jonathan Connell [US]	Hubert Lin [US]	L	8	7
Jonathan Connell [US]	Nick Forte [US]	W	11	8
Jonathan Connell [US]	Addie Ward [US]	L	11	9
Jorge Arteaga [US]	Ryan Smith [US]	W	3	1
Jorge Arteaga [US]	Sean Munn [US]	L	3	2
Jorge Arteaga [US]	MIchael Bartlam [US]	L	3	3
Jorge Arteaga [US]	Josh Greiff [US]	T	4	4
Jorge Arteaga [US]	Joshua Everly [US]	L	4	5
Jorge Arteaga [US]	Robbie Brock [US]	T	5	6
Jorge Arteaga [US]	Henry Charnock [US]	L	5	7
Jorge Arteaga [US]	Brian Dougherty [US]	W	8	8
Jorge Arteaga [US]	Jarek Mead [US]	W	11	9
Brianna Velliquette [US]	Dylan Gunn [US]	L	0	1
Brianna Velliquette [US]	Saviere Stevens [US]	L	0	2
Brianna Velliquette [US]	Nolan Belcher [US]	W	3	3
Brianna Velliquette [US]	Jacob Sisco [US]	L	3	4
Brianna Velliquette [US]	Christian Villarosa [US]	T	4	5
Brianna Velliquette [US]	Thomas Happel [US]	L	4	6
Brianna Velliquette [US]	Bill Clark [US]	W	7	7
Brianna Velliquette [US]	Casey Blatchford [US]	W	10	8
Brianna Velliquette [US]	Isaac Chance [US]	T	11	9
alexys rodriguez [US]	Petar Luketina [US]	L	0	1
alexys rodriguez [US]	Grant Shen [US]	L	0	2
alexys rodriguez [US]	Doug Johnson [US]	W	3	3
alexys rodriguez [US]	Gabriel Reyes [US]	W	6	4
alexys rodriguez [US]	Leandro Cortez [US]	L	6	5
alexys rodriguez [US]	Gregory Tschann [US]	L	6	6
alexys rodriguez [US]	Nathan Trybus [US]	T	7	7
alexys rodriguez [US]	Matthew Kirk [US]	T	8	8
alexys rodriguez [US]	Jacob Angelo [US]	W	11	9
Nicholas Mileo [US]	Dominick Ciampi [US]	L	0	1
Nicholas Mileo [US]	Jay Gelunas [US]	W	3	2
Nicholas Mileo [US]	David Pack [US]	L	3	3
Nicholas Mileo [US]	Brandon Gilbert [US]	W	6	4
Nicholas Mileo [US]	Brandon Allen [US]	L	6	5
Nicholas Mileo [US]	Kyle Rios [US]	T	7	6
Nicholas Mileo [US]	Hal Johnston [US]	T	8	7
Nicholas Mileo [US]	**VIP20 Zack Henry [US]	W	11	8
Nicholas Mileo [US]	Michael Meal [CA]	L	11	9
Connor Simpson [US]	Iyla Sutherland [US]	L	0	1
Connor Simpson [US]	Juan Chao [US]	L	0	2
Connor Simpson [US]	Collin Ray [US]	W	3	3
Connor Simpson [US]	Anthony Nimmons [US]	L	3	4
Connor Simpson [US]	Casey Atkins [US]	W	6	5
Connor Simpson [US]	Braidery Camacho [US]	T	7	6
Connor Simpson [US]	Walter Portillo [US]	T	8	7
Connor Simpson [US]	Javier Skwara [US]	W	11	8
Connor Simpson [US]	Mason Hans [US]	L	11	9
alfredo manzanares [US]	Macauley Simmons [US]	W	3	1
alfredo manzanares [US]	Robert Akey [US]	L	3	2
alfredo manzanares [US]	Chris Schmidt [US]	L	3	3
alfredo manzanares [US]	Sean Hipp [US]	L	3	4
alfredo manzanares [US]	Juan Chao [US]	T	4	5
alfredo manzanares [US]	Basim Elgohary [US]	T	5	6
alfredo manzanares [US]	Christian Galvan [US]	L	5	7
alfredo manzanares [US]	Carter Eardley [US]	W	8	8
alfredo manzanares [US]	Dora Thilmony [US]	W	11	9
Alfonso Vallejo [US]	Rachel Conroy [US]	W	3	1
Alfonso Vallejo [US]	Aaron Hickok [US]	L	3	2
Alfonso Vallejo [US]	Brian Gonzalez [US]	L	3	3
Alfonso Vallejo [US]	Christopher Antrim [US]	L	3	4
Alfonso Vallejo [US]	Patrick Earnest [US]	T	4	5
Alfonso Vallejo [US]	Jonathan Patterson [US]	T	5	6
Alfonso Vallejo [US]	Brady Hooker [US]	L	5	7
Alfonso Vallejo [US]	Greg Wills [US]	W	8	8
Alfonso Vallejo [US]	Ethan DeHaven [US]	W	11	9
Christopher Smith [US]	Zachary Cooper [US]	L	0	1
Christopher Smith [US]	Muhamed Palatinus [CA]	W	3	2
Christopher Smith [US]	Onassis Porto [US]	T	4	3
Christopher Smith [US]	Sai Pamulapati [US]	T	5	4
Christopher Smith [US]	Brenden Littlefield [US]	L	5	5
Christopher Smith [US]	Jeremy James [US]	L	5	6
Christopher Smith [US]	Scott Trexler [US]	L	5	7
Christopher Smith [US]	Jake Roblez [US]	W	8	8
Christopher Smith [US]	Jeffrey Lang [US]	W	11	9
Thomas Hennessy [US]	Jason Burch [US]	L	0	1
Thomas Hennessy [US]	Sam Rindal [US]	L	0	2
Thomas Hennessy [US]	Ian Hunter [US]	L	0	3
Thomas Hennessy [US]	Amanda Chesney [US]	T	1	4
Thomas Hennessy [US]	Arsenio Melendez [US]	W	4	5
Thomas Hennessy [US]	Brandon Strong [US]	L	4	6
Thomas Hennessy [US]	Dylan McKinney [US]	W	7	7
Thomas Hennessy [US]	Justin Dunmire [US]	T	8	8
Thomas Hennessy [US]	Sean Robison [US]	W	11	9
Basim Elgohary [US]	Casey Blatchford [US]	L	0	1
Basim Elgohary [US]	Samantha Truex [US]	L	0	2
Basim Elgohary [US]	Joseph Forjette [US]	T	1	3
Basim Elgohary [US]	cesar gastelbondo [CO]	L	1	4
Basim Elgohary [US]	Amanda Chesney [US]	W	4	5
Basim Elgohary [US]	alfredo manzanares [US]	T	5	6
Basim Elgohary [US]	Phoebe DePerry [US]	L	5	7
Basim Elgohary [US]	Noah White [US]	W	8	8
Basim Elgohary [US]	Joseph Smith [US]	W	11	9
Liam Halliburton [US]	Hezekiah Rich [US]	W	3	1
Liam Halliburton [US]	Justin Tse [CA]	T	4	2
Liam Halliburton [US]	Rahul Reddy [US]	T	5	3
Liam Halliburton [US]	Joseph Esten [US]	W	8	4
Liam Halliburton [US]	Andreya Dunks [US]	W	11	5
Liam Halliburton [US]	Peter Kica [US]	L	11	6
Liam Halliburton [US]	Michael Otero [US]	L	11	7
Liam Halliburton [US]	Adam Kalamat [CA]	L	11	8
Troy Campbell [US]	Wade Anderson [US]	W	3	1
Troy Campbell [US]	Aden Cunningham [US]	W	6	2
Troy Campbell [US]	Jeremie G. [US]	T	7	3
Troy Campbell [US]	Matthew Wood [CA]	W	10	4
Troy Campbell [US]	Greg Minklei [US]	T	11	5
Troy Campbell [US]	Isaiah Bradner [US]	L	11	6
Troy Campbell [US]	Alex Wilson [US]	L	11	7
Troy Campbell [US]	Sophia Becker [US]	L	11	8
Ryan Brais [US]	Bryson Hunt [CA]	W	3	1
Ryan Brais [US]	Gabriel Cruz [US]	T	4	2
Ryan Brais [US]	Shane Kelley [US]	W	7	3
Ryan Brais [US]	Alexander Chea [US]	T	8	4
Ryan Brais [US]	Justin Teng [US]	W	11	5
Ryan Brais [US]	Ben Cryer [US]	L	11	6
Ryan Brais [US]	Brian Carroll [US]	L	11	7
Ryan Brais [US]	Aiden Toler [US]	L	11	8
Dominick Paul [US]	Mark Zamora [US]	T	1	1
Dominick Paul [US]	Edgar Gomez [US]	T	2	2
Dominick Paul [US]	Sam Macaluso [US]	W	5	3
Dominick Paul [US]	Terry anayan [CA]	W	8	4
Dominick Paul [US]	Noah Hanerland [US]	L	8	5
Dominick Paul [US]	Nick Race [US]	W	11	6
Dominick Paul [US]	**VIP31 Joseph Sumner [US]	L	11	7
Dominick Paul [US]	Jimmy O'Brien [US]	L	11	8
James Gillespie [US]	Ernesto seryey de la cruz cordova [MX]	T	1	1
James Gillespie [US]	Seth Christopher [US]	L	1	2
James Gillespie [US]	Matthew Tam [US]	W	4	3
James Gillespie [US]	Brian Dougherty [US]	W	7	4
James Gillespie [US]	Maxwell Johnson [US]	W	10	5
James Gillespie [US]	Bradley Erickson [US]	T	11	6
James Gillespie [US]	Chris Knudsvig [US]	L	11	7
James Gillespie [US]	Erik Nance [US]	L	11	8
Jeremy Waxman [US]	Daniel Moore [US]	W	3	1
Jeremy Waxman [US]	Grant Manley [US]	L	3	2
Jeremy Waxman [US]	Kraig Krueger [US]	L	3	3
Jeremy Waxman [US]	Douglas Wolf Jr [US]	T	4	4
Jeremy Waxman [US]	**VIP21 Charles Hernandez [US]	W	7	5
Jeremy Waxman [US]	Preston Alberts [US]	L	7	6
Jeremy Waxman [US]	Jake Skurchak [US]	T	8	7
Jeremy Waxman [US]	Brandon Strong [US]	W	11	8
Shane Kelley [US]	Mark Marullo [US]	T	1	1
Shane Kelley [US]	Sean Jackson [US]	W	4	2
Shane Kelley [US]	Ryan Brais [US]	L	4	3
Shane Kelley [US]	Bradley Wantz [US]	W	7	4
Shane Kelley [US]	Dylan Cassidy [US]	T	8	5
Shane Kelley [US]	Yehoshua Tate [US]	W	11	6
Shane Kelley [US]	Kenneth Mauder [US]	L	11	7
Shane Kelley [US]	Justin Lambert [US]	L	11	8
Brandon Lane [US]	Tord Reklev [NO]	L	0	1
Brandon Lane [US]	Dora Thilmony [US]	T	1	2
Brandon Lane [US]	John Wanggaard [US]	W	4	3
Brandon Lane [US]	Emerson Kurjakovic [US]	T	5	4
Brandon Lane [US]	Austin Knowles [US]	W	8	5
Brandon Lane [US]	Hugh McMurray [US]	W	11	6
Brandon Lane [US]	Jackson Ford [CA]	L	11	7
Brandon Lane [US]	Fernando Calderon Jr [US]	L	11	8
Ryan Mayer [US]	Dalton Heim [US]	T	1	1
Ryan Mayer [US]	Eric Cromer [US]	T	2	2
Ryan Mayer [US]	Sebastian Lashmet [US]	L	2	3
Ryan Mayer [US]	Ashton Waite [US]	W	5	4
Ryan Mayer [US]	Dominic Arana [US]	W	8	5
Ryan Mayer [US]	Shawn Brown [CA]	W	11	6
Ryan Mayer [US]	Tanner Drabek [US]	L	11	7
Ryan Mayer [US]	Ryan Pham [US]	L	11	8
Zach Cohen [US]	Jake Keebler [US]	T	1	1
Zach Cohen [US]	Andrew Wakefield [US]	W	4	2
Zach Cohen [US]	ray fernandez [US]	W	7	3
Zach Cohen [US]	Kevin Cruz [US]	L	7	4
Zach Cohen [US]	Hal Stewart [US]	T	8	5
Zach Cohen [US]	Raymond Long [CA]	L	8	6
Zach Cohen [US]	Rocky Barr [US]	W	11	7
Zach Cohen [US]	ulises perez [US]	L	11	8
Dan Whitman [US]	Austin Davis [US]	L	0	1
Dan Whitman [US]	**VIP27 Dean Parkin [US]	W	3	2
Dan Whitman [US]	Josh Owens [US]	L	3	3
Dan Whitman [US]	Kyle Parent [US]	W	6	4
Dan Whitman [US]	Millan Patel [US]	T	7	5
Dan Whitman [US]	VaJuan Felix [US]	T	8	6
Dan Whitman [US]	Brodee McCoy [US]	W	11	7
Dan Whitman [US]	Tate Whitesell [US]	L	11	8
Alexander Rodriguez [US]	Alec Noah [US]	W	3	1
Alexander Rodriguez [US]	Christian Kennedy [US]	T	4	2
Alexander Rodriguez [US]	Noah Hanerland [US]	T	5	3
Alexander Rodriguez [US]	Rahul Reddy [US]	L	5	4
Alexander Rodriguez [US]	Alexander Greslick [US]	W	8	5
Alexander Rodriguez [US]	Armaan Pahwa [US]	W	11	6
Alexander Rodriguez [US]	Justin Doney [US]	L	11	7
Jarrod Ellis [US]	Jeffrey Heim [US]	W	3	1
Jarrod Ellis [US]	Jake Ewart [US]	T	4	2
Jarrod Ellis [US]	Shena Lavespere [US]	W	7	3
Jarrod Ellis [US]	Robert Weidman [US]	T	8	4
Jarrod Ellis [US]	Ben Cryer [US]	L	8	5
Jarrod Ellis [US]	Ethan DeHaven [US]	W	11	6
Jarrod Ellis [US]	Jeremiah Schmutz [US]	L	11	7
Matt Bubp [US]	Zach Norman [US]	W	3	1
Matt Bubp [US]	Michael Zheng [US]	L	3	2
Matt Bubp [US]	Adinson Hiraldo [DO]	T	4	3
Matt Bubp [US]	Eddy Morales-Bailey [US]	W	7	4
Matt Bubp [US]	Joey Jordan [US]	W	10	5
Matt Bubp [US]	Justin Brothers [US]	L	10	6
Matt Bubp [US]	Jimmy O'Brien [US]	T	11	7
Sam Macaluso [US]	José Torres [US]	T	1	1
Sam Macaluso [US]	J-F Guimond [CA]	T	2	2
Sam Macaluso [US]	Dominick Paul [US]	L	2	3
Sam Macaluso [US]	Evan Bennett [US]	W	5	4
Sam Macaluso [US]	Christian Hamby [US]	W	8	5
Sam Macaluso [US]	Nathan Guffey [US]	W	11	6
Sam Macaluso [US]	George Gebhardt [US]	L	11	7
Rob Stephens [US]	Thai Truong [US]	L	0	1
Rob Stephens [US]	Corey Kane [US]	W	3	2
Rob Stephens [US]	Jennifer Perez [US]	T	4	3
Rob Stephens [US]	Chris martens [US]	W	7	4
Rob Stephens [US]	Matthew Upton [US]	W	10	5
Rob Stephens [US]	Ezequiel Moreno [US]	T	11	6
Rob Stephens [US]	Juan Mora [US]	L	11	7
Louis Tighe [US]	Ryan Bowman [US]	L	0	1
Louis Tighe [US]	Jeffrey Heim [US]	T	1	2
Louis Tighe [US]	Mark Marullo [US]	W	4	3
Louis Tighe [US]	Greyson Snyder [US]	W	7	4
Louis Tighe [US]	Damian Schell [US]	T	8	5
Louis Tighe [US]	John Mostowy [US]	W	11	6
Louis Tighe [US]	Izaiah Santiago [US]	L	11	7
Josh Harper [US]	Tristan Lackey [US]	L	0	1
Josh Harper [US]	Samantha HoangLong [US]	W	3	2
Josh Harper [US]	Bryan Bush [US]	L	3	3
Josh Harper [US]	Nikkolas Paserba [US]	W	6	4
Josh Harper [US]	PJ Witusik [US]	W	9	5
Josh Harper [US]	Carlos Lugo [US]	T	10	6
Josh Harper [US]	Chris Schmidt [US]	T	11	7
Clayton Pennington [US]	Sam Chen [US]	L	0	1
Clayton Pennington [US]	Kevin Johns [US]	T	1	2
Clayton Pennington [US]	jared lacko [US]	W	4	3
Clayton Pennington [US]	Jeremy James [US]	T	5	4
Clayton Pennington [US]	Andrew Reinhardt [US]	W	8	5
Clayton Pennington [US]	Matthew Novak [US]	W	11	6
Clayton Pennington [US]	Niko Sanville [US]	L	11	7
Sarah Reischmann [US]	Chelsea Christy [US]	W	3	1
Sarah Reischmann [US]	Braidery Camacho [US]	W	6	2
Sarah Reischmann [US]	David Lugo [US]	L	6	3
Sarah Reischmann [US]	David Pack [US]	W	9	4
Sarah Reischmann [US]	Justin Bean [US]	T	10	5
Sarah Reischmann [US]	Russell Monteiro [US]	T	11	6
Michael Ginchereau [US]	Jonathan Zielenski [US]	W	3	1
Michael Ginchereau [US]	Alex Fusco [US]	T	4	2
Michael Ginchereau [US]	Thomas Pishock [US]	W	7	3
Michael Ginchereau [US]	Andrew Wu [US]	L	7	4
Michael Ginchereau [US]	Ryan Pham [US]	W	10	5
Michael Ginchereau [US]	Kamil Colatosti [CA]	L	10	6
Michael Ginchereau [US]	Richard Freire [US]	L	10	7
Michael Ginchereau [US]	Trevor Van Dyke [US]	L	10	8
Michael Ginchereau [US]	Adam Emerson [US]	L	10	9
Chazz Castaneda [US]	Devin Morrow [US]	W	3	1
Chazz Castaneda [US]	Christopher Wigelsworth [US]	W	6	2
Chazz Castaneda [US]	Carlos Artze [US]	L	6	3
Chazz Castaneda [US]	Jared Colbert [US]	W	9	4
Chazz Castaneda [US]	Charlie Kerr [US]	L	9	5
Chazz Castaneda [US]	Joshua Bickel [US]	L	9	6
Chazz Castaneda [US]	Josh Fuller [US]	T	10	7
Chazz Castaneda [US]	Taylor Mitchell [US]	L	10	8
Chazz Castaneda [US]	Ben Vasquez [US]	L	10	9
Chace Giusti [US]	Wyatt Palguta [US]	L	0	1
Chace Giusti [US]	Thaddeus Asel [US]	T	1	2
Chace Giusti [US]	Andrew Padron [US]	W	4	3
Chace Giusti [US]	Andrew DaSilva [US]	W	7	4
Chace Giusti [US]	Jacob Noel [US]	W	10	5
Chace Giusti [US]	Jonathan Twigg [US]	L	10	6
Chace Giusti [US]	Anthony Balko [US]	L	10	7
Chace Giusti [US]	John Perez [US]	L	10	8
Chace Giusti [US]	Andrew Nunez [US]	L	10	9
Braeden Wentling [US]	Shehwaz Rassiwalla [US]	W	3	1
Braeden Wentling [US]	Midori Kawaue [US]	T	4	2
Braeden Wentling [US]	McKinley Freeman [US]	L	4	3
Braeden Wentling [US]	Ezi Tran [US]	W	7	4
Braeden Wentling [US]	**VIP16 Oziel Cuellar [US]	L	7	5
Braeden Wentling [US]	Kristopher Gerald	L	7	6
Braeden Wentling [US]	Byron Breckenridge [US]	W	10	7
Braeden Wentling [US]	James Thiel [US]	L	10	8
Braeden Wentling [US]	Austin Myers [US]	L	10	9
Kieran Inch [US]	Jacob Sisco [US]	W	3	1
Kieran Inch [US]	Conner Truitt [US]	T	4	2
Kieran Inch [US]	Brock Robertson [US]	T	5	3
Kieran Inch [US]	Noah Hanerland [US]	L	5	4
Kieran Inch [US]	Jose Zelaya [US]	W	8	5
Kieran Inch [US]	Brian Kondor [US]	T	9	6
Kieran Inch [US]	Tristan Batman Macek [US]	L	9	7
Kieran Inch [US]	Nathan Spencer [US]	T	10	8
Kieran Inch [US]	Keller Hawkins [US]	L	10	9
Elliot Muskat [US]	Anthony Guevara [US]	W	3	1
Elliot Muskat [US]	Logan Peterson [US]	T	4	2
Elliot Muskat [US]	Emmi Stonier [US]	T	5	3
Elliot Muskat [US]	Brian Peavy [US]	T	6	4
Elliot Muskat [US]	Cole Rosario [US]	W	9	5
Elliot Muskat [US]	Kyle Caruthers [US]	T	10	6
Elliot Muskat [US]	Carlos Lugo [US]	L	10	7
Elliot Muskat [US]	Kristopher Gerald	L	10	8
Elliot Muskat [US]	David Lugo [US]	L	10	9
jean pierre fortin [US]	Peter Kica [US]	T	1	1
jean pierre fortin [US]	Justin Dunmire [US]	W	4	2
jean pierre fortin [US]	Adrian Lopez [US]	W	7	3
jean pierre fortin [US]	Sean Medeiros [US]	W	10	4
jean pierre fortin [US]	Luke Paul [US]	L	10	5
jean pierre fortin [US]	Ming Weng [US]	L	10	6
jean pierre fortin [US]	Stefan Bechler [CA]	L	10	7
jean pierre fortin [US]	Justin Turner [US]	L	10	8
jean pierre fortin [US]	Joey Gayda [US]	L	10	9
Alexane Bellemare [CA]	Josh Owens [US]	L	0	1
Alexane Bellemare [CA]	Arthur Cooke [US]	T	1	2
Alexane Bellemare [CA]	Jonathan Nutter [US]	W	4	3
Alexane Bellemare [CA]	Jonathan Valenzuela [US]	W	7	4
Alexane Bellemare [CA]	Andrew Dombroski [US]	L	7	5
Alexane Bellemare [CA]	Christopher VanBrunt [US]	W	10	6
Alexane Bellemare [CA]	Thomas Veazie [US]	L	10	7
Alexane Bellemare [CA]	Christopher Regan [US]	L	10	8
Alexane Bellemare [CA]	Abery Ohayon [US]	L	10	9
Summer Plesko [US]	Matthew Novak [US]	T	1	1
Summer Plesko [US]	William Timmermeyer [US]	L	1	2
Summer Plesko [US]	Joshua Gunn [US]	W	4	3
Summer Plesko [US]	Aidan Cioppa [US]	L	4	4
Summer Plesko [US]	Breon Wilson [US]	W	7	5
Summer Plesko [US]	Maxwell Johnson [US]	W	10	6
Summer Plesko [US]	Calvin Chang [US]	L	10	7
Summer Plesko [US]	Nikita Matyukov [US]	L	10	8
Summer Plesko [US]	Ryan Silva [US]	L	10	9
Nathan Flanders [CA]	Joshua Cambri [US]	W	3	1
Nathan Flanders [CA]	Andres David Torres [CO]	L	3	2
Nathan Flanders [CA]	Josh Greiff [US]	W	6	3
Nathan Flanders [CA]	Zach Lowman [US]	T	7	4
Nathan Flanders [CA]	Sackett Brehmer [US]	L	7	5
Nathan Flanders [CA]	Tom Hellkamp [US]	L	7	6
Nathan Flanders [CA]	John Mostowy [US]	L	7	7
Nathan Flanders [CA]	Tenchi Starr [US]	W	10	8
Nathan Flanders [CA]	Jack Rindal [US]	L	10	9
Stephen Whitledge [US]	Jessica Blackwell [US]	T	1	1
Stephen Whitledge [US]	Ramon Morales [US]	T	2	2
Stephen Whitledge [US]	Simon Copenhaver [US]	T	3	3
Stephen Whitledge [US]	Timothy Luke [US]	W	6	4
Stephen Whitledge [US]	Christopher Antrim [US]	W	9	5
Stephen Whitledge [US]	Nathan Newton [US]	T	10	6
Stephen Whitledge [US]	Justin Tse [CA]	L	10	7
Stephen Whitledge [US]	Landon Riffle [US]	L	10	8
Stephen Whitledge [US]	Nathan Ritchie [CA]	L	10	9
Ava Cruzan [US]	Darian Spencer [US]	W	3	1
Ava Cruzan [US]	Tyler Ralston [US]	L	3	2
Ava Cruzan [US]	Damon Price [US]	L	3	3
Ava Cruzan [US]	Jason Ball [US]	W	6	4
Ava Cruzan [US]	Anthony Bulone [US]	L	6	5
Ava Cruzan [US]	Shawn Chauvin [CA]	L	6	6
Ava Cruzan [US]	Juan Vazquez [US]	W	9	7
Ava Cruzan [US]	Andrew Haga [US]	L	9	8
Ava Cruzan [US]	Ian Hunter [US]	T	10	9
Daniel Ah Tou [US]	Matthew Reed [US]	W	3	1
Daniel Ah Tou [US]	Evan Brzeczkowski [US]	L	3	2
Daniel Ah Tou [US]	Benjamin Morse [US]	W	6	3
Daniel Ah Tou [US]	Angelo Mangosing [CA]	L	6	4
Daniel Ah Tou [US]	Michael Catron [US]	L	6	5
Daniel Ah Tou [US]	Jack Shepard [US]	T	7	6
Daniel Ah Tou [US]	Chris Wilkinson [US]	L	7	7
Daniel Ah Tou [US]	Matthew Hill-Kent [CA]	W	10	8
Daniel Ah Tou [US]	Wesley Tam [CA]	L	10	9
Rachel Gaston-Pifer [US]	Joshua Dockins [US]	W	3	1
Rachel Gaston-Pifer [US]	Jesse Parker [US]	L	3	2
Rachel Gaston-Pifer [US]	Lorenzo Menendez [CA]	T	4	3
Rachel Gaston-Pifer [US]	Damian Schell [US]	L	4	4
Rachel Gaston-Pifer [US]	Jason Wang [US]	W	7	5
Rachel Gaston-Pifer [US]	Anthony Abalsamo [US]	L	7	6
Rachel Gaston-Pifer [US]	Anthony Spanitz [US]	L	7	7
Rachel Gaston-Pifer [US]	Zack Usiatynski [US]	W	10	8
Rachel Gaston-Pifer [US]	Cameron Kawasaki [US]	L	10	9
Brian Peavy [US]	Anthony Finney [US]	T	1	1
Brian Peavy [US]	Jose Zelaya [US]	T	2	2
Brian Peavy [US]	Eric Cromer [US]	W	5	3
Brian Peavy [US]	Elliot Muskat [US]	T	6	4
Brian Peavy [US]	Nairobi Gammage [US]	T	7	5
Brian Peavy [US]	Anthony Spanitz [US]	W	10	6
Brian Peavy [US]	Tom Hellkamp [US]	L	10	7
Brian Peavy [US]	Kevin Qi [US]	L	10	8
Brian Peavy [US]	Jeremy Allen [US]	L	10	9
Jessica Burden-Cheresna [CA]	William Heffernan [US]	W	3	1
Jessica Burden-Cheresna [CA]	Carlos Artze [US]	L	3	2
Jessica Burden-Cheresna [CA]	Dennis Peroff [CA]	L	3	3
Jessica Burden-Cheresna [CA]	Caden Styche [US]	W	6	4
Jessica Burden-Cheresna [CA]	Katlyn Custer [US]	W	9	5
Jessica Burden-Cheresna [CA]	Rosh Patel [US]	T	10	6
Jessica Burden-Cheresna [CA]	Iyla Sutherland [US]	L	10	7
Jessica Burden-Cheresna [CA]	Donny McCoy [US]	L	10	8
Jessica Burden-Cheresna [CA]	Steven Mihalson [US]	L	10	9
Anthony Abalsamo [US]	justin jenkins [US]	W	3	1
Anthony Abalsamo [US]	Jacob Howard [US]	L	3	2
Anthony Abalsamo [US]	Virginia Schmidt [US]	W	6	3
Anthony Abalsamo [US]	Chris Schmidt [US]	T	7	4
Anthony Abalsamo [US]	Gina Padron [US]	L	7	5
Anthony Abalsamo [US]	Rachel Gaston-Pifer [US]	W	10	6
Anthony Abalsamo [US]	Mateo Arboleda [EC]	L	10	7
Anthony Abalsamo [US]	Asher Campbell [US]	L	10	8
Anthony Abalsamo [US]	Kenrry Alvarado [US]	L	10	9
Ricardo Quintanilla [US]	Daniel Rao [CA]	L	0	1
Ricardo Quintanilla [US]	Hang Yu Lin [CA]	W	3	2
Ricardo Quintanilla [US]	Joseph Young [US]	T	4	3
Ricardo Quintanilla [US]	Kiefer Brown [CA]	W	7	4
Ricardo Quintanilla [US]	SETH RAMOS [US]	W	10	5
Ricardo Quintanilla [US]	Grayson Jones [US]	L	10	6
Ricardo Quintanilla [US]	Anthony Giler [US]	L	10	7
Ricardo Quintanilla [US]	Paul Semanco [US]	L	10	8
Ricardo Quintanilla [US]	J Garrison [US]	L	10	9
Joseph Cajas [US]	Kevin Johns [US]	W	3	1
Joseph Cajas [US]	Erik Nance [US]	T	4	2
Joseph Cajas [US]	Joe Sturino [US]	L	4	3
Joseph Cajas [US]	Samantha Truex [US]	W	7	4
Joseph Cajas [US]	Dan Ricci [US]	L	7	5
Joseph Cajas [US]	Arjun Khadse [US]	L	7	6
Joseph Cajas [US]	Tito Gonzalez [US]	L	7	7
Joseph Cajas [US]	Stephen McClain [US]	L	7	8
Joseph Cajas [US]	Michael Kuchinsky [US]	W	10	9
Josh Marking [US]	Wayne Trader [US]	W	3	1
Josh Marking [US]	Luna Dunham [US]	L	3	2
Josh Marking [US]	Matthew Blatnick [US]	W	6	3
Josh Marking [US]	Zachary Heeter [US]	T	7	4
Josh Marking [US]	David Lugo [US]	L	7	5
Josh Marking [US]	Steven Lavoie [US]	L	7	6
Josh Marking [US]	Bradley Wantz [US]	L	7	7
Josh Marking [US]	Jaydon Do [CA]	L	7	8
Josh Marking [US]	Logan Nelson [US]	W	10	9
Anthony Spanitz [US]	Matt Stachewicz [US]	W	3	1
Anthony Spanitz [US]	Samuel Gijanto [US]	T	4	2
Anthony Spanitz [US]	Jake Keebler [US]	W	7	3
Anthony Spanitz [US]	Jim O’Heron [US]	L	7	4
Anthony Spanitz [US]	Nathan Potter [US]	L	7	5
Anthony Spanitz [US]	Brian Peavy [US]	L	7	6
Anthony Spanitz [US]	Rachel Gaston-Pifer [US]	W	10	7
Anthony Spanitz [US]	Justin Bean [US]	L	10	8
Anthony Spanitz [US]	Jonathan Crump [US]	L	10	9
Millan Patel [US]	Juniper Ogee [US]	W	3	1
Millan Patel [US]	George Burdine [US]	L	3	2
Millan Patel [US]	Christopher Antrim [US]	W	6	3
Millan Patel [US]	Adam Beavers [US]	L	6	4
Millan Patel [US]	Dan Whitman [US]	T	7	5
Millan Patel [US]	Andrew Mease [US]	L	7	6
Millan Patel [US]	**VIP24 Rocco Miller [US]	W	10	7
Millan Patel [US]	Greyson Snyder [US]	L	10	8
Millan Patel [US]	Collins Eckard [US]	L	10	9
Dominic Zottoli [US]	Alexandre Ouellette [CA]	W	3	1
Dominic Zottoli [US]	Joshua Scott [US]	W	6	2
Dominic Zottoli [US]	Alex Schemanske [US]	L	6	3
Dominic Zottoli [US]	joshua daily [US]	L	6	4
Dominic Zottoli [US]	Savannah Wells [US]	L	6	5
Dominic Zottoli [US]	Nikkolas Paserba [US]	L	6	6
Dominic Zottoli [US]	Elgar Benavides [US]	W	9	7
Dominic Zottoli [US]	Eric Cromer [US]	L	9	8
Dominic Zottoli [US]	Caden Styche [US]	T	10	9
Matthew Keyes [US]	Scott Keller [US]	T	1	1
Matthew Keyes [US]	Jake Keebler [US]	L	1	2
Matthew Keyes [US]	Joshua Griffith [US]	W	4	3
Matthew Keyes [US]	Cody Torres [US]	W	7	4
Matthew Keyes [US]	**VIP26 Fred Neilan [US]	L	7	5
Matthew Keyes [US]	Karl Alvarez [US]	L	7	6
Matthew Keyes [US]	Braidery Camacho [US]	W	10	7
Matthew Keyes [US]	Jason Wang [US]	L	10	8
Matthew Keyes [US]	Randall Coberly [US]	L	10	9
Simon Copenhaver [US]	Sean Robison [US]	T	1	1
Simon Copenhaver [US]	Jonathan Ruff [US]	T	2	2
Simon Copenhaver [US]	Stephen Whitledge [US]	T	3	3
Simon Copenhaver [US]	Thad Weyand [US]	L	3	4
Simon Copenhaver [US]	Devin Morrow [US]	W	6	5
Simon Copenhaver [US]	Jacob Brumfield [US]	T	7	6
Simon Copenhaver [US]	Christian Villarosa [US]	W	10	7
Simon Copenhaver [US]	Chris Wilkinson [US]	L	10	8
Simon Copenhaver [US]	clayton may [US]	L	10	9
Andrew Sakauye [US]	Michael Pianka [US]	L	0	1
Andrew Sakauye [US]	Chuckie Davis [US]	W	3	2
Andrew Sakauye [US]	Nick Forte [US]	T	4	3
Andrew Sakauye [US]	Edward Khodaei [US]	L	4	4
Andrew Sakauye [US]	Michael Laundrie [US]	W	7	5
Andrew Sakauye [US]	Jeremy Pritz [CA]	L	7	6
Andrew Sakauye [US]	Tenchi Starr [US]	W	10	7
Andrew Sakauye [US]	Dryden Hawn [US]	L	10	8
Andrew Sakauye [US]	Christopher VanBrunt [US]	L	10	9
Corey Hudson [US]	David Martinez [US]	L	0	1
Corey Hudson [US]	Sarah Goldacker [US]	W	3	2
Corey Hudson [US]	Corey Dancause [US]	W	6	3
Corey Hudson [US]	Andy Hyun [US]	L	6	4
Corey Hudson [US]	MIchael Bartlam [US]	T	7	5
Corey Hudson [US]	Matthew Wood [CA]	L	7	6
Corey Hudson [US]	Chris Bargeron [US]	L	7	7
Corey Hudson [US]	Braidery Camacho [US]	W	10	8
Corey Hudson [US]	Joshua Gunn [US]	L	10	9
Jose Torres [US]	Joshua Gunn [US]	W	3	1
Jose Torres [US]	Wyatt Palguta [US]	L	3	2
Jose Torres [US]	Matthew Ratliff [US]	L	3	3
Jose Torres [US]	Eudezia Rodrigues [BR]	L	3	4
Jose Torres [US]	Collin Ray [US]	W	6	5
Jose Torres [US]	Jarek Mead [US]	W	9	6
Jose Torres [US]	Jerry Li [US]	T	10	7
Jose Torres [US]	Jay Medeiros [CA]	L	10	8
Jose Torres [US]	Joshua Tolan [US]	L	10	9
Caleb Sprague [US]	Anthony DiMascio [US]	L	0	1
Caleb Sprague [US]	Luke Markovich	W	3	2
Caleb Sprague [US]	Adam Caracciolo [US]	L	3	3
Caleb Sprague [US]	Raulin Dick [US]	W	6	4
Caleb Sprague [US]	Bo Montanye [US]	L	6	5
Caleb Sprague [US]	Jacob Carrasco [US]	W	9	6
Caleb Sprague [US]	Kris Krueger [US]	L	9	7
Caleb Sprague [US]	Keaton Williams [US]	T	10	8
Caleb Sprague [US]	Chris Siakala [US]	L	10	9
Hunter Berry [US]	Niko Sanville [US]	L	0	1
Hunter Berry [US]	Stephen Eshghy [US]	L	0	2
Hunter Berry [US]	Amanda Gunkle [US]	W	3	3
Hunter Berry [US]	Tim Tipton [US]	W	6	4
Hunter Berry [US]	Zack Martin [US]	T	7	5
Hunter Berry [US]	Collins Eckard [US]	W	10	6
Hunter Berry [US]	Hang Yu Lin [CA]	L	10	7
Hunter Berry [US]	Donny Nguyen [US]	L	10	8
Hunter Berry [US]	Zachary Sipling [US]	L	10	9
Jack Shepard [US]	joseph halcomb [US]	W	3	1
Jack Shepard [US]	Elcain Chase [US]	L	3	2
Jack Shepard [US]	Jon-Vincent Gonzalve [US]	L	3	3
Jack Shepard [US]	Chris Siakala [US]	L	3	4
Jack Shepard [US]	Tariq Eddington [US]	W	6	5
Jack Shepard [US]	Daniel Ah Tou [US]	T	7	6
Jack Shepard [US]	Geneses Pabuna [CA]	W	10	7
Jack Shepard [US]	Joseph Nawal [US]	L	10	8
Jack Shepard [US]	Jack Beecher [US]	L	10	9
Alexandra Rodriguez [US]	Justin Lambert [US]	L	0	1
Alexandra Rodriguez [US]	James Curtis [US]	L	0	2
Alexandra Rodriguez [US]	Ian Kelly [US]	T	1	3
Alexandra Rodriguez [US]	James Wong [US]	W	4	4
Alexandra Rodriguez [US]	Bryan Desmond [US]	W	7	5
Alexandra Rodriguez [US]	Sam Corder [US]	L	7	6
Alexandra Rodriguez [US]	Thomas Happel [US]	W	10	7
Alexandra Rodriguez [US]	Samuel Tolson III [US]	L	10	8
Alexandra Rodriguez [US]	Joseph Huber [US]	L	10	9
Adrian Lopez [US]	Mauricio Martinez [US]	T	1	1
Adrian Lopez [US]	James Bratton [US]	W	4	2
Adrian Lopez [US]	jean pierre fortin [US]	L	4	3
Adrian Lopez [US]	Christopher Ruiz [US]	W	7	4
Adrian Lopez [US]	Brennan Jackson [US]	L	7	5
Adrian Lopez [US]	Kelly Nimmons [US]	W	10	6
Adrian Lopez [US]	Jared Alindogan [US]	L	10	7
Adrian Lopez [US]	Jose Gonzalez [US]	L	10	8
Adrian Lopez [US]	Anthony Salomone [US]	L	10	9
James McDaid [US]	Juan Pereira [US]	W	3	1
James McDaid [US]	Donny McCoy [US]	L	3	2
James McDaid [US]	Shashi Naraine [CA]	L	3	3
James McDaid [US]	Daniel Lammers [US]	L	3	4
James McDaid [US]	Jeffrey Lang [US]	T	4	5
James McDaid [US]	Juan Chao [US]	W	7	6
James McDaid [US]	Logan Poindexter [US]	L	7	7
James McDaid [US]	Michael Kuchinsky [US]	W	10	8
James McDaid [US]	Bradley Wantz [US]	L	10	9
Ian Hunter [US]	Stephen McGaffney [US]	L	0	1
Ian Hunter [US]	Fred Singer IV [US]	L	0	2
Ian Hunter [US]	Thomas Hennessy [US]	W	3	3
Ian Hunter [US]	Dean Marsh [US]	T	4	4
Ian Hunter [US]	James King [US]	T	5	5
Ian Hunter [US]	Edwin Cohetero	L	5	6
Ian Hunter [US]	Jonathan Ruff [US]	T	6	7
Ian Hunter [US]	Jaylen Jackson [US]	W	9	8
Ian Hunter [US]	Ava Cruzan [US]	T	10	9
Ricardo Romero [MX]	fausto guerrero [US]	L	0	1
Ricardo Romero [MX]	Alec Noah [US]	W	3	2
Ricardo Romero [MX]	Kayla Walker [US]	W	6	3
Ricardo Romero [MX]	Cameron Shenoy [US]	L	6	4
Ricardo Romero [MX]	Rosh Patel [US]	L	6	5
Ricardo Romero [MX]	Macauley Simmons [US]	L	6	6
Ricardo Romero [MX]	Erin Collins [US]	T	7	7
Ricardo Romero [MX]	Pedro Estrada [US]	L	7	8
Ricardo Romero [MX]	Robert Akey [US]	W	10	9
Xander Pineda [US]	Keller Hawkins [US]	L	0	1
Xander Pineda [US]	Jake Bankert [US]	W	3	2
Xander Pineda [US]	Juan Flores [US]	L	3	3
Xander Pineda [US]	Ryan Kelly [US]	L	3	4
Xander Pineda [US]	Jonathan Reyes [US]	W	6	5
Xander Pineda [US]	Adam Kosmowski [US]	W	9	6
Xander Pineda [US]	Taylor Mitchell [US]	T	10	7
Xander Pineda [US]	**VIP21 Charles Hernandez [US]	L	10	8
Xander Pineda [US]	Zachary Muller [US]	L	10	9
Braidery Camacho [US]	Christopher Antrim [US]	W	3	1
Braidery Camacho [US]	Sarah Reischmann [US]	L	3	2
Braidery Camacho [US]	Danielle Mckernan [US]	W	6	3
Braidery Camacho [US]	Luis Negron [US]	L	6	4
Braidery Camacho [US]	Shehwaz Rassiwalla [US]	L	6	5
Braidery Camacho [US]	Connor Simpson [US]	T	7	6
Braidery Camacho [US]	Matthew Keyes [US]	L	7	7
Braidery Camacho [US]	Corey Hudson [US]	L	7	8
Braidery Camacho [US]	Hayes Kwong [US]	W	10	9
James Harris IV [US]	Makayla Penney [US]	L	0	1
James Harris IV [US]	Guilly Mendoza [US]	W	3	2
James Harris IV [US]	Robert Burley [US]	L	3	3
James Harris IV [US]	Jake Adkins [US]	W	6	4
James Harris IV [US]	Keaton Williams [US]	L	6	5
James Harris IV [US]	Jean Rivera [US]	T	7	6
James Harris IV [US]	Logan Nelson [US]	W	10	7
James Harris IV [US]	Edward Khodaei [US]	L	10	8
James Harris IV [US]	Ernesto seryey de la cruz cordova [MX]	L	10	9
Casey Blatchford [US]	Basim Elgohary [US]	W	3	1
Casey Blatchford [US]	Rosh Patel [US]	L	3	2
Casey Blatchford [US]	Nathaniel Zlockie [US]	L	3	3
Casey Blatchford [US]	Tanner Johnson [US]	L	3	4
Casey Blatchford [US]	Dave Abt [US]	L	3	5
Casey Blatchford [US]	Taylor Petricca [US]	T	4	6
Casey Blatchford [US]	Andrew Wakefield [US]	W	7	7
Casey Blatchford [US]	Brianna Velliquette [US]	L	7	8
Casey Blatchford [US]	Andrew Taylor [US]	W	10	9
Stephen McClain [US]	Collin Harris [US]	L	0	1
Stephen McClain [US]	Cory Tangman [US]	L	0	2
Stephen McClain [US]	Jeremy Pritz [CA]	L	0	3
Stephen McClain [US]	Noah White [US]	T	1	4
Stephen McClain [US]	Walter Portillo [US]	L	1	5
Stephen McClain [US]	Adolfo Estrada [US]	W	4	6
Stephen McClain [US]	Amanda Gunkle [US]	W	7	7
Stephen McClain [US]	Joseph Cajas [US]	W	10	8
Stephen McClain [US]	Grayson McKinley [US]	L	10	9
Anthony Richards [US]	Sean Andrese [US]	L	0	1
Anthony Richards [US]	Matt Stachewicz [US]	L	0	2
Anthony Richards [US]	Dave Abt [US]	L	0	3
Anthony Richards [US]	Ryan Silva [US]	T	1	4
Anthony Richards [US]	Amelia Goodworth [US]	W	4	5
Anthony Richards [US]	Walter Portillo [US]	L	4	6
Anthony Richards [US]	James Wong [US]	W	7	7
Anthony Richards [US]	Juan Escalera [US]	W	10	8
Anthony Richards [US]	Matt Walter [US]	L	10	9
Morgan Drake [US]	Johnny Rabus [US]	T	1	1
Morgan Drake [US]	Aryn Fitzpatrick [US]	L	1	2
Morgan Drake [US]	Matthew Monteiro [US]	L	1	3
Morgan Drake [US]	Sebastian Ardila [US]	L	1	4
Morgan Drake [US]	Andrew Taylor [US]	W	4	5
Morgan Drake [US]	Sean Robison [US]	L	4	6
Morgan Drake [US]	Jeremy Sussman [US]	L	4	7
Morgan Drake [US]	Ryan Akuszewski [US]	W	7	8
Morgan Drake [US]	Tiger Hickman [US]	W	10	9
Gregory Fortier [CA]	Cody Leigh [US]	L	0	1
Gregory Fortier [CA]	Trevor Reisner [CA]	W	3	2
Gregory Fortier [CA]	Donovan Vanorsdale [US]	T	4	3
Gregory Fortier [CA]	Armaan Pahwa [US]	L	4	4
Gregory Fortier [CA]	Jonathan Lopez [US]	L	4	5
Gregory Fortier [CA]	Jake Skurchak [US]	L	4	6
Gregory Fortier [CA]	Benjamin Peacock [US]	W	7	7
Gregory Fortier [CA]	Zach Paullet [US]	W	10	8
Gregory Fortier [CA]	Joseph Zelis [US]	L	10	9
James Wong [US]	**VIP16 Oziel Cuellar [US]	T	1	1
James Wong [US]	Kiefer Brown [CA]	L	1	2
James Wong [US]	Tom Hellkamp [US]	L	1	3
James Wong [US]	Alexandra Rodriguez [US]	L	1	4
James Wong [US]	James Bratton [US]	W	4	5
James Wong [US]	Greyson Snyder [US]	L	4	6
James Wong [US]	Anthony Richards [US]	L	4	7
James Wong [US]	Andrew Wakefield [US]	W	7	8
James Wong [US]	Aaron Dearborn [US]	W	10	9
Travis Herrell [US]	Keven Muniz [US]	W	3	1
Travis Herrell [US]	Robert Bradley [US]	L	3	2
Travis Herrell [US]	fausto guerrero [US]	L	3	3
Travis Herrell [US]	Kayla Walker [US]	L	3	4
Travis Herrell [US]	Andy Sallavanti [US]	T	4	5
Travis Herrell [US]	Dillon Barta [US]	W	7	6
Travis Herrell [US]	MIchael Bartlam [US]	L	7	7
Travis Herrell [US]	Tiger Hickman [US]	W	10	8
Travis Herrell [US]	Anthony Finney [US]	L	10	9
Caden Styche [US]	Calvin Connor [US]	L	0	1
Caden Styche [US]	Jonathan Crespo [US]	W	3	2
Caden Styche [US]	Nairobi Gammage [US]	L	3	3
Caden Styche [US]	Jessica Burden-Cheresna [CA]	L	3	4
Caden Styche [US]	Ben Saylor [US]	W	6	5
Caden Styche [US]	James Dorner [US]	L	6	6
Caden Styche [US]	Spencer Snyder [US]	L	6	7
Caden Styche [US]	Preston Smith [US]	W	9	8
Caden Styche [US]	Dominic Zottoli [US]	T	10	9
James Bratton [US]	Michele Schiraldi [CA]	T	1	1
James Bratton [US]	Adrian Lopez [US]	L	1	2
James Bratton [US]	Sam Corder [US]	L	1	3
James Bratton [US]	Guilly Mendoza [US]	L	1	4
James Bratton [US]	James Wong [US]	L	1	5
James Bratton [US]	Kyle Haywood [US]	W	4	6
James Bratton [US]	Arsenio Melendez [US]	W	7	7
James Bratton [US]	Thomas Happel [US]	L	7	8
James Bratton [US]	Dishan Thayaparan [CA]	W	10	9
James Santaniello [US]	Fernando Calderon Jr [US]	L	0	1
James Santaniello [US]	Zachary Gurley [US]	L	0	2
James Santaniello [US]	Chung-Min An [US]	L	0	3
James Santaniello [US]	Julio Funes [US]	W	3	4
James Santaniello [US]	Jacob Brown [US]	W	6	5
James Santaniello [US]	Scottie Gore [US]	W	9	6
James Santaniello [US]	James Dorner [US]	L	9	7
James Santaniello [US]	Nathan Ritchie [CA]	T	10	8
James Santaniello [US]	Loc Nguyen [US]	L	10	9
Brandon Gilbert [US]	Adam Peters [US]	L	0	1
Brandon Gilbert [US]	Nik Barbero [US]	L	0	2
Brandon Gilbert [US]	Phillip Lineberry [US]	W	3	3
Brandon Gilbert [US]	Nicholas Mileo [US]	L	3	4
Brandon Gilbert [US]	Sherri Lee [US]	W	6	5
Brandon Gilbert [US]	Camden Southern [US]	L	6	6
Brandon Gilbert [US]	Zachary Muller [US]	L	6	7
Brandon Gilbert [US]	Alex Kalbach [US]	T	7	8
Brandon Gilbert [US]	Lenya Bellemare [CA]	W	10	9
Tyler O'Barto [US]	Zachary Ellis [US]	T	1	1
Tyler O'Barto [US]	Steven Axtell [US]	T	2	2
Tyler O'Barto [US]	Alexander Byrd [US]	L	2	3
Tyler O'Barto [US]	J-F Guimond [CA]	T	3	4
Tyler O'Barto [US]	Garrett Scott [US]	L	3	5
Tyler O'Barto [US]	Matthew Miller [US]	W	6	6
Tyler O'Barto [US]	Michael Kuchinsky [US]	T	7	7
Tyler O'Barto [US]	Kenrry Alvarado [US]	L	7	8
Tyler O'Barto [US]	Juan Escalera [US]	W	10	9
Thomas Happel [US]	Kevin Fallin [US]	L	0	1
Thomas Happel [US]	Lyle Narciso [US]	L	0	2
Thomas Happel [US]	Michael Kiser [US]	T	1	3
Thomas Happel [US]	Ana Julia de Simone Brito dos Santos [BR]	L	1	4
Thomas Happel [US]	alan bolden [US]	W	4	5
Thomas Happel [US]	Brianna Velliquette [US]	W	7	6
Thomas Happel [US]	Alexandra Rodriguez [US]	L	7	7
Thomas Happel [US]	James Bratton [US]	W	10	8
Thomas Happel [US]	Val McFarland [US]	L	10	9
Bruce Boshell [US]	Andrew Padron [US]	T	1	1
Bruce Boshell [US]	Russell Dilley [US]	L	1	2
Bruce Boshell [US]	John Bannan [US]	L	1	3
Bruce Boshell [US]	Bill Clark [US]	L	1	4
Bruce Boshell [US]	Eric Thieleman [US]	W	4	5
Bruce Boshell [US]	**VIP24 Rocco Miller [US]	L	4	6
Bruce Boshell [US]	Grant Monson [US]	W	7	7
Bruce Boshell [US]	Victor Ghibu [CA]	W	10	8
Bruce Boshell [US]	Melanie Springer [US]	L	10	9
Michael Lee [US]	Ethan DeHaven [US]	L	0	1
Michael Lee [US]	Rodney Whiteside [US]	L	0	2
Michael Lee [US]	Jason Fisher [US]	W	3	3
Michael Lee [US]	Adam Peters [US]	L	3	4
Michael Lee [US]	Anthony Allmond [US]	W	6	5
Michael Lee [US]	Zach Stone [US]	L	6	6
Michael Lee [US]	Dan Mellon [US]	T	7	7
Michael Lee [US]	Abery Ohayon [US]	L	7	8
Michael Lee [US]	Jake Gallagher [US]	W	10	9
Taylor Petricca [US]	Evan Campbell [US]	L	0	1
Taylor Petricca [US]	Joshua Tierney [US]	L	0	2
Taylor Petricca [US]	Yanci Colon [US]	L	0	3
Taylor Petricca [US]	Daniel D'Angelo [US]	W	3	4
Taylor Petricca [US]	Benjamin Gavin [US]	L	3	5
Taylor Petricca [US]	Casey Blatchford [US]	T	4	6
Taylor Petricca [US]	Jake Gallagher [US]	W	7	7
Taylor Petricca [US]	Daniel Helm [US]	W	10	8
Taylor Petricca [US]	Maxwell Johnson [US]	L	10	9
Geneses Pabuna [CA]	Yong-Kyoo Hong [CA]	L	0	1
Geneses Pabuna [CA]	Nolan Belcher [US]	W	3	2
Geneses Pabuna [CA]	Ethan Wilson [US]	T	4	3
Geneses Pabuna [CA]	Dario Marchetta [CA]	L	4	4
Geneses Pabuna [CA]	tyler frink [US]	W	7	5
Geneses Pabuna [CA]	Joseph Fragomeni [US]	L	7	6
Geneses Pabuna [CA]	Jack Shepard [US]	L	7	7
Geneses Pabuna [CA]	Robert Akey [US]	W	10	8
Geneses Pabuna [CA]	Juan Contla [US]	L	10	9
Nicholas Watters [US]	Rosh Patel [US]	L	0	1
Nicholas Watters [US]	oscar sowell [US]	L	0	2
Nicholas Watters [US]	Hang Yu Lin [CA]	L	0	3
Nicholas Watters [US]	Doug Johnson [US]	L	0	4
Nicholas Watters [US]	Nolan Belcher [US]	T	1	5
Nicholas Watters [US]	Trevor Reisner [CA]	W	4	6
Nicholas Watters [US]	Dean Marsh [US]	W	7	7
Nicholas Watters [US]	Joshua Gunn [US]	L	7	8
Nicholas Watters [US]	Amanda Gunkle [US]	W	10	9
Erin Collins [US]	Andrew Dain [US]	L	0	1
Erin Collins [US]	Virginia Schmidt [US]	L	0	2
Erin Collins [US]	Bryan Cantrell [US]	L	0	3
Erin Collins [US]	Phillip Lineberry [US]	L	0	4
Erin Collins [US]	Corey Kane [US]	W	3	5
Erin Collins [US]	Nicholas Shuba [US]	W	6	6
Erin Collins [US]	Ricardo Romero [MX]	T	7	7
Erin Collins [US]	Shawn Smith [US]	W	10	8
Erin Collins [US]	James Riggs [US]	L	10	9
Anibal Picho [US]	Aaron Tarbell [US]	W	3	1
Anibal Picho [US]	Kamil Colatosti [CA]	L	3	2
Anibal Picho [US]	Joshua Sambrano [US]	L	3	3
Anibal Picho [US]	Benjamin Grove [US]	T	4	4
Anibal Picho [US]	Jonathan Crump [US]	W	7	5
Anibal Picho [US]	Daniel Sopko [US]	L	7	6
Anibal Picho [US]	Shawn Smith [US]	W	10	7
Anibal Picho [US]	Gage Linton [US]	L	10	8
David Jackson [US]	Michael Diaz [US]	L	0	1
David Jackson [US]	Melanie Springer [US]	W	3	2
David Jackson [US]	Jonathan Carlin [US]	T	4	3
David Jackson [US]	Mason Hans [US]	W	7	4
David Jackson [US]	Jonathan Twigg [US]	L	7	5
David Jackson [US]	Matt Walter [US]	W	10	6
David Jackson [US]	Jacob Howard [US]	L	10	7
David Jackson [US]	Tom Nardello [US]	L	10	8
Jacob Gross [US]	Aidyn Moye [US]	W	3	1
Jacob Gross [US]	Christian LaBella [CA]	L	3	2
Jacob Gross [US]	Nikkolas Paserba [US]	W	6	3
Jacob Gross [US]	Jerry Li [US]	W	9	4
Jacob Gross [US]	Harrison Zipp [US]	L	9	5
Jacob Gross [US]	Moe Uddin [US]	L	9	6
Jacob Gross [US]	Jose Gonzalez [US]	T	10	7
Jacob Gross [US]	James Quick [US]	L	10	8
Keaton Williams [US]	Richard Rothenbach [US]	W	3	1
Keaton Williams [US]	Nikita Matyukov [US]	W	6	2
Keaton Williams [US]	Tord Reklev [NO]	L	6	3
Keaton Williams [US]	Jordan Lipner [US]	L	6	4
Keaton Williams [US]	James Harris IV [US]	W	9	5
Keaton Williams [US]	Shehwaz Rassiwalla [US]	L	9	6
Keaton Williams [US]	Tanner Johnson [US]	L	9	7
Keaton Williams [US]	Caleb Sprague [US]	T	10	8
Zack Martin [US]	Tyler Wyrostek [US]	W	3	1
Zack Martin [US]	Evan Campbell [US]	W	6	2
Zack Martin [US]	Luke Morsa [US]	L	6	3
Zack Martin [US]	Carlos Lugo [US]	L	6	4
Zack Martin [US]	Hunter Berry [US]	T	7	5
Zack Martin [US]	Austin Myers [US]	W	10	6
Zack Martin [US]	Jacob Sisco [US]	L	10	7
Zack Martin [US]	Karl Alvarez [US]	L	10	8
Patrick Vargas [US]	Scott Ethier [US]	T	1	1
Patrick Vargas [US]	Jason Malyuk jr [US]	W	4	2
Patrick Vargas [US]	Joel Bergman [CA]	W	7	3
Patrick Vargas [US]	Francisco Figueroa [US]	W	10	4
Patrick Vargas [US]	Noah Sawyer [US]	L	10	5
Patrick Vargas [US]	Brennan Jackson [US]	L	10	6
Patrick Vargas [US]	Joey Jordan [US]	L	10	7
Patrick Vargas [US]	AJ DeLalla [US]	L	10	8
Philip Matthews [US]	Dregan Shook [US]	L	0	1
Philip Matthews [US]	Chung-Min An [US]	W	3	2
Philip Matthews [US]	Gregory Tschann [US]	W	6	3
Philip Matthews [US]	Aden Cunningham [US]	T	7	4
Philip Matthews [US]	Eric Rink [US]	L	7	5
Philip Matthews [US]	Bradley Wantz [US]	W	10	6
Philip Matthews [US]	Brock Davis [US]	L	10	7
Philip Matthews [US]	Ezi Tran [US]	L	10	8
Daniel Pacchioli [US]	Kaylie Prementine [US]	T	1	1
Daniel Pacchioli [US]	Scott Ethier [US]	W	4	2
Daniel Pacchioli [US]	James Quick [US]	L	4	3
Daniel Pacchioli [US]	Eric Trinh [US]	W	7	4
Daniel Pacchioli [US]	clayton may [US]	W	10	5
Daniel Pacchioli [US]	Aden Cunningham [US]	L	10	6
Daniel Pacchioli [US]	Sam Corder [US]	L	10	7
Daniel Pacchioli [US]	Harry West [AU]	L	10	8
Aman Soni [US]	Chris Muzyn [US]	W	3	1
Aman Soni [US]	Travis Daun [US]	W	6	2
Aman Soni [US]	Robert Akey [US]	T	7	3
Aman Soni [US]	Timothy Bennett [US]	L	7	4
Aman Soni [US]	Logan Donovan [US]	W	10	5
Aman Soni [US]	Vincent D'Arcy [US]	L	10	6
Aman Soni [US]	Andrew Zheng [US]	L	10	7
Aman Soni [US]	Josh Stapler [US]	L	10	8
Mitchell O'Neill [US]	Tyler Ralston [US]	L	0	1
Mitchell O'Neill [US]	**VIP17 Ricardo Escobar [US]	L	0	2
Mitchell O'Neill [US]	BYE	W	3	3
Mitchell O'Neill [US]	kyle collins [US]	W	6	4
Mitchell O'Neill [US]	Lukas Gindt [US]	T	7	5
Mitchell O'Neill [US]	Mose Galdames-Henry [US]	W	10	6
Mitchell O'Neill [US]	Jermell Parrish [US]	L	10	7
Mitchell O'Neill [US]	Charles Snyder III [US]	L	10	8
Nik Barbero [US]	Nikolas Christodoulou [US]	L	0	1
Nik Barbero [US]	Brandon Gilbert [US]	W	3	2
Nik Barbero [US]	Anna Tarasuk [US]	T	4	3
Nik Barbero [US]	Walker Moss [US]	W	7	4
Nik Barbero [US]	Andres Estrada [US]	L	7	5
Nik Barbero [US]	Collin Smelcer [US]	W	10	6
Nik Barbero [US]	Kevin Williams [US]	L	10	7
Nik Barbero [US]	Jeffrey Criss [US]	L	10	8
Xavier Clark [US]	Samuel Tolson III [US]	W	3	1
Xavier Clark [US]	mason hein [US]	L	3	2
Xavier Clark [US]	Angelo Mangosing [CA]	L	3	3
Xavier Clark [US]	James Juliano [US]	W	6	4
Xavier Clark [US]	Andrew Nunez [US]	T	7	5
Xavier Clark [US]	Robert Akey [US]	W	10	6
Xavier Clark [US]	David Cook [US]	L	10	7
Xavier Clark [US]	Andy Hyun [US]	L	10	8
James Curtis [US]	Tyler Perry [US]	L	0	1
James Curtis [US]	Alexandra Rodriguez [US]	W	3	2
James Curtis [US]	Eric Rodriguez [US]	L	3	3
James Curtis [US]	Zach Bowers [US]	L	3	4
James Curtis [US]	Danielle Mckernan [US]	W	6	5
James Curtis [US]	Benjamin Morse [US]	T	7	6
James Curtis [US]	Matthew Hill-Kent [CA]	W	10	7
James Curtis [US]	Michael Laundrie [US]	L	10	8
Nate Orr [US]	Odyssey Shanklin [US]	W	3	1
Nate Orr [US]	Nathan Hampton [US]	L	3	2
Nate Orr [US]	Peyton Bauermeister [US]	T	4	3
Nate Orr [US]	Jonathan Ramirez [US]	L	4	4
Nate Orr [US]	Luis Zambrana [US]	W	7	5
Nate Orr [US]	Aidyn Moye [US]	L	7	6
Nate Orr [US]	Ricardo Lasalle Barreto [US]	W	10	7
Nate Orr [US]	James Jason [US]	L	10	8
Logan Poindexter [US]	Arthur Terceira [US]	L	0	1
Logan Poindexter [US]	Zach Goodwin [US]	W	3	2
Logan Poindexter [US]	Haoyan Kang [US]	L	3	3
Logan Poindexter [US]	Kai Coe [US]	W	6	4
Logan Poindexter [US]	Patrick DAurora [US]	T	7	5
Logan Poindexter [US]	Joey Jordan [US]	L	7	6
Logan Poindexter [US]	James McDaid [US]	W	10	7
Logan Poindexter [US]	Kraig Krueger [US]	L	10	8
Carlos Berrios [US]	Nathan Hampton [US]	L	0	1
Carlos Berrios [US]	Camden Southern [US]	W	3	2
Carlos Berrios [US]	Alex Quach [CA]	W	6	3
Carlos Berrios [US]	Sam Rindal [US]	W	9	4
Carlos Berrios [US]	Gage Linton [US]	T	10	5
Carlos Berrios [US]	Jeremy Gomez [US]	L	10	6
Carlos Berrios [US]	Thomas Brophy [US]	L	10	7
Carlos Berrios [US]	Michael Lacek [US]	L	10	8
MIchael Bartlam [US]	Thom Vaknin [US]	L	0	1
MIchael Bartlam [US]	Samuel Tolson III [US]	W	3	2
MIchael Bartlam [US]	Jorge Arteaga [US]	W	6	3
MIchael Bartlam [US]	Mitchell Courtney [US]	L	6	4
MIchael Bartlam [US]	Corey Hudson [US]	T	7	5
MIchael Bartlam [US]	Benjamin Grove [US]	L	7	6
MIchael Bartlam [US]	Travis Herrell [US]	W	10	7
MIchael Bartlam [US]	Jeremie G. [US]	L	10	8
Chris martens [US]	VaJuan Felix [US]	W	3	1
Chris martens [US]	Josh Lemon [US]	T	4	2
Chris martens [US]	Erik Nance [US]	L	4	3
Chris martens [US]	Rob Stephens [US]	L	4	4
Chris martens [US]	**VIP24 Rocco Miller [US]	W	7	5
Chris martens [US]	Christian Kennedy [US]	L	7	6
Chris martens [US]	Abery Ohayon [US]	W	10	7
Chris martens [US]	Nathan Newton [US]	L	10	8
Alex Fusco [US]	James Smith [US]	W	3	1
Alex Fusco [US]	Michael Ginchereau [US]	T	4	2
Alex Fusco [US]	Joshua Acevedo [US]	L	4	3
Alex Fusco [US]	Nick Race [US]	L	4	4
Alex Fusco [US]	Dora Thilmony [US]	W	7	5
Alex Fusco [US]	Val McFarland [US]	L	7	6
Alex Fusco [US]	Paul DeJesus [US]	W	10	7
Alex Fusco [US]	Matt Guyan [US]	L	10	8
Jaydon Do [CA]	Michael Catrino [US]	L	0	1
Jaydon Do [CA]	Drew Wilson [US]	T	1	2
Jaydon Do [CA]	Alexander Greslick [US]	T	2	3
Jaydon Do [CA]	ulises perez [US]	W	5	4
Jaydon Do [CA]	Bryan Hunter [US]	T	6	5
Jaydon Do [CA]	Chris Degner [US]	T	7	6
Jaydon Do [CA]	Matthew Tam [US]	L	7	7
Jaydon Do [CA]	Josh Marking [US]	W	10	8
Christian Villarosa [US]	Jake Humphries [US]	L	0	1
Christian Villarosa [US]	Collin Smelcer [US]	L	0	2
Christian Villarosa [US]	Tito Gonzalez [US]	W	3	3
Christian Villarosa [US]	Bo Montanye [US]	L	3	4
Christian Villarosa [US]	Brianna Velliquette [US]	T	4	5
Christian Villarosa [US]	Chris Leandro [US]	W	7	6
Christian Villarosa [US]	Simon Copenhaver [US]	L	7	7
Christian Villarosa [US]	Logan Nelson [US]	W	10	8
Stephen Palombo [US]	Cris Calderhead [US]	L	0	1
Stephen Palombo [US]	justin jenkins [US]	W	3	2
Stephen Palombo [US]	Dean Marsh [US]	W	6	3
Stephen Palombo [US]	Alexander Polkow [US]	L	6	4
Stephen Palombo [US]	Walker Halliburton [US]	W	9	5
Stephen Palombo [US]	Isaiah Marks [US]	T	10	6
Stephen Palombo [US]	Sebastian Ardila [US]	L	10	7
Stephen Palombo [US]	Jerrick Gumila [US]	L	10	8
Stephen Morris [US]	Anthony Balko [US]	T	1	1
Stephen Morris [US]	Cesar Garcia-Carranza [US]	L	1	2
Stephen Morris [US]	Joshua Tolan [US]	L	1	3
Stephen Morris [US]	Arthur Cooke [US]	W	4	4
Stephen Morris [US]	Sam Corder [US]	L	4	5
Stephen Morris [US]	Jensen Durica [US]	W	7	6
Stephen Morris [US]	Logan Forsythe [US]	W	10	7
Stephen Morris [US]	MATTHEW DIFIORE [US]	L	10	8
Jason Burch [US]	Thomas Hennessy [US]	W	3	1
Jason Burch [US]	Emily Forman [US]	T	4	2
Jason Burch [US]	Jerrick Gumila [US]	L	4	3
Jason Burch [US]	Zach Paullet [US]	L	4	4
Jason Burch [US]	Paul Thompson [CA]	W	7	5
Jason Burch [US]	Mark Marullo [US]	W	10	6
Jason Burch [US]	Cobi Kawasaki [US]	L	10	7
Jason Burch [US]	Brandon Joestar [US]	L	10	8
Matthew Tam [US]	Roman Runyon [US]	L	0	1
Matthew Tam [US]	Wesley Tam [CA]	T	1	2
Matthew Tam [US]	James Gillespie [US]	L	1	3
Matthew Tam [US]	Dylan McKinney [US]	W	4	4
Matthew Tam [US]	James Byrum [US]	L	4	5
Matthew Tam [US]	Jerry Sheng [US]	W	7	6
Matthew Tam [US]	Jaydon Do [CA]	W	10	7
Matthew Tam [US]	Alan Rosewicz [US]	L	10	8
Dan Mellon [US]	Edwin Arrollo [US]	L	0	1
Dan Mellon [US]	**VIP19 Charlie Hall [US]	L	0	2
Dan Mellon [US]	Frank Hunter [US]	W	3	3
Dan Mellon [US]	Azul Garcia Griego [US]	L	3	4
Dan Mellon [US]	Julian Riveros [CO]	W	6	5
Dan Mellon [US]	Dakota McMurray [US]	L	6	6
Dan Mellon [US]	Michael Lee [US]	T	7	7
Dan Mellon [US]	Hayes Kwong [US]	W	10	8
Mathew Moose [US]	Kiefer Brown [CA]	T	1	1
Mathew Moose [US]	Anthony Strange [US]	L	1	2
Mathew Moose [US]	Emily Sherrard [CA]	W	4	3
Mathew Moose [US]	Juan Escalera [US]	L	4	4
Mathew Moose [US]	Walker Moss [US]	W	7	5
Mathew Moose [US]	Ezi Tran [US]	L	7	6
Mathew Moose [US]	Austin Marshall [US]	W	10	7
Mathew Moose [US]	Tito Gonzalez [US]	L	10	8
Chris Degner [US]	Zach Laska [US]	L	0	1
Chris Degner [US]	Josue Velasco [US]	L	0	2
Chris Degner [US]	John-Peter Gero [US]	W	3	3
Chris Degner [US]	Jack Basmaci [US]	L	3	4
Chris Degner [US]	Kyle Parent [US]	W	6	5
Chris Degner [US]	Jaydon Do [CA]	T	7	6
Chris Degner [US]	Victor Ghibu [CA]	W	10	7
Chris Degner [US]	Jan Michael Ortiz [US]	L	10	8
Nicholas Linenbroker [US]	Brady Hooker [US]	W	3	1
Nicholas Linenbroker [US]	**VIP15 Brandon Chang [US]	W	6	2
Nicholas Linenbroker [US]	Jacob Stock [US]	L	6	3
Nicholas Linenbroker [US]	Martin Solis [US]	W	9	4
Nicholas Linenbroker [US]	Sammy Allen [US]	L	9	5
Nicholas Linenbroker [US]	Carlos Saenz [MX]	T	10	6
Nicholas Linenbroker [US]	Andrew Mease [US]	L	10	7
Miguel Acevedo [US]	Sebastian Ardila [US]	W	3	1
Miguel Acevedo [US]	Joseph Brecht [US]	W	6	2
Miguel Acevedo [US]	Sarah Burnside [CA]	L	6	3
Miguel Acevedo [US]	Gina Padron [US]	T	7	4
Miguel Acevedo [US]	Gwen Tran [US]	L	7	5
Miguel Acevedo [US]	Tenchi Starr [US]	W	10	6
Miguel Acevedo [US]	Ryan Mooney [US]	L	10	7
Joseph Kreiser [US]	Ivan Martinez [MX]	W	3	1
Joseph Kreiser [US]	Jose Medina [US]	W	6	2
Joseph Kreiser [US]	Jack Rindal [US]	W	9	3
Joseph Kreiser [US]	Edwin Arrollo [US]	L	9	4
Joseph Kreiser [US]	Alexander Phillips [US]	L	9	5
Joseph Kreiser [US]	Hang Yu Lin [CA]	T	10	6
Joseph Kreiser [US]	Carlos Saenz [MX]	L	10	7
Christian Kennedy [US]	Jimmy O'Brien [US]	W	3	1
Christian Kennedy [US]	Alexander Rodriguez [US]	T	4	2
Christian Kennedy [US]	Kiefer Brown [CA]	W	7	3
Christian Kennedy [US]	Morgan Purdy [US]	L	7	4
Christian Kennedy [US]	Jeremy Gomez [US]	L	7	5
Christian Kennedy [US]	Chris martens [US]	W	10	6
Christian Kennedy [US]	Ryan Vujanovich [US]	L	10	7
Andrew Salley [US]	Max DaSilva [US]	W	3	1
Andrew Salley [US]	Eduardo Tzapin [US]	W	6	2
Andrew Salley [US]	Julian Gort-Barry [CA]	L	6	3
Andrew Salley [US]	Cole Rosario [US]	W	9	4
Andrew Salley [US]	Justin Norris [US]	T	10	5
Andrew Salley [US]	Daniel Altavilla [US]	L	10	6
Andrew Salley [US]	Valkyrie Kraemer [US]	L	10	7
Jack Rooney [US]	Zachary Gurley [US]	W	3	1
Jack Rooney [US]	Regan Retzloff [US]	L	3	2
Jack Rooney [US]	Matt Stachewicz [US]	W	6	3
Jack Rooney [US]	Ryan Pham [US]	T	7	4
Jack Rooney [US]	David Ranney [US]	W	10	5
Jack Rooney [US]	Andrew Dombroski [US]	L	10	6
Jack Rooney [US]	Arron Sanyer [US]	L	10	7
Charles Platel [US]	Saviere Stevens [US]	W	3	1
Charles Platel [US]	Felipe Arias [US]	W	6	2
Charles Platel [US]	Elcain Chase [US]	L	6	3
Charles Platel [US]	Daniel Ceculski [US]	L	6	4
Charles Platel [US]	Tony Hoang [US]	T	7	5
Charles Platel [US]	Patrick DAurora [US]	W	10	6
Charles Platel [US]	Bryan Lyons [US]	L	10	7
Dalton Heim [US]	Ryan Mayer [US]	T	1	1
Dalton Heim [US]	Douglas Wolf Jr [US]	T	2	2
Dalton Heim [US]	Hunter North [CA]	W	5	3
Dalton Heim [US]	Anthony Finney [US]	T	6	4
Dalton Heim [US]	Wade Anderson [US]	W	9	5
Dalton Heim [US]	Rachel Komorowski [US]	L	9	6
Dalton Heim [US]	Landon Riffle [US]	T	10	7
joshua daily [US]	Andres David Torres [CO]	L	0	1
joshua daily [US]	Tiger Hickman [US]	W	3	2
joshua daily [US]	Daniel Shogan [US]	W	6	3
joshua daily [US]	Dominic Zottoli [US]	W	9	4
joshua daily [US]	Kraig Krueger [US]	T	10	5
joshua daily [US]	Trevor Bales [US]	L	10	6
joshua daily [US]	David Ranney [US]	L	10	7
Austin Ragotzy [US]	Frank Diaz [US]	T	1	1
Austin Ragotzy [US]	Chris Breithaupt [US]	W	4	2
Austin Ragotzy [US]	Shawn Brown [CA]	L	4	3
Austin Ragotzy [US]	Dora Thilmony [US]	W	7	4
Austin Ragotzy [US]	Matthew Wood [CA]	W	10	5
Austin Ragotzy [US]	Michael Broderick [US]	L	10	6
Austin Ragotzy [US]	Bryan Funk [US]	L	10	7
Ryan Gonzalez [US]	Dylan Parris [US]	W	3	1
Ryan Gonzalez [US]	Alexander Pineda [US]	L	3	2
Ryan Gonzalez [US]	joshua adams [US]	W	6	3
Ryan Gonzalez [US]	Tristan Bennett [US]	L	6	4
Ryan Gonzalez [US]	Spencer Snyder [US]	W	9	5
Ryan Gonzalez [US]	Beau Fleetwood [US]	T	10	6
Ryan Gonzalez [US]	Alex Rubin [US]	L	10	7
Stephen McGaffney [US]	Ian Hunter [US]	W	3	1
Stephen McGaffney [US]	Jack Fedrow [US]	L	3	2
Stephen McGaffney [US]	Anthony Nimmons [US]	W	6	3
Stephen McGaffney [US]	Danny Chalet [US]	L	6	4
Stephen McGaffney [US]	Victor Ghibu [CA]	T	7	5
Stephen McGaffney [US]	Justin Turner [US]	W	10	6
Stephen McGaffney [US]	Steven Lavoie [US]	L	10	7
Josh Vassey [US]	Matt Walter [US]	W	3	1
Josh Vassey [US]	Michael Diaz [US]	L	3	2
Josh Vassey [US]	Cory Tangman [US]	L	3	3
Josh Vassey [US]	caleb cordis [US]	W	6	4
Josh Vassey [US]	James DiMaggio [US]	W	9	5
Josh Vassey [US]	jaguar mount [CA]	T	10	6
Josh Vassey [US]	Ryan Miller [US]	L	10	7
Bryce Spangler [US]	**VIP29 Anthony Peppler [US]	L	0	1
Bryce Spangler [US]	Jarek Mead [US]	W	3	2
Bryce Spangler [US]	**VIP25 Iosefka Moore [US]	T	4	3
Bryce Spangler [US]	Matthew McClain [US]	W	7	4
Bryce Spangler [US]	Jonathan Acosta [US]	W	10	5
Bryce Spangler [US]	Landen Kaetler [CA]	L	10	6
Bryce Spangler [US]	Sergio Rodriguez [CA]	L	10	7
Benjamin Morse [US]	Nate Durell [US]	W	3	1
Benjamin Morse [US]	Collin Merli-Matthews [US]	L	3	2
Benjamin Morse [US]	Daniel Ah Tou [US]	L	3	3
Benjamin Morse [US]	Ryan Mooney [US]	L	3	4
Benjamin Morse [US]	Jason Ball [US]	W	6	5
Benjamin Morse [US]	James Curtis [US]	T	7	6
Benjamin Morse [US]	Jacob Brumfield [US]	W	10	7
Ryan Rafferty [US]	Bill Clark [US]	W	3	1
Ryan Rafferty [US]	Mike Wargo [US]	L	3	2
Ryan Rafferty [US]	Alfredo Sepulveda [US]	T	4	3
Ryan Rafferty [US]	Charles Snyder III [US]	L	4	4
Ryan Rafferty [US]	Neil Campbell [US]	W	7	5
Ryan Rafferty [US]	Benjamin Merritt [US]	W	10	6
Ryan Rafferty [US]	Matthew Bowie [US]	L	10	7
William Herrmann [US]	Brennon Conner [US]	T	1	1
William Herrmann [US]	Christopher VanBrunt [US]	L	1	2
William Herrmann [US]	Justin Vandiver [US]	W	4	3
William Herrmann [US]	Chris Knudsvig [US]	L	4	4
William Herrmann [US]	Bryan Bare [US]	W	7	5
William Herrmann [US]	Jared Colbert [US]	W	10	6
William Herrmann [US]	Emmet Hurley [US]	L	10	7
Tony Hoang [US]	John Munoz [US]	L	0	1
Tony Hoang [US]	Cresmar Justin Hernaez [US]	W	3	2
Tony Hoang [US]	Ryan Overcash [US]	L	3	3
Tony Hoang [US]	Juan Chao [US]	W	6	4
Tony Hoang [US]	Charles Platel [US]	T	7	5
Tony Hoang [US]	Javier Skwara [US]	W	10	6
Tony Hoang [US]	Erick Devine [US]	L	10	7
Matt Gilson [US]	Thomas Trently [US]	W	3	1
Matt Gilson [US]	Andrew Mahone [US]	L	3	2
Matt Gilson [US]	Chris Leandro [US]	T	4	3
Matt Gilson [US]	Lorenzo Menendez [CA]	L	4	4
Matt Gilson [US]	Donovan Vanorsdale [US]	W	7	5
Matt Gilson [US]	Sean Medeiros [US]	W	10	6
Matt Gilson [US]	Mark Dizon [CA]	L	10	7
Shalom Arellano [US]	Josh Stapler [US]	L	0	1
Shalom Arellano [US]	Jeremy Klug [US]	W	3	2
Shalom Arellano [US]	Konstantinos Kousidis [US]	L	3	3
Shalom Arellano [US]	Jonathan Reyes [US]	W	6	4
Shalom Arellano [US]	Jeffrey Criss [US]	T	7	5
Shalom Arellano [US]	Nairobi Gammage [US]	W	10	6
Shalom Arellano [US]	Mike Wargo [US]	L	10	7
Matthew Blatnick [US]	Jay Leppo [US]	W	3	1
Matthew Blatnick [US]	Tristan Lackey [US]	L	3	2
Matthew Blatnick [US]	Josh Marking [US]	L	3	3
Matthew Blatnick [US]	Will Eagle [US]	W	6	4
Matthew Blatnick [US]	Josh Fuller [US]	W	9	5
Matthew Blatnick [US]	Calvin Chang [US]	T	10	6
Matthew Blatnick [US]	Arjun Khadse [US]	L	10	7
Alana Watanabe [US]	James Coyle [US]	L	0	1
Alana Watanabe [US]	Adam Starliper [US]	W	3	2
Alana Watanabe [US]	Cassidy Gibson [US]	T	4	3
Alana Watanabe [US]	Meredith Knowles [US]	W	7	4
Alana Watanabe [US]	Mateo Arboleda [EC]	L	7	5
Alana Watanabe [US]	James Riggs [US]	W	10	6
Alana Watanabe [US]	Joshua Fine [US]	L	10	7
Chris Bargeron [US]	Isaiah Cheville [US]	L	0	1
Chris Bargeron [US]	Jeff Tingley [US]	L	0	2
Chris Bargeron [US]	Brady Hooker [US]	T	1	3
Chris Bargeron [US]	Jeffrey Heim [US]	W	4	4
Chris Bargeron [US]	Andrew Sams [US]	W	7	5
Chris Bargeron [US]	Matthew Bowie [US]	L	7	6
Chris Bargeron [US]	Corey Hudson [US]	W	10	7
Benjamin Sallavanti [US]	Bryan Ortiz [CA]	L	0	1
Benjamin Sallavanti [US]	Abraham Madruga [US]	T	1	2
Benjamin Sallavanti [US]	Brian Tabares-Navia [US]	L	1	3
Benjamin Sallavanti [US]	Kelli Kirmer [US]	W	4	4
Benjamin Sallavanti [US]	Meredith Knowles [US]	W	7	5
Benjamin Sallavanti [US]	Nathaniel Lamar [US]	W	10	6
Benjamin Sallavanti [US]	Daniel Sopko [US]	L	10	7
Vincent Mangubat [US]	Cody Walker [US]	W	3	1
Vincent Mangubat [US]	Nick Trausch [US]	W	6	2
Vincent Mangubat [US]	Gina Padron [US]	W	9	3
Vincent Mangubat [US]	Sujith Nalabolu [US]	L	9	4
Vincent Mangubat [US]	Michael Otero [US]	T	10	5
Vincent Mangubat [US]	Dan Ricci [US]	L	10	6
Alec Shaw	LATE	L	0	1
Alec Shaw	Tariq Eddington [US]	L	0	2
Alec Shaw	Kendall Rust [US]	W	3	3
Alec Shaw	Jacob Angelo [US]	W	6	4
Alec Shaw	Sam Gulas [US]	T	7	5
Alec Shaw	Jay Medeiros [CA]	W	10	6
Alec Shaw	Simon Trottier-Lacasse [CA]	L	10	7
Alec Shaw	Cresmar Justin Hernaez [US]	L	10	8
Alec Shaw	Austin Ensing [US]	L	10	9
Emily Wierzba [US]	Grayson Lang [US]	W	3	1
Emily Wierzba [US]	Christine Dong [US]	T	4	2
Emily Wierzba [US]	Johnny Rabus [US]	L	4	3
Emily Wierzba [US]	Jonah Villarosa [US]	L	4	4
Emily Wierzba [US]	Aiden Toler [US]	T	5	5
Emily Wierzba [US]	Thomas DeHart [US]	W	8	6
Emily Wierzba [US]	Dylan Cassidy [US]	T	9	7
Emily Wierzba [US]	Steven Tokar [US]	L	9	8
Emily Wierzba [US]	Seth Heitmann [US]	L	9	9
PAUL GIZA [US]	Joshua Curtin [US]	W	3	1
PAUL GIZA [US]	Michael Pianka [US]	L	3	2
PAUL GIZA [US]	Ben Gateley [US]	W	6	3
PAUL GIZA [US]	Grant Shen [US]	L	6	4
PAUL GIZA [US]	Beau Fleetwood [US]	L	6	5
PAUL GIZA [US]	Cody Pedigo [US]	L	6	6
PAUL GIZA [US]	matthew seifstein [US]	W	9	7
PAUL GIZA [US]	Derrick Chan [US]	L	9	8
PAUL GIZA [US]	Gustavo Ortiz [US]	L	9	9
Ryan Overcash [US]	Gabriel Smart [US]	L	0	1
Ryan Overcash [US]	Juliano Capretta [US]	W	3	2
Ryan Overcash [US]	Tony Hoang [US]	W	6	3
Ryan Overcash [US]	Albert Centeno [US]	L	6	4
Ryan Overcash [US]	Joseph Perez [US]	L	6	5
Ryan Overcash [US]	Zach Robinson [US]	W	9	6
Ryan Overcash [US]	Zach Goodwin [US]	L	9	7
Ryan Overcash [US]	Konstantinos Kousidis [US]	L	9	8
Ryan Overcash [US]	Juniper Ogee [US]	L	9	9
Pat Eshghy [US]	Jacob Carrasco [US]	L	0	1
Pat Eshghy [US]	Jacob Sisco [US]	W	3	2
Pat Eshghy [US]	Kyle Lesniewicz [US]	L	3	3
Pat Eshghy [US]	Connor Chiappetta [US]	L	3	4
Pat Eshghy [US]	Jacob Angelo [US]	W	6	5
Pat Eshghy [US]	Nikky Riccio [US]	L	6	6
Pat Eshghy [US]	Anthony Le [US]	W	9	7
Pat Eshghy [US]	Wade Anderson [US]	L	9	8
Pat Eshghy [US]	Domenick Ritchie [CA]	L	9	9
Steven Leu [US]	Aren Ashlock [US]	L	0	1
Steven Leu [US]	Dryden Hawn [US]	L	0	2
Steven Leu [US]	Joseph Hayward [US]	W	3	3
Steven Leu [US]	Reis Tipton [US]	W	6	4
Steven Leu [US]	Michael Plocinik [US]	L	6	5
Steven Leu [US]	Andrew Dain [US]	W	9	6
Steven Leu [US]	Lily Morgan [US]	L	9	7
Steven Leu [US]	Adam Peters [US]	L	9	8
Steven Leu [US]	Alexander Edralin [US]	L	9	9
Joseph Young [US]	Harrison Zipp [US]	L	0	1
Joseph Young [US]	Hannah El-Dada [US]	W	3	2
Joseph Young [US]	Ricardo Quintanilla [US]	T	4	3
Joseph Young [US]	Hayes Kwong [US]	W	7	4
Joseph Young [US]	Zach Laska [US]	T	8	5
Joseph Young [US]	Joseph Esten [US]	L	8	6
Joseph Young [US]	Frank Diaz [US]	T	9	7
Joseph Young [US]	Hasan Kunukcu [US]	L	9	8
Joseph Young [US]	Matthew Ratliff [US]	L	9	9
Jonathan Ruff [US]	Bryan Hunter [US]	T	1	1
Jonathan Ruff [US]	Simon Copenhaver [US]	T	2	2
Jonathan Ruff [US]	William Paquette [US]	L	2	3
Jonathan Ruff [US]	Ken Hwang [CA]	L	2	4
Jonathan Ruff [US]	Javi Marrero [US]	W	5	5
Jonathan Ruff [US]	Scott Mottern [US]	L	5	6
Jonathan Ruff [US]	Ian Hunter [US]	T	6	7
Jonathan Ruff [US]	Ricardo Gonzalez [US]	W	9	8
Jonathan Ruff [US]	Tanner Brown [US]	L	9	9
Anthony Kocan [US]	Rishi Gupta [US]	L	0	1
Anthony Kocan [US]	Harley Palmer [US]	T	1	2
Anthony Kocan [US]	Greyson Snyder [US]	L	1	3
Anthony Kocan [US]	Joshua Gunn [US]	W	4	4
Anthony Kocan [US]	Chris Mooney [US]	L	4	5
Anthony Kocan [US]	Derek Li [US]	T	5	6
Anthony Kocan [US]	Max McKitrick [US]	T	6	7
Anthony Kocan [US]	Peter Ma [CA]	L	6	8
Anthony Kocan [US]	Samantha Truex [US]	W	9	9
Jesse Spangler [US]	Jose Gonzalez [US]	L	0	1
Jesse Spangler [US]	Juan Mora [US]	L	0	2
Jesse Spangler [US]	garrett briglia [US]	L	0	3
Jesse Spangler [US]	Paul Martin [US]	L	0	4
Jesse Spangler [US]	Cristian Montas [US]	W	3	5
Jesse Spangler [US]	BYE	W	6	6
Jesse Spangler [US]	Gabriel Rosa [US]	L	6	7
Jesse Spangler [US]	Carl Drake [US]	W	9	8
Jesse Spangler [US]	Jesus Ramirez [US]	L	9	9
Kevin Deitche [US]	Austin Ensing [US]	W	3	1
Kevin Deitche [US]	Logan Anna [US]	L	3	2
Kevin Deitche [US]	Case Bennink [US]	L	3	3
Kevin Deitche [US]	Chung-Min An [US]	W	6	4
Kevin Deitche [US]	Matthew Reed [US]	L	6	5
Kevin Deitche [US]	Ty Murray [US]	W	9	6
Kevin Deitche [US]	Walker Halliburton [US]	L	9	7
Kevin Deitche [US]	Marvin Lu Banzon [CA]	L	9	8
Kevin Deitche [US]	Abijah Jongsma [CA]	L	9	9
Jonathan Patterson [US]	Adam Caracciolo [US]	L	0	1
Jonathan Patterson [US]	Kayla Plotkin [US]	L	0	2
Jonathan Patterson [US]	Robert Rupert	W	3	3
Jonathan Patterson [US]	Kenrry Alvarado [US]	T	4	4
Jonathan Patterson [US]	Cody Torres [US]	L	4	5
Jonathan Patterson [US]	Alfonso Vallejo [US]	T	5	6
Jonathan Patterson [US]	Paul Thompson [CA]	W	8	7
Jonathan Patterson [US]	Brodee McCoy [US]	L	8	8
Jonathan Patterson [US]	Jim Squires [US]	T	9	9
Abijah Jongsma [CA]	Tristan Bennett [US]	L	0	1
Abijah Jongsma [CA]	Devin Morrow [US]	W	3	2
Abijah Jongsma [CA]	Kyle Sanchez [US]	L	3	3
Abijah Jongsma [CA]	Anthony DiMascio [US]	L	3	4
Abijah Jongsma [CA]	Robert Rupert	W	6	5
Abijah Jongsma [CA]	Juliano Capretta [US]	W	9	6
Abijah Jongsma [CA]	Alex Raymond [US]	L	9	7
Abijah Jongsma [CA]	Jose Luis Sanchez [US]	L	9	8
Abijah Jongsma [CA]	Kevin Deitche [US]	L	9	9
Joshua Tierney [US]	Albert Centeno [US]	L	0	1
Joshua Tierney [US]	Taylor Petricca [US]	W	3	2
Joshua Tierney [US]	Collin Smelcer [US]	L	3	3
Joshua Tierney [US]	Matthew Reed [US]	L	3	4
Joshua Tierney [US]	Lion Chen [US]	W	6	5
Joshua Tierney [US]	Frank Hunter [US]	L	6	6
Joshua Tierney [US]	John Blatchford [US]	W	9	7
Joshua Tierney [US]	Gabriel Lopez [US]	L	9	8
Joshua Tierney [US]	Garrett Scott [US]	L	9	9
David Stressman [US]	Kenny Ngo [US]	L	0	1
David Stressman [US]	Ryan Ferry [US]	L	0	2
David Stressman [US]	Sebastian Ardila [US]	T	1	3
David Stressman [US]	Erin Fields [US]	W	4	4
David Stressman [US]	Ana Julia de Simone Brito dos Santos [BR]	T	5	5
David Stressman [US]	Chris Johncox [US]	W	8	6
David Stressman [US]	Tate Whitesell [US]	L	8	7
David Stressman [US]	Walter Portillo [US]	L	8	8
David Stressman [US]	Phoebe DePerry [US]	T	9	9
Shawn Brown [CA]	Brandon Comer [US]	T	1	1
Shawn Brown [CA]	John Bannan [US]	W	4	2
Shawn Brown [CA]	Austin Ragotzy [US]	W	7	3
Shawn Brown [CA]	Paul Margold [CA]	L	7	4
Shawn Brown [CA]	Jordan Wilson [US]	T	8	5
Shawn Brown [CA]	Ryan Mayer [US]	L	8	6
Shawn Brown [CA]	Alexander Greslick [US]	L	8	7
Shawn Brown [CA]	Aaron Madison	T	9	8
Shawn Brown [CA]	Abby Brown [US]	L	9	9
Anthony Le [US]	Lorenzo Menendez [CA]	L	0	1
Anthony Le [US]	Tristan Batman Macek [US]	L	0	2
Anthony Le [US]	Tony Curtis [US]	W	3	3
Anthony Le [US]	James Dorner [US]	W	6	4
Anthony Le [US]	Joe Ferrari [CA]	L	6	5
Anthony Le [US]	joseph halcomb [US]	L	6	6
Anthony Le [US]	Pat Eshghy [US]	L	6	7
Anthony Le [US]	Elgar Benavides [US]	W	9	8
Anthony Le [US]	Cody Zimmerman [US]	L	9	9
Steven Axtell [US]	Anthony Alvarez [US]	T	1	1
Steven Axtell [US]	Tyler O'Barto [US]	T	2	2
Steven Axtell [US]	Alec Geissler [US]	L	2	3
Steven Axtell [US]	Mateo Cortes [US]	L	2	4
Steven Axtell [US]	Jaylen Jackson [US]	W	5	5
Steven Axtell [US]	Zachary Schmidt [US]	W	8	6
Steven Axtell [US]	Jihoon Youn [US]	L	8	7
Steven Axtell [US]	Ryan Turner [US]	T	9	8
Steven Axtell [US]	Leopoldo Narciso [US]	L	9	9
Spencer Snyder [US]	Samantha Truex [US]	W	3	1
Spencer Snyder [US]	Riley Hulbert [US]	L	3	2
Spencer Snyder [US]	Trenton Staley [US]	L	3	3
Spencer Snyder [US]	Yajie Zhang [CA]	W	6	4
Spencer Snyder [US]	Ryan Gonzalez [US]	L	6	5
Spencer Snyder [US]	Cameron Toner [US]	L	6	6
Spencer Snyder [US]	Caden Styche [US]	W	9	7
Spencer Snyder [US]	Brandon Stull [US]	L	9	8
Spencer Snyder [US]	Anastazja Clappison [CA]	L	9	9
J-F Guimond [CA]	Scott Mottern [US]	T	1	1
J-F Guimond [CA]	Sam Macaluso [US]	T	2	2
J-F Guimond [CA]	Trevor Stier [US]	L	2	3
J-F Guimond [CA]	Tyler O'Barto [US]	T	3	4
J-F Guimond [CA]	Nelson Normandia [US]	W	6	5
J-F Guimond [CA]	Jonathan Zielenski [US]	L	6	6
J-F Guimond [CA]	Daniel Sutch [US]	W	9	7
J-F Guimond [CA]	Ben Gateley [US]	L	9	8
J-F Guimond [CA]	Max McKitrick [US]	L	9	9
Russell Shinabarger [US]	Luis Nunez [US]	T	1	1
Russell Shinabarger [US]	Steven Spotts [US]	T	2	2
Russell Shinabarger [US]	Alex Raymond [US]	L	2	3
Russell Shinabarger [US]	Paul Scheetz [US]	L	2	4
Russell Shinabarger [US]	Juan Vazquez [US]	T	3	5
Russell Shinabarger [US]	Daniel Shogan [US]	W	6	6
Russell Shinabarger [US]	Abby Brown [US]	W	9	7
Russell Shinabarger [US]	Christian Dingle [US]	L	9	8
Russell Shinabarger [US]	Scott Zelenak [US]	L	9	9
Crysta Bomenblit [US]	Derrick Schwarz [US]	L	0	1
Crysta Bomenblit [US]	Dishan Thayaparan [CA]	W	3	2
Crysta Bomenblit [US]	matthew seifstein [US]	W	6	3
Crysta Bomenblit [US]	Trenton Staley [US]	L	6	4
Crysta Bomenblit [US]	Alex Espinosa [US]	L	6	5
Crysta Bomenblit [US]	Rich Longer [US]	L	6	6
Crysta Bomenblit [US]	Ben Helsel [CA]	W	9	7
Crysta Bomenblit [US]	Alex Pearce [US]	L	9	8
Crysta Bomenblit [US]	Evan Bennett [US]	L	9	9
Sherri Lee [US]	Nathan Bumbarger [US]	L	0	1
Sherri Lee [US]	Zackary Turner [US]	L	0	2
Sherri Lee [US]	Andy Jiang [US]	W	3	3
Sherri Lee [US]	Michael Plocinik [US]	L	3	4
Sherri Lee [US]	Brandon Gilbert [US]	L	3	5
Sherri Lee [US]	Virginia Schmidt [US]	W	6	6
Sherri Lee [US]	Wade Anderson [US]	L	6	7
Sherri Lee [US]	Daniel Sutch [US]	W	9	8
Sherri Lee [US]	Chi Wu [US]	L	9	9
Kevin Johns [US]	Joseph Cajas [US]	L	0	1
Kevin Johns [US]	Clayton Pennington [US]	T	1	2
Kevin Johns [US]	Jonathan Connell [US]	T	2	3
Kevin Johns [US]	William Heffernan [US]	W	5	4
Kevin Johns [US]	Matthew Novak [US]	L	5	5
Kevin Johns [US]	Nicholas Bernardo [US]	T	6	6
Kevin Johns [US]	Jessica Rowland [US]	W	9	7
Kevin Johns [US]	Eudezia Rodrigues [BR]	L	9	8
Kevin Johns [US]	Nikkolas Paserba [US]	L	9	9
Ryan Turner [US]	Jacob Stillwell [US]	L	0	1
Ryan Turner [US]	Aaron Madison	T	1	2
Ryan Turner [US]	Aaron Latham [US]	W	4	3
Ryan Turner [US]	Chris Leandro [US]	W	7	4
Ryan Turner [US]	Armaan Pahwa [US]	T	8	5
Ryan Turner [US]	Zach Lowman [US]	L	8	6
Ryan Turner [US]	Kyle Salzman [US]	L	8	7
Ryan Turner [US]	Steven Axtell [US]	T	9	8
Ryan Turner [US]	Travis Rowley [US]	L	9	9
Jim Squires [US]	Timothy Bennett [US]	T	1	1
Jim Squires [US]	Aiden Toler [US]	L	1	2
Jim Squires [US]	Abraham Madruga [US]	L	1	3
Jim Squires [US]	Jake Szafranski [US]	W	4	4
Jim Squires [US]	Logan Peterson [US]	T	5	5
Jim Squires [US]	Joshua Griffith [US]	L	5	6
Jim Squires [US]	Joseph Smith [US]	L	5	7
Jim Squires [US]	Keegan Holland [US]	W	8	8
Jim Squires [US]	Jonathan Patterson [US]	T	9	9
Kyle Parent [US]	Beau Fleetwood [US]	L	0	1
Kyle Parent [US]	Jiazuo Sun [US]	L	0	2
Kyle Parent [US]	Oneida Williams [US]	W	3	3
Kyle Parent [US]	Dan Whitman [US]	L	3	4
Kyle Parent [US]	Chris Degner [US]	L	3	5
Kyle Parent [US]	Nat McLean [US]	W	6	6
Kyle Parent [US]	Nicholas Bernardo [US]	L	6	7
Kyle Parent [US]	Noah Duncan [US]	W	9	8
Kyle Parent [US]	Thom Vaknin [US]	L	9	9
Matthew Miller [US]	Dan Hugar [US]	L	0	1
Matthew Miller [US]	**VIP18 Jay Finn [US]	W	3	2
Matthew Miller [US]	Tenchi Starr [US]	L	3	3
Matthew Miller [US]	Hasan Kunukcu [US]	L	3	4
Matthew Miller [US]	Landon Riffle [US]	L	3	5
Matthew Miller [US]	Tyler O'Barto [US]	L	3	6
Matthew Miller [US]	Richard Clarke	W	6	7
Matthew Miller [US]	Wesley Renye [US]	W	9	8
Matthew Miller [US]	Peter Ma [CA]	L	9	9
Phoebe DePerry [US]	Evan Gregory [US]	L	0	1
Phoebe DePerry [US]	Jake Roblez [US]	T	1	2
Phoebe DePerry [US]	Greg Wills [US]	T	2	3
Phoebe DePerry [US]	Steven Bates [US]	L	2	4
Phoebe DePerry [US]	ulises perez [US]	L	2	5
Phoebe DePerry [US]	Ashton Waite [US]	W	5	6
Phoebe DePerry [US]	Basim Elgohary [US]	W	8	7
Phoebe DePerry [US]	Anthony Canizalez [US]	L	8	8
Phoebe DePerry [US]	David Stressman [US]	T	9	9
Jaylen Jackson [US]	eugene davis [US]	L	0	1
Jaylen Jackson [US]	Chris Berrocal [US]	T	1	2
Jaylen Jackson [US]	Fayez Syed [US]	L	1	3
Jaylen Jackson [US]	Aidan Adkins [US]	T	2	4
Jaylen Jackson [US]	Steven Axtell [US]	L	2	5
Jaylen Jackson [US]	Mortimer Cavanah [US]	W	5	6
Jaylen Jackson [US]	Kai Coe [US]	T	6	7
Jaylen Jackson [US]	Ian Hunter [US]	L	6	8
Jaylen Jackson [US]	Daniel Moore [US]	W	9	9
Victoria Barry [US]	Regan Retzloff [US]	L	0	1
Victoria Barry [US]	Regis Bellemare [CA]	T	1	2
Victoria Barry [US]	Zachary Ellis [US]	L	1	3
Victoria Barry [US]	Hubert Lin [US]	T	2	4
Victoria Barry [US]	Pierce Langley [US]	T	3	5
Victoria Barry [US]	Juan Vazquez [US]	L	3	6
Victoria Barry [US]	Nat McLean [US]	L	3	7
Victoria Barry [US]	Christian Beech [US]	W	6	8
Victoria Barry [US]	Kiefer Brown [CA]	W	9	9
John Blatchford [US]	George Burdine [US]	L	0	1
John Blatchford [US]	Matthew Monteiro [US]	T	1	2
John Blatchford [US]	Sophia Becker [US]	T	2	3
John Blatchford [US]	Keven Muniz [US]	T	3	4
John Blatchford [US]	Miguel Dooley [US]	W	6	5
John Blatchford [US]	Marty Reyes [US]	L	6	6
John Blatchford [US]	Joshua Tierney [US]	L	6	7
John Blatchford [US]	Joseph Hoover [US]	W	9	8
John Blatchford [US]	Christian Galvan [US]	L	9	9
Elgar Benavides [US]	Bryan Bush [US]	L	0	1
Elgar Benavides [US]	Weston Riggle [US]	W	3	2
Elgar Benavides [US]	Stephen Sinnes [US]	L	3	3
Elgar Benavides [US]	Samantha Durci [US]	W	6	4
Elgar Benavides [US]	Azul Garcia Griego [US]	L	6	5
Elgar Benavides [US]	Mikela Gassert [US]	L	6	6
Elgar Benavides [US]	Dominic Zottoli [US]	L	6	7
Elgar Benavides [US]	Anthony Le [US]	L	6	8
Elgar Benavides [US]	Kai Coe [US]	W	9	9
Gustavo Ortiz [US]	Nathaniel Zlockie [US]	L	0	1
Gustavo Ortiz [US]	Joe Ward [US]	L	0	2
Gustavo Ortiz [US]	Michael Morton [US]	L	0	3
Gustavo Ortiz [US]	Luke Markovich	W	3	4
Gustavo Ortiz [US]	Andrew Kanallakan [US]	W	6	5
Gustavo Ortiz [US]	Nathaniel Edelman [US]	L	6	6
Gustavo Ortiz [US]	Muhamed Palatinus [CA]	W	9	7
Gustavo Ortiz [US]	Anthony DiMascio [US]	L	9	8
Gustavo Ortiz [US]	PAUL GIZA [US]	L	9	9
Christopher Scafuri [US]	Zach Paullet [US]	T	1	1
Christopher Scafuri [US]	Neel Patel [US]	L	1	2
Christopher Scafuri [US]	Jason Malyuk jr [US]	T	2	3
Christopher Scafuri [US]	Alexander Greslick [US]	L	2	4
Christopher Scafuri [US]	William Heffernan [US]	W	5	5
Christopher Scafuri [US]	Ana Julia de Simone Brito dos Santos [BR]	T	6	6
Christopher Scafuri [US]	Alexander Smith [US]	W	9	7
Christopher Scafuri [US]	Bryan Hunter [US]	L	9	8
Christopher Scafuri [US]	justin jenkins [US]	L	9	9
Noah Duncan [US]	Sean Van Alen [US]	L	0	1
Noah Duncan [US]	Benjamin Howard [US]	L	0	2
Noah Duncan [US]	Richard Clarke	W	3	3
Noah Duncan [US]	Orin Porter [US]	L	3	4
Noah Duncan [US]	Juliano Capretta [US]	L	3	5
Noah Duncan [US]	Devin Morrow [US]	L	3	6
Noah Duncan [US]	David Navarette [US]	W	6	7
Noah Duncan [US]	Kyle Parent [US]	L	6	8
Noah Duncan [US]	Wesley Renye [US]	W	9	9
Preston Smith [US]	Danny Chalet [US]	L	0	1
Preston Smith [US]	Ryan Reichley [US]	L	0	2
Preston Smith [US]	Nat McLean [US]	L	0	3
Preston Smith [US]	Michael Kim [US]	W	3	4
Preston Smith [US]	Alexander Smith [US]	L	3	5
Preston Smith [US]	Ashelia Bowsher [US]	W	6	6
Preston Smith [US]	Russell Dilley [US]	L	6	7
Preston Smith [US]	Caden Styche [US]	L	6	8
Preston Smith [US]	Nicholas Hruska [US]	W	9	9
David Powell [US]	Rachel Komorowski [US]	L	0	1
David Powell [US]	Daniel Sutch [US]	L	0	2
David Powell [US]	Chi Wu [US]	L	0	3
David Powell [US]	Nathan Zondlo [US]	L	0	4
David Powell [US]	Cierra Sparks [US]	W	3	5
David Powell [US]	Greg Downing [US]	W	6	6
David Powell [US]	Andrew Dain [US]	L	6	7
David Powell [US]	Nat McLean [US]	W	9	8
David Powell [US]	Cameron Toner [US]	L	9	9
Paul Thompson [CA]	Derek Li [US]	L	0	1
Paul Thompson [CA]	James Smith [US]	L	0	2
Paul Thompson [CA]	Robbie Brock [US]	W	3	3
Paul Thompson [CA]	Lyle Narciso [US]	T	4	4
Paul Thompson [CA]	Jason Burch [US]	L	4	5
Paul Thompson [CA]	Henry Charnock [US]	T	5	6
Paul Thompson [CA]	Jonathan Patterson [US]	L	5	7
Paul Thompson [CA]	Kiefer Brown [CA]	T	6	8
Paul Thompson [CA]	Jacob Brown [US]	W	9	9
Muhamed Palatinus [CA]	Andrew Edberg [US]	L	0	1
Muhamed Palatinus [CA]	Christopher Smith [US]	L	0	2
Muhamed Palatinus [CA]	Nelson Normandia [US]	L	0	3
Muhamed Palatinus [CA]	Kyle Adams [US]	W	3	4
Muhamed Palatinus [CA]	Eduardo Tzapin [US]	W	6	5
Muhamed Palatinus [CA]	Jacob Boris [US]	L	6	6
Muhamed Palatinus [CA]	Gustavo Ortiz [US]	L	6	7
Muhamed Palatinus [CA]	Nicholas Hruska [US]	W	9	8
Muhamed Palatinus [CA]	Juan Vazquez [US]	L	9	9
David Navarette [US]	Jessica Rowland [US]	L	0	1
David Navarette [US]	Chris Leandro [US]	L	0	2
David Navarette [US]	Austin Ensing [US]	L	0	3
David Navarette [US]	Cierra Sparks [US]	W	3	4
David Navarette [US]	Nick Fleming [US]	L	3	5
David Navarette [US]	justin jenkins [US]	L	3	6
David Navarette [US]	Noah Duncan [US]	L	3	7
David Navarette [US]	Dylan Parris [US]	W	6	8
David Navarette [US]	Noah White [US]	W	9	9
Ricardo Gonzalez [US]	Tyco Huynh [US]	L	0	1
Ricardo Gonzalez [US]	William Heffernan [US]	T	1	2
Ricardo Gonzalez [US]	Landon Pfeffer [US]	L	1	3
Ricardo Gonzalez [US]	**VIP20 Zack Henry [US]	T	2	4
Ricardo Gonzalez [US]	Max McKitrick [US]	L	2	5
Ricardo Gonzalez [US]	Dylan McKinney [US]	T	3	6
Ricardo Gonzalez [US]	Daniel Shogan [US]	W	6	7
Ricardo Gonzalez [US]	Jonathan Ruff [US]	L	6	8
Ricardo Gonzalez [US]	Danielle Mckernan [US]	W	9	9
Brian Ortiz [US]	Alexander Welsh [US]	W	3	1
Brian Ortiz [US]	Kevin Baxter [US]	W	6	2
Brian Ortiz [US]	Braiden Elfert [US]	W	9	3
Brian Ortiz [US]	jesse spencer [US]	L	9	4
Brian Ortiz [US]	Austin Ellis [CA]	L	9	5
Brian Ortiz [US]	Michael Catron [US]	L	9	6
Brian Ortiz [US]	Ryan Williams [US]	L	9	7
Brian Ortiz [US]	Nichola Bauwelinck [BE]	L	9	8
Anthony Nimmons [US]	Chris Berrocal [US]	W	3	1
Anthony Nimmons [US]	Matthew Wood [CA]	L	3	2
Anthony Nimmons [US]	Stephen McGaffney [US]	L	3	3
Anthony Nimmons [US]	Connor Simpson [US]	W	6	4
Anthony Nimmons [US]	Benjamin McEachen [US]	L	6	5
Anthony Nimmons [US]	Jason Fisher [US]	W	9	6
Anthony Nimmons [US]	Yarden Segal [CA]	L	9	7
Anthony Nimmons [US]	Brandon Allen [US]	L	9	8
Kevin Hardy [US]	Juan Contla [US]	L	0	1
Kevin Hardy [US]	Kendall Rust [US]	W	3	2
Kevin Hardy [US]	Holly Sturm [US]	W	6	3
Kevin Hardy [US]	Jay Cristiano [CA]	W	9	4
Kevin Hardy [US]	Daniel Rao [CA]	L	9	5
Kevin Hardy [US]	Harris Noor [US]	L	9	6
Kevin Hardy [US]	Cody Friend [US]	L	9	7
Kevin Hardy [US]	Andy Jiang [US]	L	9	8
Eric Aubertin [CA]	Nathan Spencer [US]	T	1	1
Eric Aubertin [CA]	Mark Zamora [US]	W	4	2
Eric Aubertin [CA]	Fernando Calderon Jr [US]	T	5	3
Eric Aubertin [CA]	Yarden Segal [CA]	T	6	4
Eric Aubertin [CA]	Tyler Holland [US]	W	9	5
Eric Aubertin [CA]	Bo Montanye [US]	L	9	6
Eric Aubertin [CA]	joseph halcomb [US]	L	9	7
Eric Aubertin [CA]	Rafal Gladysz [US]	L	9	8
Brandon Salazar [US]	Russell Monteiro [US]	L	0	1
Brandon Salazar [US]	James Thiel [US]	W	3	2
Brandon Salazar [US]	Adam Kalamat [CA]	T	4	3
Brandon Salazar [US]	Mason Kulik [US]	T	5	4
Brandon Salazar [US]	Chase Sutton [US]	T	6	5
Brandon Salazar [US]	Bryant Wood [US]	W	9	6
Brandon Salazar [US]	Mike Fouchet [US]	L	9	7
Brandon Salazar [US]	**VIP17 Ricardo Escobar [US]	L	9	8
Dave Biasotti [US]	Jen Funck [US]	W	3	1
Dave Biasotti [US]	Josh Owens [US]	W	6	2
Dave Biasotti [US]	Donny McCoy [US]	L	6	3
Dave Biasotti [US]	Moe Uddin [US]	L	6	4
Dave Biasotti [US]	Cameron Toner [US]	W	9	5
Dave Biasotti [US]	Stephen Eshghy [US]	L	9	6
Dave Biasotti [US]	Daniel Nelson [US]	L	9	7
Dave Biasotti [US]	Wojtek Gronek [CA]	L	9	8
PJ Witusik [US]	Joseph Haas [US]	W	3	1
PJ Witusik [US]	Zach Laska [US]	L	3	2
PJ Witusik [US]	Daniel Zhou [CA]	L	3	3
PJ Witusik [US]	Harry Rachel [US]	W	6	4
PJ Witusik [US]	Josh Harper [US]	L	6	5
PJ Witusik [US]	Bryan Bush [US]	W	9	6
PJ Witusik [US]	Anthony Strange [US]	L	9	7
PJ Witusik [US]	Alex Morris [US]	L	9	8
Tyler Wyrostek [US]	Zack Martin [US]	L	0	1
Tyler Wyrostek [US]	Aaron Dearborn [US]	W	3	2
Tyler Wyrostek [US]	Shinnosuke Komiya [US]	T	4	3
Tyler Wyrostek [US]	Shawn Ovens [US]	W	7	4
Tyler Wyrostek [US]	Francisco Figueroa [US]	T	8	5
Tyler Wyrostek [US]	Christian Umipig [CA]	L	8	6
Tyler Wyrostek [US]	Mike Sprague [NO]	T	9	7
Tyler Wyrostek [US]	Cody Leigh [US]	L	9	8
Cesar Garcia-Carranza [US]	Aushton Kelusky [CA]	T	1	1
Cesar Garcia-Carranza [US]	Stephen Morris [US]	W	4	2
Cesar Garcia-Carranza [US]	Megan McBreairty [US]	L	4	3
Cesar Garcia-Carranza [US]	Owen Robinson [US]	T	5	4
Cesar Garcia-Carranza [US]	Sean Van Alen [US]	W	8	5
Cesar Garcia-Carranza [US]	Diane Schemanske [US]	L	8	6
Cesar Garcia-Carranza [US]	Jesus Ramirez [US]	T	9	7
Cesar Garcia-Carranza [US]	Zachary Smart [US]	L	9	8
Nick Fleming [US]	Alex Espinosa [US]	L	0	1
Nick Fleming [US]	Ryan Bown [US]	W	3	2
Nick Fleming [US]	Adam Reinhardt [US]	L	3	3
Nick Fleming [US]	Sam Gulas [US]	L	3	4
Nick Fleming [US]	David Navarette [US]	W	6	5
Nick Fleming [US]	Nathan Spencer [US]	W	9	6
Nick Fleming [US]	Eric Straining [US]	L	9	7
Nick Fleming [US]	Cody Hope [US]	L	9	8
Nicholas Bernardo [US]	Keaton Gill [US]	L	0	1
Nicholas Bernardo [US]	Jason Beers [US]	W	3	2
Nicholas Bernardo [US]	Anthony Danczak [US]	L	3	3
Nicholas Bernardo [US]	Jihoon Youn [US]	T	4	4
Nicholas Bernardo [US]	Edwin Cohetero	T	5	5
Nicholas Bernardo [US]	Kevin Johns [US]	T	6	6
Nicholas Bernardo [US]	Kyle Parent [US]	W	9	7
Nicholas Bernardo [US]	Jacob Boris [US]	L	9	8
Matt Stachewicz [US]	Anthony Spanitz [US]	L	0	1
Matt Stachewicz [US]	Anthony Richards [US]	W	3	2
Matt Stachewicz [US]	Jack Rooney [US]	L	3	3
Matt Stachewicz [US]	Holly Sturm [US]	W	6	4
Matt Stachewicz [US]	Andrew Ryals [US]	L	6	5
Matt Stachewicz [US]	Michael Kuchinsky [US]	W	9	6
Matt Stachewicz [US]	Sean Hipp [US]	L	9	7
Matt Stachewicz [US]	Evan Gregory [US]	L	9	8
Brian Coppola [US]	oscar sowell [US]	W	3	1
Brian Coppola [US]	Ezequiel Moreno [US]	L	3	2
Brian Coppola [US]	Tyler Holland [US]	L	3	3
Brian Coppola [US]	Wade Anderson [US]	L	3	4
Brian Coppola [US]	Will Eagle [US]	W	6	5
Brian Coppola [US]	Adam Emerson [US]	W	9	6
Brian Coppola [US]	Harrison Leven [US]	L	9	7
Brian Coppola [US]	Russell Dilley [US]	L	9	8
Michael Plocinik [US]	Robert Carter [US]	W	3	1
Michael Plocinik [US]	Will Schoeffler [US]	L	3	2
Michael Plocinik [US]	Ritter Minnix [US]	L	3	3
Michael Plocinik [US]	Sherri Lee [US]	W	6	4
Michael Plocinik [US]	Steven Leu [US]	W	9	5
Michael Plocinik [US]	Alexander Polkow [US]	L	9	6
Michael Plocinik [US]	Michael Lade [US]	L	9	7
Michael Plocinik [US]	Brenden Littlefield [US]	L	9	8
Brian Rivas [US]	Nairobi Gammage [US]	L	0	1
Brian Rivas [US]	Bryson Hunt [CA]	L	0	2
Brian Rivas [US]	Jake Bankert [US]	W	3	3
Brian Rivas [US]	Nicholas Shuba [US]	W	6	4
Brian Rivas [US]	Harrison Leven [US]	L	6	5
Brian Rivas [US]	Zachary Muller [US]	W	9	6
Brian Rivas [US]	Tecara Newton [CA]	L	9	7
Brian Rivas [US]	Charles Ligato [US]	L	9	8
Holly Sturm [US]	Jay Cristiano [CA]	L	0	1
Holly Sturm [US]	Loc Nguyen [US]	W	3	2
Holly Sturm [US]	Kevin Hardy [US]	L	3	3
Holly Sturm [US]	Matt Stachewicz [US]	L	3	4
Holly Sturm [US]	Virginia Schmidt [US]	W	6	5
Holly Sturm [US]	Nicholas Hruska [US]	W	9	6
Holly Sturm [US]	William Lee [US]	L	9	7
Holly Sturm [US]	Aquilino Diaz [US]	L	9	8
**VIP32 Karim Velji [CA]	Bryson Cliggett [US]	L	0	1
**VIP32 Karim Velji [CA]	Trenton Staley [US]	L	0	2
**VIP32 Karim Velji [CA]	justin jenkins [US]	L	0	3
**VIP32 Karim Velji [CA]	Carl Drake [US]	W	3	4
**VIP32 Karim Velji [CA]	Macauley Simmons [US]	L	3	5
**VIP32 Karim Velji [CA]	Nelson Normandia [US]	W	6	6
**VIP32 Karim Velji [CA]	Sophie Ryan [US]	W	9	7
**VIP32 Karim Velji [CA]	Thomas Trently [US]	L	9	8
Nam Truong [US]	Erich Francis [US]	L	0	1
Nam Truong [US]	J Garrison [US]	L	0	2
Nam Truong [US]	Jacob Mastin [US]	L	0	3
Nam Truong [US]	Ryan Seaburg [US]	L	0	4
Nam Truong [US]	Dylan Parris [US]	W	3	5
Nam Truong [US]	Tim Tipton [US]	W	6	6
Nam Truong [US]	Daniel Moore [US]	W	9	7
Nam Truong [US]	fausto guerrero [US]	L	9	8
Tristan Lackey [US]	Josh Harper [US]	W	3	1
Tristan Lackey [US]	Matthew Blatnick [US]	W	6	2
Tristan Lackey [US]	Alexander Phillips [US]	L	6	3
Tristan Lackey [US]	Daniel Lopez [US]	L	6	4
Tristan Lackey [US]	Eric Rodriguez [US]	L	6	5
Tristan Lackey [US]	Michael Sherman [US]	W	9	6
Tristan Lackey [US]	Noah Kaiser [US]	L	9	7
Collin Harris [US]	Stephen McClain [US]	W	3	1
Collin Harris [US]	Osvaldo Murillo [US]	W	6	2
Collin Harris [US]	Zach Lowman [US]	W	9	3
Collin Harris [US]	CJ Rodriguez [US]	L	9	4
Collin Harris [US]	Sebastian Francomartin [US]	L	9	5
Collin Harris [US]	Gabriel Smart [US]	L	9	6
Collin Harris [US]	Cody Pedigo [US]	L	9	7
Brandon May [US]	Cameron Shenoy [US]	W	3	1
Brandon May [US]	chris bodden [US]	L	3	2
Brandon May [US]	Garrett Scott [US]	W	6	3
Brandon May [US]	Joshua Bickel [US]	W	9	4
Brandon May [US]	Dominic Viola [US]	L	9	5
Brandon May [US]	Matthew Reed [US]	L	9	6
Brandon May [US]	Marco Profenno [US]	L	9	7
Angelo toscano [US]	Pedro Estrada [US]	W	3	1
Angelo toscano [US]	Bradley Wantz [US]	W	6	2
Angelo toscano [US]	Michael Chen [US]	L	6	3
Angelo toscano [US]	Ryan Vujanovich [US]	L	6	4
Angelo toscano [US]	tyler palmison [US]	L	6	5
Angelo toscano [US]	Alexander Smith [US]	W	9	6
Angelo toscano [US]	Jonathan Lupercio [US]	L	9	7
Paul D'Amico [US]	Amanda Ploener [US]	L	0	1
Paul D'Amico [US]	Erick Devine [US]	W	3	2
Paul D'Amico [US]	**VIP15 Brandon Chang [US]	W	6	3
Paul D'Amico [US]	Anthony Danczak [US]	W	9	4
Paul D'Amico [US]	Braiden Elfert [US]	L	9	5
Paul D'Amico [US]	Ethan Bougneit [US]	L	9	6
Paul D'Amico [US]	Camden Southern [US]	L	9	7
Zachary Cooper [US]	Christopher Smith [US]	W	3	1
Zachary Cooper [US]	Greg Downing [US]	W	6	2
Zachary Cooper [US]	Andrew Hedrick [US]	L	6	3
Zachary Cooper [US]	Garry breech [US]	W	9	4
Zachary Cooper [US]	Riley Hulbert [US]	L	9	5
Zachary Cooper [US]	Edward Valencia [US]	L	9	6
Zachary Cooper [US]	Dennis Peroff [CA]	L	9	7
Michael Sherman [US]	Juan Flores [US]	W	3	1
Michael Sherman [US]	Rowan Stavenow [CA]	L	3	2
Michael Sherman [US]	Ryan Reichley [US]	W	6	3
Michael Sherman [US]	Mike Newey [US]	L	6	4
Michael Sherman [US]	Jake Humphries [US]	L	6	5
Michael Sherman [US]	Tristan Lackey [US]	L	6	6
Michael Sherman [US]	Wesley Renye [US]	W	9	7
Jake Humphries [US]	Christian Villarosa [US]	W	3	1
Jake Humphries [US]	Owen Johnson [CA]	L	3	2
Jake Humphries [US]	Anthony Guevara [US]	L	3	3
Jake Humphries [US]	Miguel Dooley [US]	W	6	4
Jake Humphries [US]	Michael Sherman [US]	W	9	5
Jake Humphries [US]	Benjamin McEachen [US]	L	9	6
Jake Humphries [US]	Brian Kondor [US]	L	9	7
Joe Browning [US]	Michael Kelly [US]	W	3	1
Joe Browning [US]	Gregory Sweeney [US]	W	6	2
Joe Browning [US]	Jack Wong [CA]	L	6	3
Joe Browning [US]	HECTOR IBARRA [US]	L	6	4
Joe Browning [US]	Saharut Teavahasakulthong [US]	W	9	5
Joe Browning [US]	Tom Day [CA]	L	9	6
Joe Browning [US]	John Munoz [US]	L	9	7
Connor McNamara [US]	Seth Wagner [US]	W	3	1
Connor McNamara [US]	Aidan Khus [US]	L	3	2
Connor McNamara [US]	Carlos Saenz [MX]	L	3	3
Connor McNamara [US]	Lion Chen [US]	W	6	4
Connor McNamara [US]	Brock Davis [US]	L	6	5
Connor McNamara [US]	Cameron Johnson [US]	W	9	6
Connor McNamara [US]	Dave Abt [US]	L	9	7
Anthony Danczak [US]	Neil Campbell [US]	W	3	1
Anthony Danczak [US]	Jeremy Gumila [US]	L	3	2
Anthony Danczak [US]	Nicholas Bernardo [US]	W	6	3
Anthony Danczak [US]	Paul D'Amico [US]	L	6	4
Anthony Danczak [US]	J Garrison [US]	L	6	5
Anthony Danczak [US]	Connor Woolf [US]	W	9	6
Anthony Danczak [US]	Zach Stone [US]	L	9	7
Orin Porter [US]	Anthony Bulone [US]	L	0	1
Orin Porter [US]	Carl Drake [US]	W	3	2
Orin Porter [US]	Sebastian Francomartin [US]	L	3	3
Orin Porter [US]	Noah Duncan [US]	W	6	4
Orin Porter [US]	Maxwell Douglass [US]	L	6	5
Orin Porter [US]	James DiMaggio [US]	W	9	6
Orin Porter [US]	Alex Larson [US]	L	9	7
Gregory Tschann [US]	Ben Helsel [CA]	W	3	1
Gregory Tschann [US]	Nikolas Carson [CA]	L	3	2
Gregory Tschann [US]	Philip Matthews [US]	L	3	3
Gregory Tschann [US]	Vincent Ciampi [US]	W	6	4
Gregory Tschann [US]	Jose Medina [US]	L	6	5
Gregory Tschann [US]	alexys rodriguez [US]	W	9	6
Gregory Tschann [US]	Nikky Riccio [US]	L	9	7
Zachary Hopper [US]	James Thompson [US]	W	3	1
Zachary Hopper [US]	bryan okrey [US]	L	3	2
Zachary Hopper [US]	Dre Alderette [US]	L	3	3
Zachary Hopper [US]	Nathan Newton [US]	L	3	4
Zachary Hopper [US]	Ben Wing [US]	W	6	5
Zachary Hopper [US]	Bryan Kennedy [US]	L	6	6
Zachary Hopper [US]	Garrett Scott [US]	W	9	7
Ramon Mera [US]	Jay Gelunas [US]	W	3	1
Ramon Mera [US]	Arron Sanyer [US]	L	3	2
Ramon Mera [US]	Stephen Eshghy [US]	L	3	3
Ramon Mera [US]	Byron Breckenridge [US]	W	6	4
Ramon Mera [US]	Michael Lade [US]	L	6	5
Ramon Mera [US]	Austin Frailing [US]	W	9	6
Ramon Mera [US]	Wilfred Worland [US]	L	9	7
Joseph Rebernik [US]	Daniel Nelson [US]	L	0	1
Joseph Rebernik [US]	Josh Maurer [US]	L	0	2
Joseph Rebernik [US]	Ryan Akuszewski [US]	W	3	3
Joseph Rebernik [US]	Loren Sowell [US]	W	6	4
Joseph Rebernik [US]	Rich Longer [US]	W	9	5
Joseph Rebernik [US]	Nathaniel Zlockie [US]	L	9	6
Joseph Rebernik [US]	Jonathan Zielenski [US]	L	9	7
Rich Longer [US]	Kyle Lamp [US]	L	0	1
Rich Longer [US]	Suren Sritharan [CA]	W	3	2
Rich Longer [US]	Ryan Williams [US]	L	3	3
Rich Longer [US]	Camaren Coker [US]	W	6	4
Rich Longer [US]	Joseph Rebernik [US]	L	6	5
Rich Longer [US]	Crysta Bomenblit [US]	W	9	6
Rich Longer [US]	Joe Ferrari [CA]	L	9	7
Jacob Walton [US]	Alex Kalbach [US]	W	3	1
Jacob Walton [US]	Chi Chi Huang [US]	L	3	2
Jacob Walton [US]	Shehwaz Rassiwalla [US]	L	3	3
Jacob Walton [US]	Drew Britton [US]	L	3	4
Jacob Walton [US]	Samuel Anserello [US]	W	6	5
Jacob Walton [US]	Benjamin Gavin [US]	W	9	6
Jacob Walton [US]	Tyler Annaert [CA]	L	9	7
Nikolas Daily [US]	Zachery Wolf [US]	L	0	1
Nikolas Daily [US]	Jeffrey Lang [US]	W	3	2
Nikolas Daily [US]	Jared Woitalla [US]	L	3	3
Nikolas Daily [US]	Nichola Bauwelinck [BE]	L	3	4
Nikolas Daily [US]	Loc Nguyen [US]	L	3	5
Nikolas Daily [US]	Jacob Brown [US]	W	6	6
Nikolas Daily [US]	Jacob Williams [US]	W	9	7
Bryan Daly [US]	Ana Julia de Simone Brito dos Santos [BR]	T	1	1
Bryan Daly [US]	Trevor Passmore [US]	L	1	2
Bryan Daly [US]	Juan Vazquez [US]	T	2	3
Bryan Daly [US]	Maritza Ocampo [US]	T	3	4
Bryan Daly [US]	Phillip Lineberry [US]	W	6	5
Bryan Daly [US]	Matthew Hall [US]	W	9	6
Bryan Daly [US]	Alfredo Sepulveda [US]	L	9	7
Devin Morrow [US]	Chazz Castaneda [US]	L	0	1
Devin Morrow [US]	Abijah Jongsma [CA]	L	0	2
Devin Morrow [US]	Seth Wagner [US]	W	3	3
Devin Morrow [US]	Jacob Mastin [US]	L	3	4
Devin Morrow [US]	Simon Copenhaver [US]	L	3	5
Devin Morrow [US]	Noah Duncan [US]	W	6	6
Devin Morrow [US]	Steven Spotts [US]	W	9	7
Samantha Durci [US]	Jake Roblez [US]	W	3	1
Samantha Durci [US]	Chris Gonzalez [US]	L	3	2
Samantha Durci [US]	Roger Ramjit [US]	L	3	3
Samantha Durci [US]	Elgar Benavides [US]	L	3	4
Samantha Durci [US]	Ryan Seaburg [US]	W	6	5
Samantha Durci [US]	Megan Fiscus [US]	W	9	6
Samantha Durci [US]	Michael Messina [US]	L	9	7
Robert Bradley [US]	Hang Yu Lin [CA]	W	3	1
Robert Bradley [US]	Travis Herrell [US]	W	6	2
Robert Bradley [US]	Jeremy Gumila [US]	W	9	3
Robert Bradley [US]	DJ Alleyne [US]	L	9	4
Robert Bradley [US]	Evan Brzeczkowski [US]	L	9	5
Robert Bradley [US]	Jacob Stillwell [US]	L	9	6
Petar Luketina [US]	alexys rodriguez [US]	W	3	1
Petar Luketina [US]	Michael Marino [US]	W	6	2
Petar Luketina [US]	Kelsey Stapler [US]	W	9	3
Petar Luketina [US]	Rishi Gupta [US]	L	9	4
Petar Luketina [US]	Haoyan Kang [US]	L	9	5
Petar Luketina [US]	Erin McCann [US]	L	9	6
Danny Chalet [US]	Preston Smith [US]	W	3	1
Danny Chalet [US]	Ivan Chan [US]	L	3	2
Danny Chalet [US]	Lance Plavka [US]	W	6	3
Danny Chalet [US]	Stephen McGaffney [US]	W	9	4
Danny Chalet [US]	Tyler Ralston [US]	L	9	5
Danny Chalet [US]	Alex Espinosa [US]	L	9	6
Mason Kulik [US]	Jeremy Gumila [US]	L	0	1
Mason Kulik [US]	Josh Fuller [US]	W	3	2
Mason Kulik [US]	Dakota Davey [US]	T	4	3
Mason Kulik [US]	Brandon Salazar [US]	T	5	4
Mason Kulik [US]	Calvin Nordberg [US]	W	8	5
Mason Kulik [US]	Aryn Fitzpatrick [US]	T	9	6
Mitre Prathumratana [US]	Corey Kane [US]	W	3	1
Mitre Prathumratana [US]	Alex Espinosa [US]	W	6	2
Mitre Prathumratana [US]	Gable Funchess [US]	L	6	3
Mitre Prathumratana [US]	Alex Kalbach [US]	W	9	4
Mitre Prathumratana [US]	Robert Burley [US]	L	9	5
Mitre Prathumratana [US]	Cody Bruder [US]	L	9	6
Adam Schiewe [US]	Martin Schneider [US]	W	3	1
Adam Schiewe [US]	Tory Dunworth [US]	L	3	2
Adam Schiewe [US]	Samuel Anserello [US]	W	6	3
Adam Schiewe [US]	Rodney Whiteside [US]	W	9	4
Adam Schiewe [US]	Tristan Bennett [US]	L	9	5
Adam Schiewe [US]	Jessica Love [US]	L	9	6
Chris Costa [US]	**VIP24 Rocco Miller [US]	W	3	1
Chris Costa [US]	Tristan Maier [US]	W	6	2
Chris Costa [US]	Cyrus Davis [CA]	L	6	3
Chris Costa [US]	Jared Woitalla [US]	L	6	4
Chris Costa [US]	Joseph Hoover [US]	W	9	5
Chris Costa [US]	Wilson Rowland [US]	L	9	6
Jeffrey Weiss [US]	**VIP18 Jay Finn [US]	W	3	1
Jeffrey Weiss [US]	Blake Reagan [US]	L	3	2
Jeffrey Weiss [US]	JUSTIN PETERSON [US]	W	6	3
Jeffrey Weiss [US]	Aaron Tarbell [US]	W	9	4
Jeffrey Weiss [US]	Corey Goss [US]	L	9	5
Jeffrey Weiss [US]	Derek Swope [US]	L	9	6
Gregory Sweeney [US]	Matthew Hill-Kent [CA]	W	3	1
Gregory Sweeney [US]	Joe Browning [US]	L	3	2
Gregory Sweeney [US]	Cris Calderhead [US]	W	6	3
Gregory Sweeney [US]	Cody Graham [US]	L	6	4
Gregory Sweeney [US]	Kayla Walker [US]	W	9	5
Gregory Sweeney [US]	Ryan Reichley [US]	L	9	6
Danny Gavin [US]	Danielle Mckernan [US]	L	0	1
Danny Gavin [US]	John-Peter Gero [US]	W	3	2
Danny Gavin [US]	Benjamin Howard [US]	W	6	3
Danny Gavin [US]	Daniel Zhou [CA]	L	6	4
Danny Gavin [US]	Tyler Annaert [CA]	W	9	5
Danny Gavin [US]	Christopher Wigelsworth [US]	L	9	6
Kyle Mamounis [US]	Matt Spitzer [US]	W	3	1
Kyle Mamounis [US]	Sam Gulas [US]	W	6	2
Kyle Mamounis [US]	James Balasiak [CA]	W	9	3
Kyle Mamounis [US]	Christian LaBella [CA]	L	9	4
Kyle Mamounis [US]	Zoe Jacobsen [US]	L	9	5
Kyle Mamounis [US]	Owen Rhoads [US]	L	9	6
Azul Garcia Griego [US]	Aden Cunningham [US]	L	0	1
Azul Garcia Griego [US]	Jacob Mastin [US]	W	3	2
Azul Garcia Griego [US]	Corey Goss [US]	L	3	3
Azul Garcia Griego [US]	Dan Mellon [US]	W	6	4
Azul Garcia Griego [US]	Elgar Benavides [US]	W	9	5
Azul Garcia Griego [US]	andrew amistad [CA]	L	9	6
Anthony Guevara [US]	Elliot Muskat [US]	L	0	1
Anthony Guevara [US]	Andrew Taylor [US]	W	3	2
Anthony Guevara [US]	Jake Humphries [US]	W	6	3
Anthony Guevara [US]	Justin Bean [US]	L	6	4
Anthony Guevara [US]	Russell Dilley [US]	W	9	5
Anthony Guevara [US]	Jack Bray [US]	L	9	6
Daniel Lammers [US]	Doug Johnson [US]	W	3	1
Daniel Lammers [US]	Kelsey Stapler [US]	L	3	2
Daniel Lammers [US]	Alexander Huesca [US]	L	3	3
Daniel Lammers [US]	James McDaid [US]	W	6	4
Daniel Lammers [US]	Andrew Haga [US]	W	9	5
Daniel Lammers [US]	Owen Johnson [CA]	L	9	6
Savannah Wells [US]	Jeffrey Lang [US]	W	3	1
Savannah Wells [US]	Nicholas Vause [US]	W	6	2
Savannah Wells [US]	Mitchell Roberge [US]	L	6	3
Savannah Wells [US]	Michael Battaglia [CA]	L	6	4
Savannah Wells [US]	Dominic Zottoli [US]	W	9	5
Savannah Wells [US]	Peyton Zelenak [US]	L	9	6
Kayla Plotkin [US]	Carlos Fernandez [US]	L	0	1
Kayla Plotkin [US]	Jonathan Patterson [US]	W	3	2
Kayla Plotkin [US]	Nitish Doolub [UK]	L	3	3
Kayla Plotkin [US]	Marquise Briscoe [US]	W	6	4
Kayla Plotkin [US]	Drew Britton [US]	W	9	5
Kayla Plotkin [US]	Eddie North [US]	L	9	6
Allyssa Kephart [US]	Owen Rhoads [US]	L	0	1
Allyssa Kephart [US]	Dakota McMurray [US]	W	3	2
Allyssa Kephart [US]	Cody Friend [US]	L	3	3
Allyssa Kephart [US]	Yanci Colon [US]	W	6	4
Allyssa Kephart [US]	Nicholas Vause [US]	W	9	5
Allyssa Kephart [US]	Jose Marrero [US]	L	9	6
Jacob Avchen [US]	Carter Inman [US]	L	0	1
Jacob Avchen [US]	Jake Szafranski [US]	W	3	2
Jacob Avchen [US]	Terence Maloney [US]	W	6	3
Jacob Avchen [US]	Jacky Su [CA]	L	6	4
Jacob Avchen [US]	Zach Bowers [US]	W	9	5
Jacob Avchen [US]	Grant Shen [US]	L	9	6
Francisco Figueroa [US]	Jan Paul Manzana [CA]	W	3	1
Francisco Figueroa [US]	Gabriel Lopez [US]	W	6	2
Francisco Figueroa [US]	Matthew Wood [CA]	T	7	3
Francisco Figueroa [US]	Patrick Vargas [US]	L	7	4
Francisco Figueroa [US]	Tyler Wyrostek [US]	T	8	5
Francisco Figueroa [US]	Noah Kaiser [US]	T	9	6
Tyler Tasch [US]	Ryan Miller [US]	L	0	1
Tyler Tasch [US]	Cameron Shenoy [US]	L	0	2
Tyler Tasch [US]	Amanda Chesney [US]	W	3	3
Tyler Tasch [US]	Bryan Cantrell [US]	W	6	4
Tyler Tasch [US]	Jacob Mastin [US]	W	9	5
Tyler Tasch [US]	Manuel Perez [US]	L	9	6
Josh Szafranski [US]	Dean Marsh [US]	W	3	1
Josh Szafranski [US]	Andreya Dunks [US]	T	4	2
Josh Szafranski [US]	Noah Kaiser [US]	L	4	3
Josh Szafranski [US]	Anthony Bruno [US]	T	5	4
Josh Szafranski [US]	Michael Ehrhart [US]	T	6	5
Josh Szafranski [US]	Shena Lavespere [US]	W	9	6
Calvin Yau [US]	Colin Alber [US]	L	0	1
Calvin Yau [US]	Eric Thieleman [US]	W	3	2
Calvin Yau [US]	Abbie MacNeal [US]	W	6	3
Calvin Yau [US]	Bryant Wood [US]	W	9	4
Calvin Yau [US]	Jalen Jones [US]	L	9	5
Calvin Yau [US]	Eric Rodriguez [US]	L	9	6
Sean Andrese [US]	Anthony Richards [US]	W	3	1
Sean Andrese [US]	Joseph Fragomeni [US]	L	3	2
Sean Andrese [US]	Nick Dela Torre [US]	L	3	3
Sean Andrese [US]	Nicholas Matejzel [US]	W	6	4
Sean Andrese [US]	Adam Kosmowski [US]	W	9	5
Sean Andrese [US]	Connor Chiappetta [US]	L	9	6
Kayla Walker [US]	Maxim Korobov [US]	L	0	1
Kayla Walker [US]	Austin Wood [US]	W	3	2
Kayla Walker [US]	Ricardo Romero [MX]	L	3	3
Kayla Walker [US]	Travis Herrell [US]	W	6	4
Kayla Walker [US]	Gregory Sweeney [US]	L	6	5
Kayla Walker [US]	Chase Sutton [US]	W	9	6
Bill Papacostas [US]	Jonathan Crump [US]	W	3	1
Bill Papacostas [US]	Andrew Nunez [US]	W	6	2
Bill Papacostas [US]	Michael Diaz [US]	L	6	3
Bill Papacostas [US]	Zachary Trybus [US]	W	9	4
Bill Papacostas [US]	David Martinez [US]	L	9	5
Sean Dutcher [US]	Eric Klein [US]	W	3	1
Sean Dutcher [US]	Gage Linton [US]	L	3	2
Sean Dutcher [US]	Anthony Miller [US]	W	6	3
Sean Dutcher [US]	Andrew Dain [US]	W	9	4
Sean Dutcher [US]	Chi Chi Huang [US]	L	9	5
Aaron Madison	LATE	L	0	1
Aaron Madison	Ryan Turner [US]	T	1	2
Aaron Madison	Brandon House [US]	T	2	3
Aaron Madison	Tyler Schoenfeld [US]	W	5	4
Aaron Madison	Edgar Gomez [US]	L	5	5
Aaron Madison	Eamon Johnston [US]	L	5	6
Aaron Madison	Keegan Holland [US]	W	8	7
Aaron Madison	Shawn Brown [CA]	T	9	8
Aaron Madison	Dylan Cassidy [US]	L	9	9
Anthony Bruno [US]	Ben Vasquez [US]	L	0	1
Anthony Bruno [US]	Michael Laundrie [US]	W	3	2
Anthony Bruno [US]	Michael Ehrhart [US]	T	4	3
Anthony Bruno [US]	Josh Szafranski [US]	T	5	4
Anthony Bruno [US]	Joel Bergman [CA]	W	8	5
Anthony Bruno [US]	Edgar Gomez [US]	L	8	6
Anthony Bruno [US]	Michael Meal [CA]	L	8	7
Anthony Bruno [US]	Derek Li [US]	L	8	8
Anthony Bruno [US]	Matthew Kirk [US]	L	8	9
Ethan DeHaven [US]	Michael Lee [US]	W	3	1
Ethan DeHaven [US]	Ayana May [US]	L	3	2
Ethan DeHaven [US]	Peter Ma [CA]	T	4	3
Ethan DeHaven [US]	Dominic Arana [US]	T	5	4
Ethan DeHaven [US]	Chris Johncox [US]	W	8	5
Ethan DeHaven [US]	Jarrod Ellis [US]	L	8	6
Ethan DeHaven [US]	Eamon Johnston [US]	L	8	7
Ethan DeHaven [US]	Andrew Reinhardt [US]	L	8	8
Ethan DeHaven [US]	Alfonso Vallejo [US]	L	8	9
Steven Hummelt [US]	Elcain Chase [US]	L	0	1
Steven Hummelt [US]	Alex Zelkas [US]	W	3	2
Steven Hummelt [US]	Yong-Kyoo Hong [CA]	W	6	3
Steven Hummelt [US]	Vincent D'Arcy [US]	T	7	4
Steven Hummelt [US]	Tanner Drabek [US]	L	7	5
Steven Hummelt [US]	Kevin Williams [US]	L	7	6
Steven Hummelt [US]	Jay Medeiros [CA]	L	7	7
Steven Hummelt [US]	Christopher VanBrunt [US]	L	7	8
Steven Hummelt [US]	**VIP19 Charlie Hall [US]	T	8	9
Paul DeJesus [US]	Zachary Smart [US]	L	0	1
Paul DeJesus [US]	Steve Ondrey [US]	W	3	2
Paul DeJesus [US]	Miguel Arocho [US]	L	3	3
Paul DeJesus [US]	Odyssey Shanklin [US]	W	6	4
Paul DeJesus [US]	Jermell Parrish [US]	T	7	5
Paul DeJesus [US]	Felipe Arias [US]	L	7	6
Paul DeJesus [US]	Alex Fusco [US]	L	7	7
Paul DeJesus [US]	Katlyn Custer [US]	L	7	8
Paul DeJesus [US]	Mark Zamora [US]	T	8	9
Sean Robison [US]	Simon Copenhaver [US]	T	1	1
Sean Robison [US]	Emmi Stonier [US]	L	1	2
Sean Robison [US]	John Ducette [CA]	L	1	3
Sean Robison [US]	Michael Kiser [US]	W	4	4
Sean Robison [US]	Ezi Tran [US]	L	4	5
Sean Robison [US]	Morgan Drake [US]	W	7	6
Sean Robison [US]	Ryan Bowman [US]	T	8	7
Sean Robison [US]	Christian Wybieracki [US]	L	8	8
Sean Robison [US]	Thomas Hennessy [US]	L	8	9
Scott Trexler [US]	Wilson Rowland [US]	L	0	1
Scott Trexler [US]	Layla Merritt [US]	W	3	2
Scott Trexler [US]	Jeff Tingley [US]	L	3	3
Scott Trexler [US]	Jose Medina [US]	L	3	4
Scott Trexler [US]	Abery Ohayon [US]	T	4	5
Scott Trexler [US]	Andrew DaSilva [US]	T	5	6
Scott Trexler [US]	Christopher Smith [US]	W	8	7
Scott Trexler [US]	Hunter North [CA]	L	8	8
Scott Trexler [US]	Fayez Syed [US]	L	8	9
Justin Dunmire [US]	Sawyer Melban [US]	T	1	1
Justin Dunmire [US]	jean pierre fortin [US]	L	1	2
Justin Dunmire [US]	Michael Lacek [US]	L	1	3
Justin Dunmire [US]	Joseph Smith [US]	W	4	4
Justin Dunmire [US]	James Riggs [US]	L	4	5
Justin Dunmire [US]	Anthony Loos [US]	L	4	6
Justin Dunmire [US]	Shawn Ovens [US]	W	7	7
Justin Dunmire [US]	Thomas Hennessy [US]	T	8	8
Justin Dunmire [US]	Henry Charnock [US]	L	8	9
Greg Wills [US]	Mateo Cortes [US]	T	1	1
Greg Wills [US]	Chris Franco [US]	L	1	2
Greg Wills [US]	Phoebe DePerry [US]	T	2	3
Greg Wills [US]	Kenzie Carney [US]	W	5	4
Greg Wills [US]	**VIP33 Anthony Watkins [US]	L	5	5
Greg Wills [US]	Andrew Reinhardt [US]	L	5	6
Greg Wills [US]	Matt Ronnenberg [US]	L	5	7
Greg Wills [US]	Alfonso Vallejo [US]	L	5	8
Greg Wills [US]	Keegan Holland [US]	W	8	9
Nick Forte [US]	Ludwig Llanos [US]	L	0	1
Nick Forte [US]	Stephen Cavanaugh [US]	W	3	2
Nick Forte [US]	Andrew Sakauye [US]	T	4	3
Nick Forte [US]	Matthew Dennington [US]	W	7	4
Nick Forte [US]	Sachit Soni [US]	L	7	5
Nick Forte [US]	Eric Cromer [US]	T	8	6
Nick Forte [US]	Yehoshua Tate [US]	L	8	7
Nick Forte [US]	Jonathan Connell [US]	L	8	8
Nick Forte [US]	Matt Ronnenberg [US]	L	8	9
Dora Thilmony [US]	Gilberto Acosta [US]	L	0	1
Dora Thilmony [US]	Brandon Lane [US]	T	1	2
Dora Thilmony [US]	Carl Gavlik [US]	W	4	3
Dora Thilmony [US]	Austin Ragotzy [US]	L	4	4
Dora Thilmony [US]	Alex Fusco [US]	L	4	5
Dora Thilmony [US]	Samantha Truex [US]	T	5	6
Dora Thilmony [US]	Christopher Ruiz [US]	W	8	7
Dora Thilmony [US]	Terry anayan [CA]	L	8	8
Dora Thilmony [US]	alfredo manzanares [US]	L	8	9
**VIP19 Charlie Hall [US]	Damian Schell [US]	L	0	1
**VIP19 Charlie Hall [US]	Dan Mellon [US]	W	3	2
**VIP19 Charlie Hall [US]	Joseph Brecht [US]	L	3	3
**VIP19 Charlie Hall [US]	Erick Devine [US]	L	3	4
**VIP19 Charlie Hall [US]	Jesse Garcia [US]	T	4	5
**VIP19 Charlie Hall [US]	Joshua Cambri [US]	W	7	6
**VIP19 Charlie Hall [US]	Jonathan Crump [US]	L	7	7
**VIP19 Charlie Hall [US]	Adam Emerson [US]	L	7	8
**VIP19 Charlie Hall [US]	Steven Hummelt [US]	T	8	9
Joseph Smith [US]	Brian Tabares-Navia [US]	T	1	1
Joseph Smith [US]	Kyle Leibenguth [US]	L	1	2
Joseph Smith [US]	Josh Chevigny [US]	L	1	3
Joseph Smith [US]	Justin Dunmire [US]	L	1	4
Joseph Smith [US]	Michael Kiser [US]	T	2	5
Joseph Smith [US]	Tyler Schoenfeld [US]	W	5	6
Joseph Smith [US]	Jim Squires [US]	W	8	7
Joseph Smith [US]	Joshua Griffith [US]	L	8	8
Joseph Smith [US]	Basim Elgohary [US]	L	8	9
Saviere Stevens [US]	Charles Platel [US]	L	0	1
Saviere Stevens [US]	Brianna Velliquette [US]	W	3	2
Saviere Stevens [US]	Aren Ashlock [US]	L	3	3
Saviere Stevens [US]	Nicholas Vause [US]	L	3	4
Saviere Stevens [US]	Tony Curtis [US]	W	6	5
Saviere Stevens [US]	Eric Straining [US]	L	6	6
Saviere Stevens [US]	Jacob Angelo [US]	T	7	7
Saviere Stevens [US]	Jeremy Allen [US]	L	7	8
Saviere Stevens [US]	Shawn Smith [US]	T	8	9
Michael Kiser [US]	Charles Ligato [US]	L	0	1
Michael Kiser [US]	Hezekiah Rich [US]	L	0	2
Michael Kiser [US]	Thomas Happel [US]	T	1	3
Michael Kiser [US]	Sean Robison [US]	L	1	4
Michael Kiser [US]	Joseph Smith [US]	T	2	5
Michael Kiser [US]	Mark Zamora [US]	W	5	6
Michael Kiser [US]	Vincent Ruiz` [US]	W	8	7
Michael Kiser [US]	Eric Liu [US]	L	8	8
Michael Kiser [US]	James Coyle [US]	L	8	9
Shawn Smith [US]	robert walter [US]	T	1	1
Shawn Smith [US]	Scott Keller [US]	T	2	2
Shawn Smith [US]	Douglas Wolf Jr [US]	T	3	3
Shawn Smith [US]	Jeremy Pritz [CA]	T	4	4
Shawn Smith [US]	Chris Nagel [US]	W	7	5
Shawn Smith [US]	Richard Rothenbach [US]	L	7	6
Shawn Smith [US]	Anibal Picho [US]	L	7	7
Shawn Smith [US]	Erin Collins [US]	L	7	8
Shawn Smith [US]	Saviere Stevens [US]	T	8	9
Jarek Mead [US]	Alex Morris [US]	L	0	1
Jarek Mead [US]	Bryce Spangler [US]	L	0	2
Jarek Mead [US]	Alice Wade [US]	W	3	3
Jarek Mead [US]	Eduardo Tzapin [US]	W	6	4
Jarek Mead [US]	Jay Cristiano [CA]	L	6	5
Jarek Mead [US]	Jose Torres [US]	L	6	6
Jarek Mead [US]	Tiger Hickman [US]	T	7	7
Jarek Mead [US]	Jacob Angelo [US]	T	8	8
Jarek Mead [US]	Jorge Arteaga [US]	L	8	9
Brian Dougherty [US]	Andre Conroy [US]	T	1	1
Brian Dougherty [US]	Nick Guzman [US]	L	1	2
Brian Dougherty [US]	Robert Carter [US]	W	4	3
Brian Dougherty [US]	James Gillespie [US]	L	4	4
Brian Dougherty [US]	Travis Daun [US]	T	5	5
Brian Dougherty [US]	Logan Peterson [US]	L	5	6
Brian Dougherty [US]	Derek Li [US]	L	5	7
Brian Dougherty [US]	Jorge Arteaga [US]	L	5	8
Brian Dougherty [US]	Chris Breithaupt [US]	W	8	9
Jacob Angelo [US]	Callie Moore [CA]	L	0	1
Jacob Angelo [US]	Hal Johnston [US]	W	3	2
Jacob Angelo [US]	jaguar mount [CA]	L	3	3
Jacob Angelo [US]	Alec Shaw	L	3	4
Jacob Angelo [US]	Pat Eshghy [US]	L	3	5
Jacob Angelo [US]	Samuel Anserello [US]	W	6	6
Jacob Angelo [US]	Saviere Stevens [US]	T	7	7
Jacob Angelo [US]	Jarek Mead [US]	T	8	8
Jacob Angelo [US]	alexys rodriguez [US]	L	8	9
Jeffrey Lang [US]	Savannah Wells [US]	L	0	1
Jeffrey Lang [US]	Nikolas Daily [US]	L	0	2
Jeffrey Lang [US]	Juan Pereira [US]	L	0	3
Jeffrey Lang [US]	Tanner Bilbrey [US]	W	3	4
Jeffrey Lang [US]	James McDaid [US]	T	4	5
Jeffrey Lang [US]	Kai Coe [US]	T	5	6
Jeffrey Lang [US]	Chris Johncox [US]	L	5	7
Jeffrey Lang [US]	Julio Funes [US]	W	8	8
Jeffrey Lang [US]	Christopher Smith [US]	L	8	9
Samuel Scime [CA]	Mustafa Tobah [US]	T	1	1
Samuel Scime [CA]	Colton Meahl [US]	L	1	2
Samuel Scime [CA]	Scott Ethier [US]	W	4	3
Samuel Scime [CA]	Gregory Playter [US]	L	4	4
Samuel Scime [CA]	Scott Mottern [US]	T	5	5
Samuel Scime [CA]	Christian Galvan [US]	W	8	6
Samuel Scime [CA]	Fernando Calderon Jr [US]	L	8	7
Samuel Scime [CA]	Ricardo Lasalle Barreto [US]	L	8	8
Mauricio Patino [US]	Luke Levy [US]	T	1	1
Mauricio Patino [US]	anthony grasso [US]	W	4	2
Mauricio Patino [US]	Brian Garcia [US]	T	5	3
Mauricio Patino [US]	William Paquette [US]	L	5	4
Mauricio Patino [US]	Eric Cromer [US]	L	5	5
Mauricio Patino [US]	Chad Kray [US]	W	8	6
Mauricio Patino [US]	Jeremy Medina [US]	L	8	7
Mauricio Patino [US]	Christopher Carrier [US]	L	8	8
Gabriel Cruz [US]	Andy Zhang [US]	W	3	1
Gabriel Cruz [US]	Ryan Brais [US]	T	4	2
Gabriel Cruz [US]	Hugh McMurray [US]	T	5	3
Gabriel Cruz [US]	Alexander Byrd [US]	L	5	4
Gabriel Cruz [US]	Brock Robertson [US]	L	5	5
Gabriel Cruz [US]	Joel Bergman [CA]	L	5	6
Gabriel Cruz [US]	Tony Quach [US]	W	8	7
Gabriel Cruz [US]	Jake Skurchak [US]	L	8	8
Trevor Stier [US]	Fayez Syed [US]	T	1	1
Trevor Stier [US]	Ken Hwang [CA]	T	2	2
Trevor Stier [US]	J-F Guimond [CA]	W	5	3
Trevor Stier [US]	Nick Guzman [US]	L	5	4
Trevor Stier [US]	Christopher Carrier [US]	L	5	5
Trevor Stier [US]	Max McKitrick [US]	W	8	6
Trevor Stier [US]	Brandon House [US]	L	8	7
Trevor Stier [US]	Zachary Ellis [US]	L	8	8
Emily Forman [US]	Cresmar Justin Hernaez [US]	W	3	1
Emily Forman [US]	Jason Burch [US]	T	4	2
Emily Forman [US]	Ernesto seryey de la cruz cordova [MX]	L	4	3
Emily Forman [US]	Kyle Salzman [US]	T	5	4
Emily Forman [US]	Jeremy James [US]	W	8	5
Emily Forman [US]	Addie Ward [US]	L	8	6
Emily Forman [US]	**VIP34 Dallas White [US]	L	8	7
Emily Forman [US]	James Thompson [US]	L	8	8
Zachary Ellis [US]	Tyler O'Barto [US]	T	1	1
Zachary Ellis [US]	Timothy Bennett [US]	L	1	2
Zachary Ellis [US]	Victoria Barry [US]	W	4	3
Zachary Ellis [US]	Jose Gonzalez [US]	T	5	4
Zachary Ellis [US]	Kamal Crooks-Valdez [US]	L	5	5
Zachary Ellis [US]	Michael Meal [CA]	L	5	6
Zachary Ellis [US]	Robbie Brock [US]	W	8	7
Zachary Ellis [US]	Trevor Stier [US]	L	8	8
Javier Skwara [US]	Andrew Roman [US]	L	0	1
Javier Skwara [US]	Joey Jordan [US]	T	1	2
Javier Skwara [US]	Christian Galvan [US]	L	1	3
Javier Skwara [US]	Miguel Bardales [US]	W	4	4
Javier Skwara [US]	Derek Li [US]	W	7	5
Javier Skwara [US]	Tony Hoang [US]	L	7	6
Javier Skwara [US]	James Coyle [US]	T	8	7
Javier Skwara [US]	Connor Simpson [US]	L	8	8
Brandon Strong [US]	Camaren Coker [US]	W	3	1
Brandon Strong [US]	James Coyle [US]	T	4	2
Brandon Strong [US]	Sean Medeiros [US]	L	4	3
Brandon Strong [US]	Trevor Bales [US]	L	4	4
Brandon Strong [US]	Jake Roblez [US]	T	5	5
Brandon Strong [US]	Thomas Hennessy [US]	W	8	6
Brandon Strong [US]	Aiden Toler [US]	L	8	7
Brandon Strong [US]	Jeremy Waxman [US]	L	8	8
Walker Moss [US]	Kenny Hernandez [US]	L	0	1
Walker Moss [US]	Miguel Bardales [US]	T	1	2
Walker Moss [US]	Cameron Bonds [US]	W	4	3
Walker Moss [US]	Nik Barbero [US]	L	4	4
Walker Moss [US]	Mathew Moose [US]	L	4	5
Walker Moss [US]	Dishan Thayaparan [CA]	W	7	6
Walker Moss [US]	JUSTIN PETERSON [US]	T	8	7
Walker Moss [US]	Mason Hans [US]	L	8	8
**VIP20 Zack Henry [US]	Eddy Morales-Bailey [US]	T	1	1
**VIP20 Zack Henry [US]	Daniel Sopko [US]	L	1	2
**VIP20 Zack Henry [US]	Josh Lynn [US]	L	1	3
**VIP20 Zack Henry [US]	Ricardo Gonzalez [US]	T	2	4
**VIP20 Zack Henry [US]	Eamon Johnston [US]	L	2	5
**VIP20 Zack Henry [US]	Ryan Fitzmaurice [US]	W	5	6
**VIP20 Zack Henry [US]	Jake Roblez [US]	W	8	7
**VIP20 Zack Henry [US]	Nicholas Mileo [US]	L	8	8
James Thompson [US]	Zachary Hopper [US]	L	0	1
James Thompson [US]	Bryan Desmond [US]	T	1	2
James Thompson [US]	Keven Muniz [US]	T	2	3
James Thompson [US]	Hunter North [CA]	L	2	4
James Thompson [US]	Tyler Schoenfeld [US]	W	5	5
James Thompson [US]	Evan Bennett [US]	L	5	6
James Thompson [US]	Fayez Syed [US]	W	8	7
James Thompson [US]	Emily Forman [US]	L	8	8
Jordan Markle [US]	Jacob Brown [US]	W	3	1
Jordan Markle [US]	Jashua Robles [US]	L	3	2
Jordan Markle [US]	eugene davis [US]	T	4	3
Jordan Markle [US]	Jared Alindogan [US]	W	7	4
Jordan Markle [US]	Juan Mora [US]	T	8	5
Jordan Markle [US]	Chris Berrocal [US]	L	8	6
Jordan Markle [US]	Dylan Smeigh [US]	L	8	7
Mauricio Martinez [US]	Adrian Lopez [US]	T	1	1
Mauricio Martinez [US]	Eric Trinh [US]	W	4	2
Mauricio Martinez [US]	Aryn Fitzpatrick [US]	T	5	3
Mauricio Martinez [US]	Cameron Kawasaki [US]	L	5	4
Mauricio Martinez [US]	Sophia Becker [US]	W	8	5
Mauricio Martinez [US]	Jake Ewart [US]	L	8	6
Mauricio Martinez [US]	Jessica Blackwell [US]	L	8	7
Anna Tarasuk [US]	Adam Kalamat [CA]	L	0	1
Anna Tarasuk [US]	garrett briglia [US]	W	3	2
Anna Tarasuk [US]	Nik Barbero [US]	T	4	3
Anna Tarasuk [US]	Christian Hamby [US]	T	5	4
Anna Tarasuk [US]	Terry anayan [CA]	W	8	5
Anna Tarasuk [US]	Chris Knudsvig [US]	L	8	6
Anna Tarasuk [US]	Eric Trinh [US]	L	8	7
Justin Kulas [US]	Chris Pagan [US]	T	1	1
Justin Kulas [US]	Nito Suarez [US]	W	4	2
Justin Kulas [US]	Wyatt Ethier [US]	W	7	3
Justin Kulas [US]	Justin Doney [US]	L	7	4
Justin Kulas [US]	William Timmermeyer [US]	T	8	5
Justin Kulas [US]	José Torres [US]	L	8	6
Justin Kulas [US]	Adam Kalamat [CA]	L	8	7
Armaan Pahwa [US]	Nikolas Carson [CA]	L	0	1
Armaan Pahwa [US]	Austin Ensing [US]	W	3	2
Armaan Pahwa [US]	Andres Estrada [US]	T	4	3
Armaan Pahwa [US]	Gregory Fortier [CA]	W	7	4
Armaan Pahwa [US]	Ryan Turner [US]	T	8	5
Armaan Pahwa [US]	Alexander Rodriguez [US]	L	8	6
Armaan Pahwa [US]	Andreya Dunks [US]	L	8	7
Rocky Barr [US]	Douglas Wolf Jr [US]	T	1	1
Rocky Barr [US]	Carl Gavlik [US]	W	4	2
Rocky Barr [US]	Jake Dillon [US]	L	4	3
Rocky Barr [US]	Breon Wilson [US]	W	7	4
Rocky Barr [US]	Zach Lowman [US]	T	8	5
Rocky Barr [US]	Kenneth Mauder [US]	L	8	6
Rocky Barr [US]	Zach Cohen [US]	L	8	7
Michael Dones [US]	Taylor Molina [US]	W	3	1
Michael Dones [US]	Jan Michael Ortiz [US]	T	4	2
Michael Dones [US]	Jonathan Lupercio [US]	T	5	3
Michael Dones [US]	Josh Clinton [US]	L	5	4
Michael Dones [US]	Kyle Salzman [US]	W	8	5
Michael Dones [US]	Bryson Cliggett [US]	L	8	6
Michael Dones [US]	Damian Schell [US]	L	8	7
JUSTIN PETERSON [US]	Steve Ondrey [US]	W	3	1
JUSTIN PETERSON [US]	Ryan Lavespere [US]	L	3	2
JUSTIN PETERSON [US]	Jeffrey Weiss [US]	L	3	3
JUSTIN PETERSON [US]	Loc Nguyen [US]	W	6	4
JUSTIN PETERSON [US]	Thad Weyand [US]	T	7	5
JUSTIN PETERSON [US]	Joshua Fine [US]	L	7	6
JUSTIN PETERSON [US]	Walker Moss [US]	T	8	7
Christian Hamby [US]	Felipe Arias [US]	L	0	1
Christian Hamby [US]	Kade Johnson [US]	W	3	2
Christian Hamby [US]	Dan Ricci [US]	T	4	3
Christian Hamby [US]	Anna Tarasuk [US]	T	5	4
Christian Hamby [US]	Sam Macaluso [US]	L	5	5
Christian Hamby [US]	Jacob Maxwell [US]	W	8	6
Christian Hamby [US]	Pranav Ganti [US]	L	8	7
Jeremy James [US]	Matthew Ratliff [US]	W	3	1
Jeremy James [US]	Jerry Li [US]	L	3	2
Jeremy James [US]	Mateo Arboleda [EC]	T	4	3
Jeremy James [US]	Clayton Pennington [US]	T	5	4
Jeremy James [US]	Emily Forman [US]	L	5	5
Jeremy James [US]	Christopher Smith [US]	W	8	6
Jeremy James [US]	Ben DeGarmo [US]	L	8	7
John Bannan [US]	Breon Wilson [US]	T	1	1
John Bannan [US]	Shawn Brown [CA]	L	1	2
John Bannan [US]	Bruce Boshell [US]	W	4	3
John Bannan [US]	Jonathan Carlin [US]	T	5	4
John Bannan [US]	Charles Ligato [US]	W	8	5
John Bannan [US]	Nate Hathaway [US]	L	8	6
John Bannan [US]	Owen Robinson [US]	L	8	7
Nathan Guffey [US]	Nito Suarez [US]	T	1	1
Nathan Guffey [US]	Josh Clinton [US]	T	2	2
Nathan Guffey [US]	Ralph Manahan [CA]	L	2	3
Nathan Guffey [US]	Christopher Wojnarowski [US]	W	5	4
Nathan Guffey [US]	Christian Galvan [US]	W	8	5
Nathan Guffey [US]	Sam Macaluso [US]	L	8	6
Nathan Guffey [US]	Scott Mottern [US]	L	8	7
**VIP33 Anthony Watkins [US]	Owen Robinson [US]	L	0	1
**VIP33 Anthony Watkins [US]	Val McFarland [US]	T	1	2
**VIP33 Anthony Watkins [US]	Vincent Ruiz` [US]	T	2	3
**VIP33 Anthony Watkins [US]	Denver Hartman [US]	W	5	4
**VIP33 Anthony Watkins [US]	Greg Wills [US]	W	8	5
**VIP33 Anthony Watkins [US]	Ralph Manahan [CA]	L	8	6
**VIP33 Anthony Watkins [US]	Arthur Terceira [US]	L	8	7
VaJuan Felix [US]	Chris martens [US]	L	0	1
VaJuan Felix [US]	Timothy Luke [US]	L	0	2
VaJuan Felix [US]	Noah White [US]	W	3	3
VaJuan Felix [US]	Travis Daun [US]	T	4	4
VaJuan Felix [US]	Kyle D'Amato [US]	W	7	5
VaJuan Felix [US]	Dan Whitman [US]	T	8	6
VaJuan Felix [US]	Paul McCann [US]	L	8	7
Chris Johncox [US]	Robert Weidman [US]	T	1	1
Chris Johncox [US]	Max McKitrick [US]	T	2	2
Chris Johncox [US]	David Wilber Jr [US]	L	2	3
Chris Johncox [US]	Juan Vazquez [US]	W	5	4
Chris Johncox [US]	Ethan DeHaven [US]	L	5	5
Chris Johncox [US]	David Stressman [US]	L	5	6
Chris Johncox [US]	Jeffrey Lang [US]	W	8	7
Hal Johnston [US]	Chris Schmidt [US]	L	0	1
Hal Johnston [US]	Jacob Angelo [US]	L	0	2
Hal Johnston [US]	Bill Clark [US]	T	1	3
Hal Johnston [US]	Samantha Parichan [US]	W	4	4
Hal Johnston [US]	Ryan Bowman [US]	W	7	5
Hal Johnston [US]	Joey Gayda [US]	L	7	6
Hal Johnston [US]	Nicholas Mileo [US]	T	8	7
Alexander Welsh [US]	Brian Ortiz [US]	L	0	1
Alexander Welsh [US]	Marcus payne [US]	L	0	2
Alexander Welsh [US]	Raymond Dumuk [US]	W	3	3
Alexander Welsh [US]	Jacob Henry [US]	W	6	4
Alexander Welsh [US]	Jack Rindal [US]	T	7	5
Alexander Welsh [US]	Lukas Gindt [US]	L	7	6
Alexander Welsh [US]	Anthony Canizalez [US]	T	8	7
**VIP28 Joshua Murray [US]	Bradley Erickson [US]	W	3	1
**VIP28 Joshua Murray [US]	Mikey Kalb [US]	T	4	2
**VIP28 Joshua Murray [US]	Emmet Hurley [US]	W	7	3
**VIP28 Joshua Murray [US]	Brayden Karvelas [US]	T	8	4
**VIP28 Joshua Murray [US]	Isaiah Bradner [US]	L	8	5
**VIP28 Joshua Murray [US]	McKinley Freeman [US]	L	8	6
**VIP23 Link Maynard [US]	Benjamin Grove [US]	W	3	1
**VIP23 Link Maynard [US]	Aidan Ulian [CA]	W	6	2
**VIP23 Link Maynard [US]	Justin Doney [US]	T	7	3
**VIP23 Link Maynard [US]	Joseph Figliano [US]	L	7	4
**VIP23 Link Maynard [US]	Zach Lesage [CA]	L	7	5
**VIP23 Link Maynard [US]	Jihoon Youn [US]	T	8	6
Brock Robertson [US]	Kris Krueger [US]	W	3	1
Brock Robertson [US]	Joe Sturino [US]	T	4	2
Brock Robertson [US]	Kieran Inch [US]	T	5	3
Brock Robertson [US]	Ramon Morales [US]	L	5	4
Brock Robertson [US]	Gabriel Cruz [US]	W	8	5
Brock Robertson [US]	William Timmermeyer [US]	L	8	6
Anthony Alvarez [US]	Steven Axtell [US]	T	1	1
Anthony Alvarez [US]	Anthony Balko [US]	W	4	2
Anthony Alvarez [US]	Kevin Garcia [US]	L	4	3
Anthony Alvarez [US]	Jackson Ford [CA]	T	5	4
Anthony Alvarez [US]	Christopher Osborn [US]	W	8	5
Anthony Alvarez [US]	Brian Garcia [US]	L	8	6
Luis Nunez [US]	Russell Shinabarger [US]	T	1	1
Luis Nunez [US]	David Cook [US]	T	2	2
Luis Nunez [US]	Max McKitrick [US]	W	5	3
Luis Nunez [US]	Ben Cryer [US]	L	5	4
Luis Nunez [US]	David Wilber Jr [US]	W	8	5
Luis Nunez [US]	Alec Geissler [US]	L	8	6
Jordan Wilson [US]	evan fullaway [US]	L	0	1
Jordan Wilson [US]	Alexander Smith [US]	W	3	2
Jordan Wilson [US]	Jose Medina [US]	W	6	3
Jordan Wilson [US]	Andrew Mease [US]	T	7	4
Jordan Wilson [US]	Shawn Brown [CA]	T	8	5
Jordan Wilson [US]	Brian Carroll [US]	L	8	6
Josh Clinton [US]	Steve Menkel [US]	T	1	1
Josh Clinton [US]	Nathan Guffey [US]	T	2	2
Josh Clinton [US]	Eamon Johnston [US]	W	5	3
Josh Clinton [US]	Michael Dones [US]	W	8	4
Josh Clinton [US]	Justin Lambert [US]	L	8	5
Josh Clinton [US]	Justin Teng [US]	L	8	6
Matthew Novak [US]	Summer Plesko [US]	T	1	1
Matthew Novak [US]	alan bolden [US]	W	4	2
Matthew Novak [US]	Evan Gregory [US]	L	4	3
Matthew Novak [US]	Carli Wilson [US]	T	5	4
Matthew Novak [US]	Kevin Johns [US]	W	8	5
Matthew Novak [US]	Clayton Pennington [US]	L	8	6
Hugh McMurray [US]	Kelli Kirmer [US]	W	3	1
Hugh McMurray [US]	Aaron Walker [US]	T	4	2
Hugh McMurray [US]	Gabriel Cruz [US]	T	5	3
Hugh McMurray [US]	José Torres [US]	L	5	4
Hugh McMurray [US]	Joshua Davies [US]	W	8	5
Hugh McMurray [US]	Brandon Lane [US]	L	8	6
Hal Stewart [US]	Ty Murray [US]	W	3	1
Hal Stewart [US]	Giancarlo Bortolon [CA]	L	3	2
Hal Stewart [US]	Dillon Barta [US]	T	4	3
Hal Stewart [US]	Matthew Regula [US]	W	7	4
Hal Stewart [US]	Zach Cohen [US]	T	8	5
Hal Stewart [US]	Carlos Fernandez [US]	L	8	6
Kamal Crooks-Valdez [US]	Jay Medeiros [CA]	T	1	1
Kamal Crooks-Valdez [US]	Michael Guzman [US]	L	1	2
Kamal Crooks-Valdez [US]	Bryan Desmond [US]	W	4	3
Kamal Crooks-Valdez [US]	Cody Hope [US]	T	5	4
Kamal Crooks-Valdez [US]	Zachary Ellis [US]	W	8	5
Kamal Crooks-Valdez [US]	Gavin Zhou [CA]	L	8	6
Carli Wilson [US]	Eddie North [US]	L	0	1
Carli Wilson [US]	Cierra Sparks [US]	W	3	2
Carli Wilson [US]	Matthew Regula [US]	T	4	3
Carli Wilson [US]	Matthew Novak [US]	T	5	4
Carli Wilson [US]	Dylan Smeigh [US]	L	5	5
Carli Wilson [US]	Austin Knowles [US]	W	8	6
Connor Johnson [US]	Curtis Potter [US]	L	0	1
Connor Johnson [US]	Chelsea-Rose Halkyard [US]	T	1	2
Connor Johnson [US]	Mateo Cortes [US]	T	2	3
Connor Johnson [US]	Vincent Ruiz` [US]	W	5	4
Connor Johnson [US]	Michael Meal [CA]	W	8	5
Connor Johnson [US]	Ken Hwang [CA]	L	8	6
Richard Clarke	LATE	L	0	1
Richard Clarke	Joseph Nawal [US]	L	0	2
Richard Clarke	Noah Duncan [US]	L	0	3
Richard Clarke	Tito Gonzalez [US]	T	1	4
Richard Clarke	Andrew Wakefield [US]	L	1	5
Richard Clarke	Noah White [US]	T	2	6
Richard Clarke	Matthew Miller [US]	L	2	7
Richard Clarke	alan bolden [US]	W	5	8
Richard Clarke	Adolfo Estrada [US]	W	8	9
Robert Akey [US]	Jonah Villarosa [US]	W	3	1
Robert Akey [US]	alfredo manzanares [US]	W	6	2
Robert Akey [US]	Aman Soni [US]	T	7	3
Robert Akey [US]	James Flanagan [US]	L	7	4
Robert Akey [US]	Vincent D'Arcy [US]	L	7	5
Robert Akey [US]	Xavier Clark [US]	L	7	6
Robert Akey [US]	Charles Snyder III [US]	L	7	7
Robert Akey [US]	Geneses Pabuna [CA]	L	7	8
Robert Akey [US]	Ricardo Romero [MX]	L	7	9
Juan Escalera [US]	Matthew Molloy [US]	L	0	1
Juan Escalera [US]	Brendan Redinger [US]	W	3	2
Juan Escalera [US]	Ryan Bowman [US]	T	4	3
Juan Escalera [US]	Mathew Moose [US]	W	7	4
Juan Escalera [US]	Michael Broderick [US]	L	7	5
Juan Escalera [US]	Thomas Brophy [US]	L	7	6
Juan Escalera [US]	Joseph Hayward [US]	L	7	7
Juan Escalera [US]	Anthony Richards [US]	L	7	8
Juan Escalera [US]	Tyler O'Barto [US]	L	7	9
Logan Nelson [US]	Sarah Goldacker [US]	W	3	1
Logan Nelson [US]	Nathan Ritchie [CA]	L	3	2
Logan Nelson [US]	Ezi Tran [US]	T	4	3
Logan Nelson [US]	Joseph Huber [US]	L	4	4
Logan Nelson [US]	Brady Hooker [US]	W	7	5
Logan Nelson [US]	Jeffrey Criss [US]	L	7	6
Logan Nelson [US]	James Harris IV [US]	L	7	7
Logan Nelson [US]	Christian Villarosa [US]	L	7	8
Logan Nelson [US]	Josh Marking [US]	L	7	9
Tiger Hickman [US]	Thomas Pishock [US]	L	0	1
Tiger Hickman [US]	joshua daily [US]	L	0	2
Tiger Hickman [US]	Alexander Reckley [US]	W	3	3
Tiger Hickman [US]	Kris Krueger [US]	W	6	4
Tiger Hickman [US]	Eddie North [US]	L	6	5
Tiger Hickman [US]	Mike Fouchet [US]	L	6	6
Tiger Hickman [US]	Jarek Mead [US]	T	7	7
Tiger Hickman [US]	Travis Herrell [US]	L	7	8
Tiger Hickman [US]	Morgan Drake [US]	L	7	9
Lenya Bellemare [CA]	Evan Moore [US]	L	0	1
Lenya Bellemare [CA]	Adam Beavers [US]	L	0	2
Lenya Bellemare [CA]	Marvel Moniaga [US]	T	1	3
Lenya Bellemare [CA]	Joey Gayda [US]	L	1	4
Lenya Bellemare [CA]	Erin Fields [US]	W	4	5
Lenya Bellemare [CA]	Bill Clark [US]	W	7	6
Lenya Bellemare [CA]	**VIP21 Charles Hernandez [US]	L	7	7
Lenya Bellemare [CA]	Loc Nguyen [US]	L	7	8
Lenya Bellemare [CA]	Brandon Gilbert [US]	L	7	9
Aaron Dearborn [US]	Corey Goss [US]	L	0	1
Aaron Dearborn [US]	Tyler Wyrostek [US]	L	0	2
Aaron Dearborn [US]	Loc Nguyen [US]	L	0	3
Aaron Dearborn [US]	Darian Spencer [US]	W	3	4
Aaron Dearborn [US]	Camaren Coker [US]	T	4	5
Aaron Dearborn [US]	Christopher Ruiz [US]	W	7	6
Aaron Dearborn [US]	Asher Campbell [US]	L	7	7
Aaron Dearborn [US]	Zachary Sipling [US]	L	7	8
Aaron Dearborn [US]	James Wong [US]	L	7	9
Hayes Kwong [US]	Ryan Fitzmaurice [US]	W	3	1
Hayes Kwong [US]	Thomas Pishock [US]	T	4	2
Hayes Kwong [US]	Carlos Fernandez [US]	L	4	3
Hayes Kwong [US]	Joseph Young [US]	L	4	4
Hayes Kwong [US]	Daniel Helm [US]	L	4	5
Hayes Kwong [US]	Kiefer Brown [CA]	W	7	6
Hayes Kwong [US]	Jason Wang [US]	L	7	7
Hayes Kwong [US]	Dan Mellon [US]	L	7	8
Hayes Kwong [US]	Braidery Camacho [US]	L	7	9
Jake Gallagher [US]	Richard Rogers [US]	L	0	1
Jake Gallagher [US]	Pedro Estrada [US]	L	0	2
Jake Gallagher [US]	Diego Contes Negron [US]	W	3	3
Jake Gallagher [US]	Alexander Vences [US]	L	3	4
Jake Gallagher [US]	Shawn Chauvin [CA]	L	3	5
Jake Gallagher [US]	Paul Martin [US]	T	4	6
Jake Gallagher [US]	Taylor Petricca [US]	L	4	7
Jake Gallagher [US]	Christopher Ruiz [US]	W	7	8
Jake Gallagher [US]	Michael Lee [US]	L	7	9
Michael Kuchinsky [US]	Christian Wybieracki [US]	L	0	1
Michael Kuchinsky [US]	Hasan Kunukcu [US]	L	0	2
Michael Kuchinsky [US]	Jerry Sheng [US]	L	0	3
Michael Kuchinsky [US]	Ryan Fitzmaurice [US]	W	3	4
Michael Kuchinsky [US]	justin jenkins [US]	W	6	5
Michael Kuchinsky [US]	Matt Stachewicz [US]	L	6	6
Michael Kuchinsky [US]	Tyler O'Barto [US]	T	7	7
Michael Kuchinsky [US]	James McDaid [US]	L	7	8
Michael Kuchinsky [US]	Joseph Cajas [US]	L	7	9
Andrew Taylor [US]	Meryl Otter [US]	L	0	1
Andrew Taylor [US]	Anthony Guevara [US]	L	0	2
Andrew Taylor [US]	Cresmar Justin Hernaez [US]	T	1	3
Andrew Taylor [US]	Xavier Williams [US]	L	1	4
Andrew Taylor [US]	Morgan Drake [US]	L	1	5
Andrew Taylor [US]	Joshua Gunn [US]	L	1	6
Andrew Taylor [US]	Ryan Bown [US]	W	4	7
Andrew Taylor [US]	Raymond Lucas [US]	W	7	8
Andrew Taylor [US]	Casey Blatchford [US]	L	7	9
Mark Zamora [US]	Dominick Paul [US]	T	1	1
Mark Zamora [US]	Eric Aubertin [CA]	L	1	2
Mark Zamora [US]	Paul Scheetz [US]	T	2	3
Mark Zamora [US]	Chris Berrocal [US]	L	2	4
Mark Zamora [US]	Tony Quach [US]	L	2	5
Mark Zamora [US]	Michael Kiser [US]	L	2	6
Mark Zamora [US]	Jeanfelix Chavez [US]	T	3	7
Mark Zamora [US]	**VIP18 Jay Finn [US]	W	6	8
Mark Zamora [US]	Paul DeJesus [US]	T	7	9
Dishan Thayaparan [CA]	Adam Kosmowski [US]	L	0	1
Dishan Thayaparan [CA]	Crysta Bomenblit [US]	L	0	2
Dishan Thayaparan [CA]	Abby Brown [US]	L	0	3
Dishan Thayaparan [CA]	Amanda Gunkle [US]	W	3	4
Dishan Thayaparan [CA]	**VIP27 Dean Parkin [US]	T	4	5
Dishan Thayaparan [CA]	Walker Moss [US]	L	4	6
Dishan Thayaparan [CA]	Grayson McKinley [US]	L	4	7
Dishan Thayaparan [CA]	Arsenio Melendez [US]	W	7	8
Dishan Thayaparan [CA]	James Bratton [US]	L	7	9
Ryan Akuszewski [US]	Walter Anderson [US]	L	0	1
Ryan Akuszewski [US]	Matthew Hammond [US]	L	0	2
Ryan Akuszewski [US]	Joseph Rebernik [US]	L	0	3
Ryan Akuszewski [US]	Michael Allen [US]	L	0	4
Ryan Akuszewski [US]	Jordan Rinard [US]	L	0	5
Ryan Akuszewski [US]	Ryan Bown [US]	T	1	6
Ryan Akuszewski [US]	Ryan Fitzmaurice [US]	W	4	7
Ryan Akuszewski [US]	Morgan Drake [US]	L	4	8
Ryan Akuszewski [US]	Dylan Parris [US]	W	7	9
Amanda Gunkle [US]	Erick Mauricio [US]	L	0	1
Amanda Gunkle [US]	Ciaran Farah [CA]	L	0	2
Amanda Gunkle [US]	Hunter Berry [US]	L	0	3
Amanda Gunkle [US]	Dishan Thayaparan [CA]	L	0	4
Amanda Gunkle [US]	Ryan Fitzmaurice [US]	T	1	5
Amanda Gunkle [US]	Raymond Lucas [US]	W	4	6
Amanda Gunkle [US]	Stephen McClain [US]	L	4	7
Amanda Gunkle [US]	Adolfo Estrada [US]	W	7	8
Amanda Gunkle [US]	Nicholas Watters [US]	L	7	9
Drake Loose [US]	Matthew Nixon [US]	L	0	1
Drake Loose [US]	Scott Clark [US]	W	3	2
Drake Loose [US]	Ian Robb [US]	W	6	3
Drake Loose [US]	Michael Canaves [US]	L	6	4
Drake Loose [US]	David Ceculski [US]	T	7	5
Drake Loose [US]	Ryan Pham [US]	L	7	6
Drake Loose [US]	Justin Turner [US]	L	7	7
Drake Loose [US]	Austin Ensing [US]	L	7	8
Erick Mauricio [US]	Amanda Gunkle [US]	W	3	1
Erick Mauricio [US]	Jonathan Bergman [US]	L	3	2
Erick Mauricio [US]	Chris Siakala [US]	W	6	3
Erick Mauricio [US]	Braiden Elfert [US]	L	6	4
Erick Mauricio [US]	Anthony Giler [US]	T	7	5
Erick Mauricio [US]	Morgan Abreu [US]	L	7	6
Erick Mauricio [US]	Christine Dong [US]	L	7	7
Erick Mauricio [US]	Randall Coberly [US]	L	7	8
Dillon Ryan [US]	Luis Zambrana [US]	W	3	1
Dillon Ryan [US]	Amanda Ploener [US]	W	6	2
Dillon Ryan [US]	Myles Holtsclaw [US]	L	6	3
Dillon Ryan [US]	Sammy Allen [US]	L	6	4
Dillon Ryan [US]	Joe Rowe [US]	L	6	5
Dillon Ryan [US]	Harry West [AU]	T	7	6
Dillon Ryan [US]	Jan Michael Ortiz [US]	L	7	7
Dillon Ryan [US]	Matt Walter [US]	L	7	8
Zach Paullet [US]	Christopher Scafuri [US]	T	1	1
Zach Paullet [US]	Tyson Holder [US]	W	4	2
Zach Paullet [US]	Soumil Dusara [US]	L	4	3
Zach Paullet [US]	Jason Burch [US]	W	7	4
Zach Paullet [US]	Ryan Sabelhaus [US]	L	7	5
Zach Paullet [US]	Josh Stapler [US]	L	7	6
Zach Paullet [US]	Jean Rivera [US]	L	7	7
Zach Paullet [US]	Gregory Fortier [CA]	L	7	8
Bridget Curley [US]	Andrew Zheng [US]	W	3	1
Bridget Curley [US]	Austin Davis [US]	L	3	2
Bridget Curley [US]	June Norber [US]	L	3	3
Bridget Curley [US]	James Byrum [US]	T	4	4
Bridget Curley [US]	Benjamin Merritt [US]	L	4	5
Bridget Curley [US]	Anthony Saia [US]	W	7	6
Bridget Curley [US]	MATTHEW DIFIORE [US]	L	7	7
Bridget Curley [US]	Jack Beecher [US]	L	7	8
Zack Usiatynski [US]	Jose Marrero [US]	L	0	1
Zack Usiatynski [US]	Nathaniel Edelman [US]	W	3	2
Zack Usiatynski [US]	Travis Daun [US]	W	6	3
Zack Usiatynski [US]	Andrew Mahone [US]	L	6	4
Zack Usiatynski [US]	Ethan Szendrey [CA]	L	6	5
Zack Usiatynski [US]	Alexander Vences [US]	T	7	6
Zack Usiatynski [US]	Solomon Shurge [US]	L	7	7
Zack Usiatynski [US]	Rachel Gaston-Pifer [US]	L	7	8
Daniel Helm [US]	Chris Franco [US]	T	1	1
Daniel Helm [US]	Noah Kaiser [US]	L	1	2
Daniel Helm [US]	Asher Campbell [US]	L	1	3
Daniel Helm [US]	Jeanfelix Chavez [US]	W	4	4
Daniel Helm [US]	Hayes Kwong [US]	W	7	5
Daniel Helm [US]	Brennon Conner [US]	L	7	6
Daniel Helm [US]	Ernesto seryey de la cruz cordova [MX]	L	7	7
Daniel Helm [US]	Taylor Petricca [US]	L	7	8
Tenchi Starr [US]	Tyler Zikorus [US]	L	0	1
Tenchi Starr [US]	Pierce Langley [US]	T	1	2
Tenchi Starr [US]	Matthew Miller [US]	W	4	3
Tenchi Starr [US]	Aiden Toler [US]	W	7	4
Tenchi Starr [US]	Prin Basser [US]	L	7	5
Tenchi Starr [US]	Miguel Acevedo [US]	L	7	6
Tenchi Starr [US]	Andrew Sakauye [US]	L	7	7
Tenchi Starr [US]	Nathan Flanders [CA]	L	7	8
Alex Kalbach [US]	Jacob Walton [US]	L	0	1
Alex Kalbach [US]	Bryan Funk [US]	W	3	2
Alex Kalbach [US]	Austin Frailing [US]	W	6	3
Alex Kalbach [US]	Mitre Prathumratana [US]	L	6	4
Alex Kalbach [US]	Ben Vasquez [US]	L	6	5
Alex Kalbach [US]	Kelsey Stapler [US]	L	6	6
Alex Kalbach [US]	Domenick Ritchie [CA]	L	6	7
Alex Kalbach [US]	Brandon Gilbert [US]	T	7	8
Victor Ghibu [CA]	Jessica Love [US]	L	0	1
Victor Ghibu [CA]	Jonathan Reyes [US]	W	3	2
Victor Ghibu [CA]	Curtis Potter [US]	W	6	3
Victor Ghibu [CA]	Tyler Herrmann [US]	L	6	4
Victor Ghibu [CA]	Stephen McGaffney [US]	T	7	5
Victor Ghibu [CA]	clayton may [US]	L	7	6
Victor Ghibu [CA]	Chris Degner [US]	L	7	7
Victor Ghibu [CA]	Bruce Boshell [US]	L	7	8
Onassis Porto [US]	James Dorner [US]	L	0	1
Onassis Porto [US]	Cristian Montas [US]	W	3	2
Onassis Porto [US]	Christopher Smith [US]	T	4	3
Onassis Porto [US]	Teja Gummadi [US]	L	4	4
Onassis Porto [US]	Jordan Parrish [US]	L	4	5
Onassis Porto [US]	Dean Marsh [US]	W	7	6
Onassis Porto [US]	Steven Mihalson [US]	L	7	7
Onassis Porto [US]	Ryan Silva [US]	L	7	8
Matthew Miller [US]	kyle collins [US]	L	0	1
Matthew Miller [US]	Ryan Vujanovich [US]	L	0	2
Matthew Miller [US]	Brandon Allen [US]	L	0	3
Matthew Miller [US]	Joseph Hayward [US]	T	1	4
Matthew Miller [US]	Chelsea-Rose Halkyard [US]	W	4	5
Matthew Miller [US]	Arthur Cooke [US]	W	7	6
Matthew Miller [US]	AJ DeLalla [US]	L	7	7
Matthew Miller [US]	Grayson McKinley [US]	L	7	8
Matthew Hill-Kent [CA]	Gregory Sweeney [US]	L	0	1
Matthew Hill-Kent [CA]	Kris Krueger [US]	L	0	2
Matthew Hill-Kent [CA]	MiguelAngel Tovar [US]	W	3	3
Matthew Hill-Kent [CA]	Hezekiah Rich [US]	L	3	4
Matthew Hill-Kent [CA]	Nicholas Shuba [US]	W	6	5
Matthew Hill-Kent [CA]	Ludwig Llanos [US]	T	7	6
Matthew Hill-Kent [CA]	James Curtis [US]	L	7	7
Matthew Hill-Kent [CA]	Daniel Ah Tou [US]	L	7	8
SETH RAMOS [US]	Ming Weng [US]	W	3	1
SETH RAMOS [US]	Daniel Rao [CA]	W	6	2
SETH RAMOS [US]	Thai Truong [US]	T	7	3
SETH RAMOS [US]	Ryan Tongue [US]	L	7	4
SETH RAMOS [US]	Ricardo Quintanilla [US]	L	7	5
SETH RAMOS [US]	John Sundstrom [US]	L	7	6
SETH RAMOS [US]	Michael French [US]	L	7	7
Nathaniel Lamar [US]	Evan Brzeczkowski [US]	L	0	1
Nathaniel Lamar [US]	Michael Morton [US]	W	3	2
Nathaniel Lamar [US]	andrew amistad [CA]	W	6	3
Nathaniel Lamar [US]	Case Bennink [US]	T	7	4
Nathaniel Lamar [US]	Mateo Thompson Soto [US]	L	7	5
Nathaniel Lamar [US]	Benjamin Sallavanti [US]	L	7	6
Nathaniel Lamar [US]	Melanie Springer [US]	L	7	7
Buddy Perry [US]	Ryan Mooney [US]	W	3	1
Buddy Perry [US]	Darin O'Meara [US]	L	3	2
Buddy Perry [US]	Andrew Nunez [US]	W	6	3
Buddy Perry [US]	June Norber [US]	L	6	4
Buddy Perry [US]	Anthony Scornavacca [US]	L	6	5
Buddy Perry [US]	Byron Breckenridge [US]	T	7	6
Buddy Perry [US]	Maxwell Johnson [US]	L	7	7
Ludwig Llanos [US]	Nick Forte [US]	W	3	1
Ludwig Llanos [US]	Kevin Qi [US]	L	3	2
Ludwig Llanos [US]	Thad Weyand [US]	W	6	3
Ludwig Llanos [US]	Kara Greenstreet [US]	L	6	4
Ludwig Llanos [US]	Adrian Barrientos [US]	L	6	5
Ludwig Llanos [US]	Matthew Hill-Kent [CA]	T	7	6
Ludwig Llanos [US]	Andrew Padron [US]	L	7	7
Josh Lemon [US]	Jason Fisher [US]	W	3	1
Josh Lemon [US]	Chris martens [US]	T	4	2
Josh Lemon [US]	Morgan Purdy [US]	L	4	3
Josh Lemon [US]	Tom Hellkamp [US]	W	7	4
Josh Lemon [US]	Edward Khodaei [US]	L	7	5
Josh Lemon [US]	Kevin Qi [US]	L	7	6
Josh Lemon [US]	Samantha HoangLong [US]	L	7	7
Nathan Trybus [US]	Maddox Corcoran [US]	W	3	1
Nathan Trybus [US]	Shinnosuke Komiya [US]	W	6	2
Nathan Trybus [US]	jesse spencer [US]	L	6	3
Nathan Trybus [US]	Maxwell Bishop [US]	L	6	4
Nathan Trybus [US]	Ryan Kelly [US]	L	6	5
Nathan Trybus [US]	Landon Riffle [US]	L	6	6
Nathan Trybus [US]	alexys rodriguez [US]	T	7	7
Logan Forsythe [US]	jared lacko [US]	W	3	1
Logan Forsythe [US]	Austin Daniels [US]	L	3	2
Logan Forsythe [US]	David Scott [US]	W	6	3
Logan Forsythe [US]	Zoe Jacobsen [US]	L	6	4
Logan Forsythe [US]	Joshua Bickel [US]	L	6	5
Logan Forsythe [US]	Samantha HoangLong [US]	T	7	6
Logan Forsythe [US]	Stephen Morris [US]	L	7	7
Jeny Villanueva [US]	Peyton Zelenak [US]	L	0	1
Jeny Villanueva [US]	Bo Montanye [US]	W	3	2
Jeny Villanueva [US]	Ryan Ferry [US]	L	3	3
Jeny Villanueva [US]	Benjamin Howard [US]	L	3	4
Jeny Villanueva [US]	Freddy Rodriguez [US]	T	4	5
Jeny Villanueva [US]	Jason Wang [US]	L	4	6
Jeny Villanueva [US]	Juan Chao [US]	W	7	7
Austin Marshall [US]	Natalie Miller [US]	L	0	1
Austin Marshall [US]	Domenick Ritchie [CA]	W	3	2
Austin Marshall [US]	Cody Hope [US]	T	4	3
Austin Marshall [US]	Dominick Caparotti [US]	W	7	4
Austin Marshall [US]	Chris Schmidt [US]	L	7	5
Austin Marshall [US]	Sebastian Ardila [US]	L	7	6
Austin Marshall [US]	Mathew Moose [US]	L	7	7
Alexander Vences [US]	Michael Malone [US]	W	3	1
Alexander Vences [US]	Tord Reklev [NO]	L	3	2
Alexander Vences [US]	Anthony Giler [US]	L	3	3
Alexander Vences [US]	Jake Gallagher [US]	W	6	4
Alexander Vences [US]	Hang Yu Lin [CA]	L	6	5
Alexander Vences [US]	Zack Usiatynski [US]	T	7	6
Alexander Vences [US]	Wesley Tam [CA]	L	7	7
Juan Flores [US]	Michael Sherman [US]	L	0	1
Juan Flores [US]	Jasmine Kohler [US]	W	3	2
Juan Flores [US]	Xander Pineda [US]	W	6	3
Juan Flores [US]	Lucas Thiele [US]	T	7	4
Juan Flores [US]	Joseph Brecht [US]	L	7	5
Juan Flores [US]	Jon-Vincent Gonzalve [US]	L	7	6
Juan Flores [US]	Greyson Snyder [US]	L	7	7
Amanda Ploener [US]	Paul D'Amico [US]	W	3	1
Amanda Ploener [US]	Dillon Ryan [US]	L	3	2
Amanda Ploener [US]	Harrison Zipp [US]	L	3	3
Amanda Ploener [US]	Cody Smith [US]	W	6	4
Amanda Ploener [US]	**VIP15 Brandon Chang [US]	T	7	5
Amanda Ploener [US]	Michael Godla [US]	L	7	6
Amanda Ploener [US]	Harry West [AU]	L	7	7
Bryan Bare [US]	Benjamin Nackman [US]	L	0	1
Bryan Bare [US]	Anthony Loos [US]	W	3	2
Bryan Bare [US]	Sackett Brehmer [US]	T	4	3
Bryan Bare [US]	Logan Donovan [US]	L	4	4
Bryan Bare [US]	William Herrmann [US]	L	4	5
Bryan Bare [US]	Brandon Roman [US]	W	7	6
Bryan Bare [US]	Nick Dela Torre [US]	L	7	7
David Wilber Jr [US]	Christopher Carrier [US]	T	1	1
David Wilber Jr [US]	Gavin Zhou [CA]	T	2	2
David Wilber Jr [US]	Chris Johncox [US]	W	5	3
David Wilber Jr [US]	Addie Ward [US]	L	5	4
David Wilber Jr [US]	Luis Nunez [US]	L	5	5
David Wilber Jr [US]	Aquilino Diaz [US]	T	6	6
David Wilber Jr [US]	Michael Allen [US]	T	7	7
Corey Dancause [US]	John Owen [US]	W	3	1
Corey Dancause [US]	Elliot Sayles [US]	L	3	2
Corey Dancause [US]	Corey Hudson [US]	L	3	3
Corey Dancause [US]	Christopher Pendleton [US]	T	4	4
Corey Dancause [US]	Jeremy Pritz [CA]	L	4	5
Corey Dancause [US]	Grayson McKinley [US]	W	7	6
Corey Dancause [US]	**VIP15 Brandon Chang [US]	L	7	7
Jeremy Sussman [US]	Bryant Wood [US]	W	3	1
Jeremy Sussman [US]	Gable Funchess [US]	L	3	2
Jeremy Sussman [US]	Jalen Jones [US]	L	3	3
Jeremy Sussman [US]	Alex Walter [US]	L	3	4
Jeremy Sussman [US]	Steven Mihalson [US]	T	4	5
Jeremy Sussman [US]	Joseph Hayward [US]	L	4	6
Jeremy Sussman [US]	Morgan Drake [US]	W	7	7
Kyle Rios [US]	Cory Koehler [US]	L	0	1
Kyle Rios [US]	Mikela Gassert [US]	W	3	2
Kyle Rios [US]	Osvaldo Murillo [US]	L	3	3
Kyle Rios [US]	Isaac Chance [US]	L	3	4
Kyle Rios [US]	Gabriel Lopez [US]	W	6	5
Kyle Rios [US]	Nicholas Mileo [US]	T	7	6
Kyle Rios [US]	James Jason [US]	L	7	7
Kelly Nimmons [US]	Ayana May [US]	L	0	1
Kelly Nimmons [US]	Matt Walter [US]	T	1	2
Kelly Nimmons [US]	Timothy Thomas [US]	W	4	3
Kelly Nimmons [US]	Kaylee Hatfield [US]	W	7	4
Kelly Nimmons [US]	Austin Roop [US]	L	7	5
Kelly Nimmons [US]	Adrian Lopez [US]	L	7	6
Kelly Nimmons [US]	Andrew Nunez [US]	L	7	7
Mark Marullo [US]	Shane Kelley [US]	T	1	1
Mark Marullo [US]	Ernesto seryey de la cruz cordova [MX]	L	1	2
Mark Marullo [US]	Louis Tighe [US]	L	1	3
Mark Marullo [US]	Amelia Goodworth [US]	W	4	4
Mark Marullo [US]	Bill Clark [US]	W	7	5
Mark Marullo [US]	Jason Burch [US]	L	7	6
Mark Marullo [US]	Austin Myers [US]	L	7	7
Jacob Brumfield [US]	Cass Lynn [US]	T	1	1
Jacob Brumfield [US]	Jason Kirk [US]	W	4	2
Jacob Brumfield [US]	Eric Schwartzmier [US]	T	5	3
Jacob Brumfield [US]	Bryson Cliggett [US]	L	5	4
Jacob Brumfield [US]	Trevor Van Dyke [US]	T	6	5
Jacob Brumfield [US]	Simon Copenhaver [US]	T	7	6
Jacob Brumfield [US]	Benjamin Morse [US]	L	7	7
Bryan Bush [US]	Elgar Benavides [US]	W	3	1
Bryan Bush [US]	Zach Robinson [US]	L	3	2
Bryan Bush [US]	Josh Harper [US]	W	6	3
Bryan Bush [US]	Tanner Leonardo [US]	L	6	4
Bryan Bush [US]	fausto guerrero [US]	L	6	5
Bryan Bush [US]	PJ Witusik [US]	L	6	6
Bryan Bush [US]	Loc Nguyen [US]	T	7	7
Cassidy Gibson [US]	Kenneth Mauder [US]	L	0	1
Cassidy Gibson [US]	Joseph Forjette [US]	W	3	2
Cassidy Gibson [US]	Alana Watanabe [US]	T	4	3
Cassidy Gibson [US]	Jake Keebler [US]	L	4	4
Cassidy Gibson [US]	cesar gastelbondo [CO]	L	4	5
Cassidy Gibson [US]	Ivan Martinez [MX]	W	7	6
Cassidy Gibson [US]	Collins Eckard [US]	L	7	7
ray fernandez [US]	Virginia Schmidt [US]	W	3	1
ray fernandez [US]	Alex LeBlanc [US]	T	4	2
ray fernandez [US]	Zach Cohen [US]	L	4	3
ray fernandez [US]	Jesus Ramirez [US]	L	4	4
ray fernandez [US]	Marvel Moniaga [US]	W	7	5
ray fernandez [US]	Juan Contla [US]	L	7	6
ray fernandez [US]	Kevin Fallin [US]	L	7	7
Byron Breckenridge [US]	Zach Lesage [CA]	L	0	1
Byron Breckenridge [US]	Neven Kurjakovic [US]	W	3	2
Byron Breckenridge [US]	Harrison Leven [US]	L	3	3
Byron Breckenridge [US]	Ramon Mera [US]	L	3	4
Byron Breckenridge [US]	Tim Tipton [US]	W	6	5
Byron Breckenridge [US]	Buddy Perry [US]	T	7	6
Byron Breckenridge [US]	Braeden Wentling [US]	L	7	7
Christina Korsak [US]	Abbie MacNeal [US]	W	3	1
Christina Korsak [US]	Jose Marrero [US]	L	3	2
Christina Korsak [US]	Shawn Ovens [US]	T	4	3
Christina Korsak [US]	Maxwell Johnson [US]	L	4	4
Christina Korsak [US]	Michael Guzman [US]	L	4	5
Christina Korsak [US]	Luis Zambrana [US]	W	7	6
Christina Korsak [US]	Cresmar Justin Hernaez [US]	L	7	7
**VIP24 Rocco Miller [US]	Chris Costa [US]	L	0	1
**VIP24 Rocco Miller [US]	Jonathan Connell [US]	T	1	2
**VIP24 Rocco Miller [US]	Orla Gotthelf [US]	L	1	3
**VIP24 Rocco Miller [US]	Zachary Kennedy [US]	W	4	4
**VIP24 Rocco Miller [US]	Chris martens [US]	L	4	5
**VIP24 Rocco Miller [US]	Bruce Boshell [US]	W	7	6
**VIP24 Rocco Miller [US]	Millan Patel [US]	L	7	7
Juan Pereira [US]	James McDaid [US]	L	0	1
Juan Pereira [US]	Carlos Lugo [US]	L	0	2
Juan Pereira [US]	Jeffrey Lang [US]	W	3	3
Juan Pereira [US]	Steve Ondrey [US]	T	4	4
Juan Pereira [US]	Frank Diaz [US]	L	4	5
Juan Pereira [US]	Melanie Springer [US]	L	4	6
Juan Pereira [US]	Lazaro Bouza [US]	W	7	7
Anthony Loos [US]	Ryan Savino [US]	L	0	1
Anthony Loos [US]	Bryan Bare [US]	L	0	2
Anthony Loos [US]	Camden Southern [US]	L	0	3
Anthony Loos [US]	Jay Gelunas [US]	W	3	4
Anthony Loos [US]	Vincent Ciampi [US]	T	4	5
Anthony Loos [US]	Justin Dunmire [US]	W	7	6
Anthony Loos [US]	Mitch Hunsucker [US]	L	7	7
Michael Allen [US]	Ryan Graywacz [US]	L	0	1
Michael Allen [US]	Chris Siakala [US]	L	0	2
Michael Allen [US]	Drew Britton [US]	L	0	3
Michael Allen [US]	Ryan Akuszewski [US]	W	3	4
Michael Allen [US]	Jason Fisher [US]	L	3	5
Michael Allen [US]	Chung-Min An [US]	W	6	6
Michael Allen [US]	David Wilber Jr [US]	T	7	7
Layla Merritt [US]	William Hughes [US]	L	0	1
Layla Merritt [US]	Scott Trexler [US]	L	0	2
Layla Merritt [US]	Aneil Saini [CA]	T	1	3
Layla Merritt [US]	Andrew Wakefield [US]	W	4	4
Layla Merritt [US]	Jensen Durica [US]	W	7	5
Layla Merritt [US]	Anthony Balko [US]	L	7	6
Layla Merritt [US]	James Riggs [US]	L	7	7
Rachael Laney [US]	Gage Linton [US]	L	0	1
Rachael Laney [US]	Grayson McKinley [US]	T	1	2
Rachael Laney [US]	Aquilino Diaz [US]	L	1	3
Rachael Laney [US]	James King [US]	L	1	4
Rachael Laney [US]	Raymond Lucas [US]	W	4	5
Rachael Laney [US]	Ryan Silva [US]	L	4	6
Rachael Laney [US]	Andrew Sams [US]	W	7	7
Sean Henninger [US]	Tony Vuong [US]	L	0	1
Sean Henninger [US]	Tanner Johnson [US]	L	0	2
Sean Henninger [US]	Shawn Baker [US]	L	0	3
Sean Henninger [US]	Kendall Rust [US]	T	1	4
Sean Henninger [US]	Kelli Kirmer [US]	W	4	5
Sean Henninger [US]	Shawn Ovens [US]	W	7	6
Sean Henninger [US]	Kaylee Hatfield [US]	L	7	7
Colin Alber [US]	Calvin Yau [US]	W	3	1
Colin Alber [US]	Meng-Yu Wang [US]	L	3	2
Colin Alber [US]	Juan Gonzalez [US]	W	6	3
Colin Alber [US]	Matthew Connors [US]	T	7	4
Colin Alber [US]	Seth Dollars [US]	L	7	5
Colin Alber [US]	Thad Weyand [US]	L	7	6
Collin Smelcer [US]	Ivan Chan [US]	L	0	1
Collin Smelcer [US]	Christian Villarosa [US]	W	3	2
Collin Smelcer [US]	Joshua Tierney [US]	W	6	3
Collin Smelcer [US]	Michael Broderick [US]	T	7	4
Collin Smelcer [US]	Sam Chen [US]	L	7	5
Collin Smelcer [US]	Nik Barbero [US]	L	7	6
Carmen Klomparens [US]	Brandon Stull [US]	W	3	1
Carmen Klomparens [US]	Charles Ligato [US]	T	4	2
Carmen Klomparens [US]	Joseph Huber [US]	W	7	3
Carmen Klomparens [US]	Michele Lesage [CA]	L	7	4
Carmen Klomparens [US]	Jeremy Gumila [US]	L	7	5
Carmen Klomparens [US]	Martin Schneider [US]	L	7	6
Megan McBreairty [US]	Christian Umipig [CA]	W	3	1
Megan McBreairty [US]	Dominic Arana [US]	T	4	2
Megan McBreairty [US]	Cesar Garcia-Carranza [US]	W	7	3
Megan McBreairty [US]	Andrew Weiss [US]	L	7	4
Megan McBreairty [US]	Caleb Rogerson [US]	L	7	5
Megan McBreairty [US]	Paul Semanco [US]	L	7	6
Jeff Tingley [US]	Jake Ewart [US]	L	0	1
Jeff Tingley [US]	Chris Bargeron [US]	W	3	2
Jeff Tingley [US]	Scott Trexler [US]	W	6	3
Jeff Tingley [US]	Jeremy Gumila [US]	T	7	4
Jeff Tingley [US]	Peyton Bauermeister [US]	L	7	5
Jeff Tingley [US]	James Byrum [US]	L	7	6
Kyle Baxter [US]	Matthew Hammond [US]	W	3	1
Kyle Baxter [US]	Scott Cottrell [US]	L	3	2
Kyle Baxter [US]	Cody Torres [US]	T	4	3
Kyle Baxter [US]	**VIP25 Iosefka Moore [US]	W	7	4
Kyle Baxter [US]	Michael Lacek [US]	L	7	5
Kyle Baxter [US]	Carl Caldwell [US]	L	7	6
Jared Colbert [US]	Donovan Vanorsdale [US]	W	3	1
Jared Colbert [US]	Andres Estrada [US]	W	6	2
Jared Colbert [US]	Robert Deleon [US]	L	6	3
Jared Colbert [US]	Chazz Castaneda [US]	L	6	4
Jared Colbert [US]	Jimmy O'Brien [US]	T	7	5
Jared Colbert [US]	William Herrmann [US]	L	7	6
Cory Koehler [US]	Kyle Rios [US]	W	3	1
Cory Koehler [US]	Liam Conant [US]	L	3	2
Cory Koehler [US]	Max Martin [US]	W	6	3
Cory Koehler [US]	Jake Riggs [US]	L	6	4
Cory Koehler [US]	Jen Funck [US]	T	7	5
Cory Koehler [US]	anthony grasso [US]	L	7	6
Andrew Roman [US]	Javier Skwara [US]	W	3	1
Andrew Roman [US]	Cyrus McCane [US]	L	3	2
Andrew Roman [US]	Damian Schell [US]	T	4	3
Andrew Roman [US]	Raymond Vega [US]	L	4	4
Andrew Roman [US]	Andrew Padron [US]	W	7	5
Andrew Roman [US]	James Thiel [US]	L	7	6
Nairobi Gammage [US]	Brian Rivas [US]	W	3	1
Nairobi Gammage [US]	Omar Ben-Gacem [UK]	L	3	2
Nairobi Gammage [US]	Caden Styche [US]	W	6	3
Nairobi Gammage [US]	Wilfred Worland [US]	L	6	4
Nairobi Gammage [US]	Brian Peavy [US]	T	7	5
Nairobi Gammage [US]	Shalom Arellano [US]	L	7	6
Alex Walter [US]	Colton Ames [US]	L	0	1
Alex Walter [US]	Ming Weng [US]	L	0	2
Alex Walter [US]	Katherine Potter [US]	W	3	3
Alex Walter [US]	Jeremy Sussman [US]	W	6	4
Alex Walter [US]	Michael Godla [US]	T	7	5
Alex Walter [US]	Jimmy O'Brien [US]	L	7	6
Matthew Hensley [US]	Andy Jiang [US]	W	3	1
Matthew Hensley [US]	Charlie Kerr [US]	L	3	2
Matthew Hensley [US]	Zachary Gurley [US]	W	6	3
Matthew Hensley [US]	Sergio Rodriguez [CA]	T	7	4
Matthew Hensley [US]	Luke Levy [US]	L	7	5
Matthew Hensley [US]	Matthew Nixon [US]	L	7	6
Logan Donovan [US]	James Arnold [US]	L	0	1
Logan Donovan [US]	cesar gastelbondo [CO]	W	3	2
Logan Donovan [US]	Jonathan Twigg [US]	T	4	3
Logan Donovan [US]	Bryan Bare [US]	W	7	4
Logan Donovan [US]	Aman Soni [US]	L	7	5
Logan Donovan [US]	Joshua Tolan [US]	L	7	6
Brandon Conrad [US]	Sean Hipp [US]	W	3	1
Brandon Conrad [US]	Carter Eardley [US]	W	6	2
Brandon Conrad [US]	Jacob Howard [US]	L	6	3
Brandon Conrad [US]	Tyler Ralston [US]	L	6	4
Brandon Conrad [US]	Richard Rothenbach [US]	T	7	5
Brandon Conrad [US]	Michael Guzman [US]	L	7	6
Sean Medeiros [US]	Emily Sherrard [CA]	T	1	1
Sean Medeiros [US]	John Ducette [CA]	W	4	2
Sean Medeiros [US]	Brandon Strong [US]	W	7	3
Sean Medeiros [US]	jean pierre fortin [US]	L	7	4
Sean Medeiros [US]	Preston Rutledge [US]	L	7	5
Sean Medeiros [US]	Matt Gilson [US]	L	7	6
luis diaz [US]	Owen Johnson [CA]	L	0	1
luis diaz [US]	Chris Larson [US]	T	1	2
luis diaz [US]	Scott Knell [UK]	L	1	3
luis diaz [US]	Aneil Saini [CA]	W	4	4
luis diaz [US]	Jonathan Cooper [US]	W	7	5
luis diaz [US]	Iyla Sutherland [US]	L	7	6
Jake Keebler [US]	Zach Cohen [US]	T	1	1
Jake Keebler [US]	Matthew Keyes [US]	W	4	2
Jake Keebler [US]	Anthony Spanitz [US]	L	4	3
Jake Keebler [US]	Cassidy Gibson [US]	W	7	4
Jake Keebler [US]	Jonathan Bergman [US]	L	7	5
Jake Keebler [US]	David Ranney [US]	L	7	6
Dylan Dreyer [US]	Juan Vazquez [US]	T	1	1
Dylan Dreyer [US]	Brandon Comer [US]	W	4	2
Dylan Dreyer [US]	Patrick Scharff [US]	L	4	3
Dylan Dreyer [US]	Michael Lacek [US]	L	4	4
Dylan Dreyer [US]	Chris Leandro [US]	W	7	5
Dylan Dreyer [US]	Erick Devine [US]	L	7	6
John Ducette [CA]	Asher Campbell [US]	T	1	1
John Ducette [CA]	Sean Medeiros [US]	L	1	2
John Ducette [CA]	Sean Robison [US]	W	4	3
John Ducette [CA]	Dryden Hawn [US]	W	7	4
John Ducette [CA]	Chris Franco [US]	L	7	5
John Ducette [CA]	Donny Nguyen [US]	L	7	6
Chris Mooney [US]	Bryce Branch [US]	L	0	1
Chris Mooney [US]	Jared Woitalla [US]	L	0	2
Chris Mooney [US]	Jeanfelix Chavez [US]	T	1	3
Chris Mooney [US]	Sean Jackson [US]	W	4	4
Chris Mooney [US]	Anthony Kocan [US]	W	7	5
Chris Mooney [US]	Kyle Leibenguth [US]	L	7	6
Jordan Parrish [US]	Cameron Johnson [US]	L	0	1
Jordan Parrish [US]	Jack Basmaci [US]	W	3	2
Jordan Parrish [US]	Izaiah Santiago [US]	T	4	3
Jordan Parrish [US]	Christian Umipig [CA]	L	4	4
Jordan Parrish [US]	Onassis Porto [US]	W	7	5
Jordan Parrish [US]	Cody Torres [US]	L	7	6
oscar sowell [US]	Brian Coppola [US]	L	0	1
oscar sowell [US]	Nicholas Watters [US]	W	3	2
oscar sowell [US]	Lily Morgan [US]	W	6	3
oscar sowell [US]	Brandon Joestar [US]	T	7	4
oscar sowell [US]	Michael Tatarowicz [US]	L	7	5
oscar sowell [US]	Jacob Noel [US]	L	7	6
Drew Wilson [US]	Anthony Scornavacca [US]	L	0	1
Drew Wilson [US]	Jaydon Do [CA]	T	1	2
Drew Wilson [US]	Kelli Kirmer [US]	W	4	3
Drew Wilson [US]	Landon Pfeffer [US]	W	7	4
Drew Wilson [US]	Mikey Kalb [US]	L	7	5
Drew Wilson [US]	Robert Simpson [CA]	L	7	6
Mose Galdames-Henry [US]	Nicolas Hartman [US]	W	3	1
Mose Galdames-Henry [US]	Johny Vu [US]	L	3	2
Mose Galdames-Henry [US]	Jay Cristiano [CA]	L	3	3
Mose Galdames-Henry [US]	joshua adams [US]	W	6	4
Mose Galdames-Henry [US]	Bryan Funk [US]	T	7	5
Mose Galdames-Henry [US]	Mitchell O'Neill [US]	L	7	6
Juan Gonzalez [US]	Miguel Bardales [US]	W	3	1
Juan Gonzalez [US]	Gabe Shumway [US]	L	3	2
Juan Gonzalez [US]	Colin Alber [US]	L	3	3
Juan Gonzalez [US]	Ben Saylor [US]	W	6	4
Juan Gonzalez [US]	Erick Devine [US]	T	7	5
Juan Gonzalez [US]	Joshua Everly [US]	L	7	6
Douglas Wolf Jr [US]	Rocky Barr [US]	T	1	1
Douglas Wolf Jr [US]	Dalton Heim [US]	T	2	2
Douglas Wolf Jr [US]	Shawn Smith [US]	T	3	3
Douglas Wolf Jr [US]	Jeremy Waxman [US]	T	4	4
Douglas Wolf Jr [US]	Matthew McClain [US]	W	7	5
Douglas Wolf Jr [US]	Jake Dillon [US]	L	7	6
Halim Bourjeili [US]	Bryan McDaniel [US]	L	0	1
Halim Bourjeili [US]	Edelgard Fox [US]	L	0	2
Halim Bourjeili [US]	Andrew Emerson [US]	W	3	3
Halim Bourjeili [US]	David Scott [US]	W	6	4
Halim Bourjeili [US]	John Sundstrom [US]	T	7	5
Halim Bourjeili [US]	Jonathan Valenzuela [US]	L	7	6
Dominick Caparotti [US]	Meredith Knowles [US]	W	3	1
Dominick Caparotti [US]	James Balasiak [CA]	L	3	2
Dominick Caparotti [US]	Mateo Thompson Soto [US]	T	4	3
Dominick Caparotti [US]	Austin Marshall [US]	L	4	4
Dominick Caparotti [US]	Harley Palmer [US]	W	7	5
Dominick Caparotti [US]	Chris Larson [US]	L	7	6
Jonathan Nutter [US]	Christopher Regan [US]	T	1	1
Jonathan Nutter [US]	Jake Dillon [US]	L	1	2
Jonathan Nutter [US]	Alexane Bellemare [CA]	L	1	3
Jonathan Nutter [US]	Raymond Lucas [US]	W	4	4
Jonathan Nutter [US]	Jeremy Allen [US]	L	4	5
Jonathan Nutter [US]	Grant Monson [US]	W	7	6
cesar gastelbondo [CO]	Ross Cawthon [US]	L	0	1
cesar gastelbondo [CO]	Logan Donovan [US]	L	0	2
cesar gastelbondo [CO]	Joshua Cambri [US]	T	1	3
cesar gastelbondo [CO]	Basim Elgohary [US]	W	4	4
cesar gastelbondo [CO]	Cassidy Gibson [US]	W	7	5
cesar gastelbondo [CO]	Xavier Williams [US]	L	7	6
Benjamin Merritt [US]	Peter Ma [CA]	L	0	1
Benjamin Merritt [US]	Jake Adkins [US]	W	3	2
Benjamin Merritt [US]	Samantha Truex [US]	T	4	3
Benjamin Merritt [US]	Mark Dizon [CA]	L	4	4
Benjamin Merritt [US]	Bridget Curley [US]	W	7	5
Benjamin Merritt [US]	Ryan Rafferty [US]	L	7	6
Alexa Weidner [US]	Levi Wilson [US]	T	1	1
Alexa Weidner [US]	Cass Lynn [US]	W	4	2
Alexa Weidner [US]	Juan Contla [US]	L	4	3
Alexa Weidner [US]	Luis Zambrana [US]	W	7	4
Alexa Weidner [US]	Adinson Hiraldo [DO]	L	7	5
Alexa Weidner [US]	Jonathan Arias [US]	L	7	6
Patrick DAurora [US]	Justin Fedorenka [CA]	L	0	1
Patrick DAurora [US]	David Pack [US]	L	0	2
Patrick DAurora [US]	Jay Gelunas [US]	W	3	3
Patrick DAurora [US]	Hunter Wyne [US]	W	6	4
Patrick DAurora [US]	Logan Poindexter [US]	T	7	5
Patrick DAurora [US]	Charles Platel [US]	L	7	6
Christopher Pendleton [US]	Tanner Leonardo [US]	L	0	1
Christopher Pendleton [US]	Odyssey Shanklin [US]	L	0	2
Christopher Pendleton [US]	Andy Zepeda [US]	W	3	3
Christopher Pendleton [US]	Corey Dancause [US]	T	4	4
Christopher Pendleton [US]	anthony grasso [US]	L	4	5
Christopher Pendleton [US]	Patrick Rampton [US]	W	7	6
Jeremy Klug [US]	Tyler Herrmann [US]	L	0	1
Jeremy Klug [US]	Shalom Arellano [US]	L	0	2
Jeremy Klug [US]	tyler frink [US]	T	1	3
Jeremy Klug [US]	Brady Hooker [US]	L	1	4
Jeremy Klug [US]	Shelton Williams [US]	W	4	5
Jeremy Klug [US]	Lazaro Bouza [US]	W	7	6
Michael Zele [US]	Chayton Phillips [US]	W	3	1
Michael Zele [US]	Anthony Bulone [US]	T	4	2
Michael Zele [US]	Sawyer Melban [US]	L	4	3
Michael Zele [US]	Arjun Khadse [US]	W	7	4
Michael Zele [US]	Gibson Archer-Tang [US]	L	7	5
Rob Anderson [US]	Jonathan Arias [US]	W	3	1
Rob Anderson [US]	Gilberto Acosta [US]	L	3	2
Rob Anderson [US]	Callie Moore [CA]	T	4	3
Rob Anderson [US]	Thomas Pishock [US]	W	7	4
Rob Anderson [US]	Jonathan Ramirez [US]	L	7	5
Jen Funck [US]	Dave Biasotti [US]	L	0	1
Jen Funck [US]	Sean Boerm [US]	W	3	2
Jen Funck [US]	Michael Moskal [US]	L	3	3
Jen Funck [US]	Ashelia Bowsher [US]	W	6	4
Jen Funck [US]	Cory Koehler [US]	T	7	5
Nicholas Hruska [US]	Eric Schwartzmier [US]	T	1	1
Nicholas Hruska [US]	Emily Sherrard [CA]	W	4	2
Nicholas Hruska [US]	Justin Tse [CA]	L	4	3
Nicholas Hruska [US]	Brodee McCoy [US]	T	5	4
Nicholas Hruska [US]	Cody Hope [US]	T	6	5
Nicholas Hruska [US]	Holly Sturm [US]	L	6	6
Nicholas Hruska [US]	Cole Rosario [US]	L	6	7
Nicholas Hruska [US]	Muhamed Palatinus [CA]	L	6	8
Nicholas Hruska [US]	Preston Smith [US]	L	6	9
Danielle Mckernan [US]	Danny Gavin [US]	W	3	1
Danielle Mckernan [US]	Suchit Koparde [US]	L	3	2
Danielle Mckernan [US]	Braidery Camacho [US]	L	3	3
Danielle Mckernan [US]	Alexandre Ouellette [CA]	L	3	4
Danielle Mckernan [US]	James Curtis [US]	L	3	5
Danielle Mckernan [US]	Daniel Sutch [US]	L	3	6
Danielle Mckernan [US]	Christian Beech [US]	W	6	7
Danielle Mckernan [US]	Garrett Scott [US]	L	6	8
Danielle Mckernan [US]	Ricardo Gonzalez [US]	L	6	9
Daniel Moore [US]	Jeremy Waxman [US]	L	0	1
Daniel Moore [US]	Cody Friend [US]	L	0	2
Daniel Moore [US]	Jacob Brown [US]	W	3	3
Daniel Moore [US]	andrew amistad [CA]	L	3	4
Daniel Moore [US]	Danny Barger [US]	L	3	5
Daniel Moore [US]	Rachel Conroy [US]	W	6	6
Daniel Moore [US]	Nam Truong [US]	L	6	7
Daniel Moore [US]	Abby Brown [US]	L	6	8
Daniel Moore [US]	Jaylen Jackson [US]	L	6	9
Wesley Renye [US]	Collin Ray [US]	W	3	1
Wesley Renye [US]	Tyco Huynh [US]	W	6	2
Wesley Renye [US]	Joshua Wheeler [US]	L	6	3
Wesley Renye [US]	Abaan Ahmed [US]	L	6	4
Wesley Renye [US]	Josh Litvinoff [US]	L	6	5
Wesley Renye [US]	Dave Abt [US]	L	6	6
Wesley Renye [US]	Michael Sherman [US]	L	6	7
Wesley Renye [US]	Matthew Miller [US]	L	6	8
Wesley Renye [US]	Noah Duncan [US]	L	6	9
Samantha Truex [US]	Spencer Snyder [US]	L	0	1
Samantha Truex [US]	Basim Elgohary [US]	W	3	2
Samantha Truex [US]	Benjamin Merritt [US]	T	4	3
Samantha Truex [US]	Joseph Cajas [US]	L	4	4
Samantha Truex [US]	Josh Greiff [US]	L	4	5
Samantha Truex [US]	Dora Thilmony [US]	T	5	6
Samantha Truex [US]	Christian Wybieracki [US]	L	5	7
Samantha Truex [US]	Paul Martin [US]	T	6	8
Samantha Truex [US]	Anthony Kocan [US]	L	6	9
Jake Roblez [US]	Samantha Durci [US]	L	0	1
Jake Roblez [US]	Phoebe DePerry [US]	T	1	2
Jake Roblez [US]	Joey Jordan [US]	L	1	3
Jake Roblez [US]	Ash Lafford [CA]	W	4	4
Jake Roblez [US]	Brandon Strong [US]	T	5	5
Jake Roblez [US]	Scott Zelenak [US]	L	5	6
Jake Roblez [US]	**VIP20 Zack Henry [US]	L	5	7
Jake Roblez [US]	Christopher Smith [US]	L	5	8
Jake Roblez [US]	Carter Eardley [US]	T	6	9
Kiefer Brown [CA]	Mathew Moose [US]	T	1	1
Kiefer Brown [CA]	James Wong [US]	W	4	2
Kiefer Brown [CA]	Christian Kennedy [US]	L	4	3
Kiefer Brown [CA]	Ricardo Quintanilla [US]	L	4	4
Kiefer Brown [CA]	Matthew Kirk [US]	L	4	5
Kiefer Brown [CA]	Hayes Kwong [US]	L	4	6
Kiefer Brown [CA]	Camaren Coker [US]	T	5	7
Kiefer Brown [CA]	Paul Thompson [CA]	T	6	8
Kiefer Brown [CA]	Victoria Barry [US]	L	6	9
Jacob Brown [US]	Jordan Markle [US]	L	0	1
Jacob Brown [US]	Zachary Heeter [US]	L	0	2
Jacob Brown [US]	Daniel Moore [US]	L	0	3
Jacob Brown [US]	Zach Norman [US]	W	3	4
Jacob Brown [US]	James Santaniello [US]	L	3	5
Jacob Brown [US]	Nikolas Daily [US]	L	3	6
Jacob Brown [US]	Nelson Normandia [US]	W	6	7
Jacob Brown [US]	Max McKitrick [US]	L	6	8
Jacob Brown [US]	Paul Thompson [CA]	L	6	9
Kai Coe [US]	Daniel Ceculski [US]	L	0	1
Kai Coe [US]	Chayton Phillips [US]	L	0	2
Kai Coe [US]	Jason Beers [US]	W	3	3
Kai Coe [US]	Logan Poindexter [US]	L	3	4
Kai Coe [US]	Jacob Henry [US]	T	4	5
Kai Coe [US]	Jeffrey Lang [US]	T	5	6
Kai Coe [US]	Jaylen Jackson [US]	T	6	7
Kai Coe [US]	Alexander Edralin [US]	L	6	8
Kai Coe [US]	Elgar Benavides [US]	L	6	9
Carter Eardley [US]	Nicholas Matejzel [US]	W	3	1
Carter Eardley [US]	Brandon Conrad [US]	L	3	2
Carter Eardley [US]	Cory Thoma [US]	L	3	3
Carter Eardley [US]	Peyton Zelenak [US]	L	3	4
Carter Eardley [US]	Ty Murray [US]	L	3	5
Carter Eardley [US]	robert walter [US]	T	4	6
Carter Eardley [US]	Paul Martin [US]	T	5	7
Carter Eardley [US]	alfredo manzanares [US]	L	5	8
Carter Eardley [US]	Jake Roblez [US]	T	6	9
Joseph Hoover [US]	Roger Ramjit [US]	W	3	1
Joseph Hoover [US]	Bryan McDaniel [US]	L	3	2
Joseph Hoover [US]	Kevin Walunas [US]	W	6	3
Joseph Hoover [US]	Jon Eng [US]	L	6	4
Joseph Hoover [US]	Chris Costa [US]	L	6	5
Joseph Hoover [US]	Raulin Dick [US]	L	6	6
Joseph Hoover [US]	Shena Lavespere [US]	L	6	7
Joseph Hoover [US]	John Blatchford [US]	L	6	8
Jacob Williams [US]	Abaan Ahmed [US]	L	0	1
Jacob Williams [US]	Calvin Chang [US]	L	0	2
Jacob Williams [US]	tyler palmison [US]	L	0	3
Jacob Williams [US]	Karl Alvarez [US]	L	0	4
Jacob Williams [US]	BYE	W	3	5
Jacob Williams [US]	Casey Atkins [US]	W	6	6
Jacob Williams [US]	Nikolas Daily [US]	L	6	7
Jacob Williams [US]	Juan Vazquez [US]	L	6	8
Anthony Miller [US]	Joseph Brecht [US]	L	0	1
Anthony Miller [US]	Christian Beech [US]	W	3	2
Anthony Miller [US]	Sean Dutcher [US]	L	3	3
Anthony Miller [US]	Noah Spinale [US]	W	6	4
Anthony Miller [US]	Peyton Zelenak [US]	L	6	5
Anthony Miller [US]	Ryan Lavespere [US]	L	6	6
Anthony Miller [US]	Aquilino Diaz [US]	L	6	7
Anthony Miller [US]	justin jenkins [US]	L	6	8
Dylan McKinney [US]	Paul Margold [CA]	T	1	1
Dylan McKinney [US]	Bryan Cresswell [CA]	L	1	2
Dylan McKinney [US]	Nicolas Roseamelia [US]	L	1	3
Dylan McKinney [US]	Matthew Tam [US]	L	1	4
Dylan McKinney [US]	Mortimer Cavanah [US]	T	2	5
Dylan McKinney [US]	Ricardo Gonzalez [US]	T	3	6
Dylan McKinney [US]	Thomas Hennessy [US]	L	3	7
Dylan McKinney [US]	Samantha Radford [US]	W	6	8
Daniel Sutch [US]	Ryne Morgan [US]	L	0	1
Daniel Sutch [US]	David Powell [US]	W	3	2
Daniel Sutch [US]	Ethan Singleman [US]	L	3	3
Daniel Sutch [US]	Cameron Toner [US]	L	3	4
Daniel Sutch [US]	kyle collins [US]	L	3	5
Daniel Sutch [US]	Danielle Mckernan [US]	W	6	6
Daniel Sutch [US]	J-F Guimond [CA]	L	6	7
Daniel Sutch [US]	Sherri Lee [US]	L	6	8
Nat McLean [US]	Matthew Connors [US]	L	0	1
Nat McLean [US]	Patrick Rampton [US]	L	0	2
Nat McLean [US]	Preston Smith [US]	W	3	3
Nat McLean [US]	Chris Osburn [US]	L	3	4
Nat McLean [US]	Zachary Muller [US]	L	3	5
Nat McLean [US]	Kyle Parent [US]	L	3	6
Nat McLean [US]	Victoria Barry [US]	W	6	7
Nat McLean [US]	David Powell [US]	L	6	8
Carl Drake [US]	Ricardo Lasalle Barreto [US]	L	0	1
Carl Drake [US]	Orin Porter [US]	L	0	2
Carl Drake [US]	Abe Morales [US]	L	0	3
Carl Drake [US]	**VIP32 Karim Velji [CA]	L	0	4
Carl Drake [US]	Brendan Redinger [US]	L	0	5
Carl Drake [US]	Cierra Sparks [US]	W	3	6
Carl Drake [US]	Samantha Radford [US]	W	6	7
Carl Drake [US]	Jesse Spangler [US]	L	6	8
Paul Martin [US]	Greg Downing [US]	L	0	1
Paul Martin [US]	Terence Maloney [US]	L	0	2
Paul Martin [US]	Benjamin Grove [US]	L	0	3
Paul Martin [US]	Jesse Spangler [US]	W	3	4
Paul Martin [US]	James Dorner [US]	L	3	5
Paul Martin [US]	Jake Gallagher [US]	T	4	6
Paul Martin [US]	Carter Eardley [US]	T	5	7
Paul Martin [US]	Samantha Truex [US]	T	6	8
David Pack [US]	Prin Basser [US]	L	0	1
David Pack [US]	Patrick DAurora [US]	W	3	2
David Pack [US]	Nicholas Mileo [US]	W	6	3
David Pack [US]	Sarah Reischmann [US]	L	6	4
David Pack [US]	Owen Rhoads [US]	L	6	5
David Pack [US]	Chi Wu [US]	L	6	6
David Pack [US]	Juniper Ogee [US]	L	6	7
Zachary Trybus [US]	Zackary Turner [US]	W	3	1
Zachary Trybus [US]	Cris Calderhead [US]	W	6	2
Zachary Trybus [US]	Brandon Dean [US]	L	6	3
Zachary Trybus [US]	Bill Papacostas [US]	L	6	4
Zachary Trybus [US]	Anthony Salomone [US]	L	6	5
Zachary Trybus [US]	Zach Goodwin [US]	L	6	6
Zachary Trybus [US]	Edelgard Fox [US]	L	6	7
Steven Spotts [US]	Anthony Smith [US]	T	1	1
Steven Spotts [US]	Russell Shinabarger [US]	T	2	2
Steven Spotts [US]	Maritza Ocampo [US]	W	5	3
Steven Spotts [US]	Cody Leigh [US]	T	6	4
Steven Spotts [US]	Brandon Stull [US]	L	6	5
Steven Spotts [US]	Joseph Jennings [US]	L	6	6
Steven Spotts [US]	Devin Morrow [US]	L	6	7
Matthew Hall [US]	Myles Holtsclaw [US]	L	0	1
Matthew Hall [US]	Raymond Dumuk [US]	W	3	2
Matthew Hall [US]	Owen Rhoads [US]	L	3	3
Matthew Hall [US]	Meryl Otter [US]	W	6	4
Matthew Hall [US]	Dan Irish [US]	L	6	5
Matthew Hall [US]	Bryan Daly [US]	L	6	6
Matthew Hall [US]	Christian Dingle [US]	L	6	7
Ryan Seaburg [US]	Joe Sturino [US]	L	0	1
Ryan Seaburg [US]	Josh Greiff [US]	L	0	2
Ryan Seaburg [US]	Guillermo Portillo [US]	L	0	3
Ryan Seaburg [US]	Nam Truong [US]	W	3	4
Ryan Seaburg [US]	Samantha Durci [US]	L	3	5
Ryan Seaburg [US]	Domenick Ritchie [CA]	L	3	6
Ryan Seaburg [US]	**VIP18 Jay Finn [US]	W	6	7
Jessica Rowland [US]	David Navarette [US]	W	3	1
Jessica Rowland [US]	Kaylee Hatfield [US]	T	4	2
Jessica Rowland [US]	Joseph Esten [US]	T	5	3
Jessica Rowland [US]	Joseph Zelis [US]	L	5	4
Jessica Rowland [US]	Peter Ma [CA]	T	6	5
Jessica Rowland [US]	evan fullaway [US]	L	6	6
Jessica Rowland [US]	Kevin Johns [US]	L	6	7
Andre DiPaola [US]	Thaddeus Asel [US]	W	3	1
Andre DiPaola [US]	Walker Halliburton [US]	L	3	2
Andre DiPaola [US]	Mitch Hunsucker [US]	L	3	3
Andre DiPaola [US]	Matthew Keller [US]	W	6	4
Andre DiPaola [US]	Chad Hewitt [US]	L	6	5
Andre DiPaola [US]	Travis Rowley [US]	L	6	6
Andre DiPaola [US]	Eudezia Rodrigues [BR]	L	6	7
Jake Bankert [US]	Alexander Chea [US]	L	0	1
Jake Bankert [US]	Xander Pineda [US]	L	0	2
Jake Bankert [US]	Brian Rivas [US]	L	0	3
Jake Bankert [US]	Oneida Williams [US]	W	3	4
Jake Bankert [US]	Mike Fouchet [US]	L	3	5
Jake Bankert [US]	Christian Beech [US]	W	6	6
Jake Bankert [US]	Nathan Spencer [US]	L	6	7
Zach Grady [US]	Joshua Wheeler [US]	L	0	1
Zach Grady [US]	Jimmy O'Brien [US]	L	0	2
Zach Grady [US]	Nathan Newton [US]	L	0	3
Zach Grady [US]	Andy Jiang [US]	L	0	4
Zach Grady [US]	Luke Markovich	W	3	5
Zach Grady [US]	Keven Muniz [US]	W	6	6
Zach Grady [US]	Konstantinos Kousidis [US]	L	6	7
Sam Rindal [US]	Austin Frailing [US]	L	0	1
Sam Rindal [US]	Thomas Hennessy [US]	W	3	2
Sam Rindal [US]	Nicholas Shuba [US]	W	6	3
Sam Rindal [US]	Carlos Berrios [US]	L	6	4
Sam Rindal [US]	Simon Trottier-Lacasse [CA]	L	6	5
Sam Rindal [US]	Kris Krueger [US]	L	6	6
Sam Rindal [US]	Hasan Kunukcu [US]	L	6	7
Ben Helsel [CA]	Gregory Tschann [US]	L	0	1
Ben Helsel [CA]	Adinson Hiraldo [DO]	L	0	2
Ben Helsel [CA]	Ryan Fitzmaurice [US]	W	3	3
Ben Helsel [CA]	Steven Tokar [US]	L	3	4
Ben Helsel [CA]	Samantha Radford [US]	W	6	5
Ben Helsel [CA]	Nate Manning [US]	L	6	6
Ben Helsel [CA]	Crysta Bomenblit [US]	L	6	7
matthew seifstein [US]	Nathan Ritchie [CA]	L	0	1
matthew seifstein [US]	Amanda Chesney [US]	W	3	2
matthew seifstein [US]	Crysta Bomenblit [US]	L	3	3
matthew seifstein [US]	Braden Whited [US]	W	6	4
matthew seifstein [US]	Steve Zhang [US]	L	6	5
matthew seifstein [US]	Nick Alvarez [US]	L	6	6
matthew seifstein [US]	PAUL GIZA [US]	L	6	7
Austin Frailing [US]	Sam Rindal [US]	W	3	1
Austin Frailing [US]	Conor Devins [US]	L	3	2
Austin Frailing [US]	Alex Kalbach [US]	L	3	3
Austin Frailing [US]	Michael Morton [US]	L	3	4
Austin Frailing [US]	Rachel Conroy [US]	W	6	5
Austin Frailing [US]	Ramon Mera [US]	L	6	6
Austin Frailing [US]	Gabriel Lopez [US]	L	6	7
Jason Fisher [US]	Josh Lemon [US]	L	0	1
Jason Fisher [US]	Mike Fouchet [US]	L	0	2
Jason Fisher [US]	Michael Lee [US]	L	0	3
Jason Fisher [US]	tienthomas pham [US]	W	3	4
Jason Fisher [US]	Michael Allen [US]	W	6	5
Jason Fisher [US]	Anthony Nimmons [US]	L	6	6
Jason Fisher [US]	Adam Peters [US]	L	6	7
Sophie Ryan [US]	Chris Gonzalez [US]	L	0	1
Sophie Ryan [US]	Abbie MacNeal [US]	L	0	2
Sophie Ryan [US]	Ryan Kelly [US]	L	0	3
Sophie Ryan [US]	Shawn Chauvin [CA]	L	0	4
Sophie Ryan [US]	Ryan Bown [US]	W	3	5
Sophie Ryan [US]	Jordan Rinard [US]	W	6	6
Sophie Ryan [US]	**VIP32 Karim Velji [CA]	L	6	7
Alexander Smith [US]	Cody Torres [US]	L	0	1
Alexander Smith [US]	Jordan Wilson [US]	L	0	2
Alexander Smith [US]	Weston Riggle [US]	L	0	3
Alexander Smith [US]	**VIP30 Zachary Stokes [US]	W	3	4
Alexander Smith [US]	Preston Smith [US]	W	6	5
Alexander Smith [US]	Angelo toscano [US]	L	6	6
Alexander Smith [US]	Christopher Scafuri [US]	L	6	7
Tony Curtis [US]	Nikita Matyukov [US]	L	0	1
Tony Curtis [US]	Loren Sowell [US]	L	0	2
Tony Curtis [US]	Anthony Le [US]	L	0	3
Tony Curtis [US]	Christine Lynn [US]	W	3	4
Tony Curtis [US]	Saviere Stevens [US]	L	3	5
Tony Curtis [US]	Doug Johnson [US]	W	6	6
Tony Curtis [US]	Seth Heitmann [US]	L	6	7
Adam Kosmowski [US]	Dishan Thayaparan [CA]	W	3	1
Adam Kosmowski [US]	Eric Rodriguez [US]	W	6	2
Adam Kosmowski [US]	Jesse Parker [US]	L	6	3
Adam Kosmowski [US]	Haru Nishikawa [JP]	L	6	4
Adam Kosmowski [US]	Sean Andrese [US]	L	6	5
Adam Kosmowski [US]	Xander Pineda [US]	L	6	6
Timothy Luke [US]	Michael Davidson [US]	L	0	1
Timothy Luke [US]	VaJuan Felix [US]	W	3	2
Timothy Luke [US]	Jacky Su [CA]	L	3	3
Timothy Luke [US]	Stephen Whitledge [US]	L	3	4
Timothy Luke [US]	caleb cordis [US]	W	6	5
Timothy Luke [US]	Kaylee Durham [US]	L	6	6
Saharut Teavahasakulthong [US]	Keegan Ives [US]	L	0	1
Saharut Teavahasakulthong [US]	Robert Simpson [CA]	W	3	2
Saharut Teavahasakulthong [US]	Wojtek Gronek [CA]	W	6	3
Saharut Teavahasakulthong [US]	Cory Tangman [US]	L	6	4
Saharut Teavahasakulthong [US]	Joe Browning [US]	L	6	5
Saharut Teavahasakulthong [US]	Juan Oliveras [US]	L	6	6
James DiMaggio [US]	Dalten Cross [US]	W	3	1
James DiMaggio [US]	Justin Doney [US]	L	3	2
James DiMaggio [US]	Brennan Jackson [US]	L	3	3
James DiMaggio [US]	Weston Riggle [US]	W	6	4
James DiMaggio [US]	Josh Vassey [US]	L	6	5
James DiMaggio [US]	Orin Porter [US]	L	6	6
Zach Robinson [US]	Bryan Funk [US]	W	3	1
Zach Robinson [US]	Bryan Bush [US]	W	6	2
Zach Robinson [US]	Alex Hamilton [US]	L	6	3
Zach Robinson [US]	Blake Reagan [US]	L	6	4
Zach Robinson [US]	Michael Morton [US]	L	6	5
Zach Robinson [US]	Ryan Overcash [US]	L	6	6
Logan Stumbo [US]	Erik Nance [US]	L	0	1
Logan Stumbo [US]	Frank Hunter [US]	W	3	2
Logan Stumbo [US]	Daniel Rao [CA]	L	3	3
Logan Stumbo [US]	Cody Brown [US]	W	6	4
Logan Stumbo [US]	Connor Chiappetta [US]	L	6	5
Logan Stumbo [US]	Cody Hope [US]	L	6	6
Chris Osburn [US]	Cyrus McCane [US]	L	0	1
Chris Osburn [US]	Jacob Scott [US]	W	3	2
Chris Osburn [US]	Julia Butenhoff [US]	L	3	3
Chris Osburn [US]	Nat McLean [US]	W	6	4
Chris Osburn [US]	Justin Kim [CA]	L	6	5
Chris Osburn [US]	Heather Coleman [US]	L	6	6
Jeff Opp [US]	Lucas Xing [CA]	L	0	1
Jeff Opp [US]	Seth Wagner [US]	W	3	2
Jeff Opp [US]	Brandon Morris [US]	L	3	3
Jeff Opp [US]	Zach Goodwin [US]	L	3	4
Jeff Opp [US]	Kade Johnson [US]	W	6	5
Jeff Opp [US]	Bryan Hunter [US]	L	6	6
Connor Woolf [US]	Nitish Doolub [UK]	W	3	1
Connor Woolf [US]	Jack Wong [CA]	L	3	2
Connor Woolf [US]	Jimmy O'Brien [US]	L	3	3
Connor Woolf [US]	John Munoz [US]	L	3	4
Connor Woolf [US]	Thomas Trently [US]	W	6	5
Connor Woolf [US]	Anthony Danczak [US]	L	6	6
Chase Sutton [US]	Kyle Adams [US]	W	3	1
Chase Sutton [US]	Matt Guyan [US]	T	4	2
Chase Sutton [US]	Dylan Smeigh [US]	T	5	3
Chase Sutton [US]	Sebastian Lashmet [US]	L	5	4
Chase Sutton [US]	Brandon Salazar [US]	T	6	5
Chase Sutton [US]	Kayla Walker [US]	L	6	6
Cameron Johnson [US]	Jordan Parrish [US]	W	3	1
Cameron Johnson [US]	Garry breech [US]	L	3	2
Cameron Johnson [US]	Zackary Turner [US]	L	3	3
Cameron Johnson [US]	Alexa Minor [US]	W	6	4
Cameron Johnson [US]	Grayson Lang [US]	L	6	5
Cameron Johnson [US]	Connor McNamara [US]	L	6	6
kyle collins [US]	Matthew Miller [US]	W	3	1
kyle collins [US]	Justin Fedorenka [CA]	L	3	2
kyle collins [US]	BILLY CHAN [CA]	L	3	3
kyle collins [US]	Mitchell O'Neill [US]	L	3	4
kyle collins [US]	Daniel Sutch [US]	W	6	5
kyle collins [US]	Daniel Nelson [US]	L	6	6
Jack Basmaci [US]	Daniel Lopez [US]	L	0	1
Jack Basmaci [US]	Jordan Parrish [US]	L	0	2
Jack Basmaci [US]	Carson Alford [US]	W	3	3
Jack Basmaci [US]	Chris Degner [US]	W	6	4
Jack Basmaci [US]	Cody Bruder [US]	L	6	5
Jack Basmaci [US]	Ben Gateley [US]	L	6	6
Carter Inman [US]	Jacob Avchen [US]	W	3	1
Carter Inman [US]	Scott Zelenak [US]	T	4	2
Carter Inman [US]	Thomas Fogarty [US]	T	5	3
Carter Inman [US]	Russell Dilley [US]	T	6	4
Carter Inman [US]	Gabriel Smart [US]	L	6	5
Carter Inman [US]	Andy Jiang [US]	L	6	6
Jacob Carrasco [US]	Pat Eshghy [US]	W	3	1
Jacob Carrasco [US]	Austin Faulk [US]	L	3	2
Jacob Carrasco [US]	Harris Noor [US]	L	3	3
Jacob Carrasco [US]	Theodore Guistwite [US]	W	6	4
Jacob Carrasco [US]	Benjamin Howard [US]	L	6	5
Jacob Carrasco [US]	Caleb Sprague [US]	L	6	6
Cory Thoma [US]	Lily Morgan [US]	L	0	1
Cory Thoma [US]	Katherine Potter [US]	W	3	2
Cory Thoma [US]	Carter Eardley [US]	W	6	3
Cory Thoma [US]	Josh Rhea [US]	L	6	4
Cory Thoma [US]	Anthony DiMascio [US]	L	6	5
Cory Thoma [US]	Trevor Van Dyke [US]	L	6	6
Eric Schwartzmier [US]	Nicholas Hruska [US]	T	1	1
Eric Schwartzmier [US]	Henry Charnock [US]	W	4	2
Eric Schwartzmier [US]	Jacob Brumfield [US]	T	5	3
Eric Schwartzmier [US]	Paul McCann [US]	L	5	4
Eric Schwartzmier [US]	Mateo Cortes [US]	T	6	5
Eric Schwartzmier [US]	Cody Zimmerman [US]	L	6	6
James Smith [US]	Alex Fusco [US]	L	0	1
James Smith [US]	Paul Thompson [CA]	W	3	2
James Smith [US]	Maxim Korobov [US]	L	3	3
James Smith [US]	Terence Maloney [US]	W	6	4
James Smith [US]	Michael Zheng [US]	L	6	5
James Smith [US]	Sean Hipp [US]	L	6	6
Megan Fiscus [US]	Sackett Brehmer [US]	L	0	1
Megan Fiscus [US]	Jonathan Carlin [US]	L	0	2
Megan Fiscus [US]	Cierra Sparks [US]	W	3	3
Megan Fiscus [US]	Zacarias Acefe [US]	W	6	4
Megan Fiscus [US]	Alexandre Ouellette [CA]	L	6	5
Megan Fiscus [US]	Samantha Durci [US]	L	6	6
Guillermo Portillo [US]	Austin Faulk [US]	L	0	1
Guillermo Portillo [US]	Alex Rubin [US]	L	0	2
Guillermo Portillo [US]	Ryan Seaburg [US]	W	3	3
Guillermo Portillo [US]	Jesse Garcia [US]	W	6	4
Guillermo Portillo [US]	Cristian Estrada [US]	L	6	5
Guillermo Portillo [US]	Drew Britton [US]	L	6	6
Ana Julia de Simone Brito dos Santos [BR]	Bryan Daly [US]	T	1	1
Ana Julia de Simone Brito dos Santos [BR]	Zachary Schmidt [US]	L	1	2
Ana Julia de Simone Brito dos Santos [BR]	Wayne Trader [US]	L	1	3
Ana Julia de Simone Brito dos Santos [BR]	Thomas Happel [US]	W	4	4
Ana Julia de Simone Brito dos Santos [BR]	David Stressman [US]	T	5	5
Ana Julia de Simone Brito dos Santos [BR]	Christopher Scafuri [US]	T	6	6
Jasmine Kohler [US]	Joshua Everly [US]	L	0	1
Jasmine Kohler [US]	Juan Flores [US]	L	0	2
Jasmine Kohler [US]	Vincent Cassello [US]	W	3	3
Jasmine Kohler [US]	Adrian Barrientos [US]	L	3	4
Jasmine Kohler [US]	Domenick Ritchie [CA]	W	6	5
Jasmine Kohler [US]	Nichola Bauwelinck [BE]	L	6	6
Gabriel Reyes [US]	Mike Wargo [US]	L	0	1
Gabriel Reyes [US]	Michael Catron [US]	L	0	2
Gabriel Reyes [US]	Shelton Williams [US]	W	3	3
Gabriel Reyes [US]	alexys rodriguez [US]	L	3	4
Gabriel Reyes [US]	Marcus payne [US]	W	6	5
Gabriel Reyes [US]	William Lee [US]	L	6	6
Nicholas Vause [US]	Amanda Chesney [US]	W	3	1
Nicholas Vause [US]	Savannah Wells [US]	L	3	2
Nicholas Vause [US]	Eric Straining [US]	L	3	3
Nicholas Vause [US]	Saviere Stevens [US]	W	6	4
Nicholas Vause [US]	Allyssa Kephart [US]	L	6	5
Nicholas Vause [US]	Cody Friend [US]	L	6	6
Benjamin Gavin [US]	Michael Messina [US]	L	0	1
Benjamin Gavin [US]	Kyle Sanchez [US]	L	0	2
Benjamin Gavin [US]	Luke Markovich	W	3	3
Benjamin Gavin [US]	Andrew Haga [US]	L	3	4
Benjamin Gavin [US]	Taylor Petricca [US]	W	6	5
Benjamin Gavin [US]	Jacob Walton [US]	L	6	6
Bryant Wood [US]	Jeremy Sussman [US]	L	0	1
Bryant Wood [US]	Eric Klein [US]	W	3	2
Bryant Wood [US]	Seth Heitmann [US]	W	6	3
Bryant Wood [US]	Calvin Yau [US]	L	6	4
Bryant Wood [US]	Mike Wargo [US]	L	6	5
Bryant Wood [US]	Brandon Salazar [US]	L	6	6
Jonathan Crespo [US]	Justin Tse [CA]	L	0	1
Jonathan Crespo [US]	Caden Styche [US]	L	0	2
Jonathan Crespo [US]	Darian Spencer [US]	W	3	3
Jonathan Crespo [US]	Sean Boerm [US]	L	3	4
Jonathan Crespo [US]	Keven Muniz [US]	W	6	5
Jonathan Crespo [US]	Jose Gonzalez [US]	L	6	6
Brendan Redinger [US]	Michele Lesage [CA]	L	0	1
Brendan Redinger [US]	Juan Escalera [US]	L	0	2
Brendan Redinger [US]	Adam Emerson [US]	L	0	3
Brendan Redinger [US]	Thomas Trently [US]	L	0	4
Brendan Redinger [US]	Carl Drake [US]	W	3	5
Brendan Redinger [US]	Samantha Radford [US]	W	6	6
Ty Murray [US]	Hal Stewart [US]	L	0	1
Ty Murray [US]	Cody Zimmerman [US]	L	0	2
Ty Murray [US]	Ben Wing [US]	L	0	3
Ty Murray [US]	Adolfo Estrada [US]	W	3	4
Ty Murray [US]	Carter Eardley [US]	W	6	5
Ty Murray [US]	Kevin Deitche [US]	L	6	6
Juliano Capretta [US]	Jean Rivera [US]	L	0	1
Juliano Capretta [US]	Ryan Overcash [US]	L	0	2
Juliano Capretta [US]	Matthew Keller [US]	L	0	3
Juliano Capretta [US]	Corey Kane [US]	W	3	4
Juliano Capretta [US]	Noah Duncan [US]	W	6	5
Juliano Capretta [US]	Abijah Jongsma [CA]	L	6	6
Andrew Edberg [US]	Muhamed Palatinus [CA]	W	3	1
Andrew Edberg [US]	Austin Ellis [CA]	W	6	2
Andrew Edberg [US]	Ryan Graywacz [US]	L	6	3
Andrew Edberg [US]	Robert Burley [US]	L	6	4
Andrew Edberg [US]	Dalten Cross [US]	L	6	5
Tyler Holland [US]	Mikela Gassert [US]	W	3	1
Tyler Holland [US]	Myles Holtsclaw [US]	L	3	2
Tyler Holland [US]	Brian Coppola [US]	W	6	3
Tyler Holland [US]	Joshua Sambrano [US]	L	6	4
Tyler Holland [US]	Eric Aubertin [CA]	L	6	5
Roman Runyon [US]	Matthew Tam [US]	W	3	1
Roman Runyon [US]	Aaron Hunt [US]	L	3	2
Roman Runyon [US]	Nikky Riccio [US]	W	6	3
Roman Runyon [US]	Roger Ramjit [US]	L	6	4
Roman Runyon [US]	John Perez [US]	L	6	5
Austin Faulk [US]	Guillermo Portillo [US]	W	3	1
Austin Faulk [US]	Jacob Carrasco [US]	W	6	2
Austin Faulk [US]	Tory Dunworth [US]	L	6	3
Austin Faulk [US]	Sebastian Francomartin [US]	L	6	4
Austin Faulk [US]	Garry breech [US]	L	6	5
Michael Ehrhart [US]	Kyle Lesniewicz [US]	W	3	1
Michael Ehrhart [US]	Clifton Dalgard [US]	L	3	2
Michael Ehrhart [US]	Anthony Bruno [US]	T	4	3
Michael Ehrhart [US]	Joshua Davies [US]	T	5	4
Michael Ehrhart [US]	Josh Szafranski [US]	T	6	5
Tristan Maier [US]	Jared Woitalla [US]	W	3	1
Tristan Maier [US]	Chris Costa [US]	L	3	2
Tristan Maier [US]	Kyle Tokarczyk [US]	L	3	3
Tristan Maier [US]	Tyco Huynh [US]	W	6	4
Tristan Maier [US]	Jacqueline Wallis [US]	L	6	5
Vincenzo Porco [CA]	Dakota Davey [US]	L	0	1
Vincenzo Porco [CA]	Matthew Reed [US]	W	3	2
Vincenzo Porco [CA]	Abery Ohayon [US]	W	6	3
Vincenzo Porco [CA]	Harris Noor [US]	L	6	4
Vincenzo Porco [CA]	Toby Eyre [US]	L	6	5
James Balasiak [CA]	Jared Alindogan [US]	W	3	1
James Balasiak [CA]	Dominick Caparotti [US]	W	6	2
James Balasiak [CA]	Kyle Mamounis [US]	L	6	3
James Balasiak [CA]	Clifton Dalgard [US]	L	6	4
James Balasiak [CA]	Chris Gonzalez [US]	L	6	5
Mateo Cortes [US]	Greg Wills [US]	T	1	1
Mateo Cortes [US]	Will Jenkins [US]	L	1	2
Mateo Cortes [US]	Connor Johnson [US]	T	2	3
Mateo Cortes [US]	Steven Axtell [US]	W	5	4
Mateo Cortes [US]	Eric Schwartzmier [US]	T	6	5
Chris Muzyn [US]	Aman Soni [US]	L	0	1
Chris Muzyn [US]	Andrew Sams [US]	W	3	2
Chris Muzyn [US]	Andrew Ryals [US]	W	6	3
Chris Muzyn [US]	BILLY CHAN [CA]	L	6	4
Chris Muzyn [US]	Tanner Johnson [US]	L	6	5
Ryan Savino [US]	Anthony Loos [US]	W	3	1
Ryan Savino [US]	Chris Nagel [US]	W	6	2
Ryan Savino [US]	Nhan Le [US]	L	6	3
Ryan Savino [US]	Natalie Miller [US]	L	6	4
Ryan Savino [US]	Osvaldo Murillo [US]	L	6	5
Kyle Cook [US]	Nicholas Shuba [US]	W	3	1
Kyle Cook [US]	Vincent Ciampi [US]	W	6	2
Kyle Cook [US]	Jake Abrams [US]	L	6	3
Kyle Cook [US]	Rafal Gladysz [US]	L	6	4
Kyle Cook [US]	Isaac Chance [US]	L	6	5
Brian Gonzalez [US]	Joseph Forjette [US]	W	3	1
Brian Gonzalez [US]	Tom Nardello [US]	L	3	2
Brian Gonzalez [US]	Alfonso Vallejo [US]	W	6	3
Brian Gonzalez [US]	Austin Ellis [CA]	L	6	4
Brian Gonzalez [US]	Erin McCann [US]	L	6	5
Zach Bowers [US]	Drew Britton [US]	W	3	1
Zach Bowers [US]	jesse spencer [US]	L	3	2
Zach Bowers [US]	Zachary Smart [US]	L	3	3
Zach Bowers [US]	James Curtis [US]	W	6	4
Zach Bowers [US]	Jacob Avchen [US]	L	6	5
Anthony Barrante [US]	Len Laraia [US]	W	3	1
Anthony Barrante [US]	Curtis Potter [US]	W	6	2
Anthony Barrante [US]	Luke Smith [US]	L	6	3
Anthony Barrante [US]	German Herrera [US]	L	6	4
Anthony Barrante [US]	Axel Alvarez [US]	L	6	5
Makayla Penney [US]	James Harris IV [US]	W	3	1
Makayla Penney [US]	Maxwell Bishop [US]	L	3	2
Makayla Penney [US]	Cody Smith [US]	W	6	3
Makayla Penney [US]	Michael Otero [US]	L	6	4
Makayla Penney [US]	Jacob Sisco [US]	L	6	5
luis bermudez [US]	Manuel Perez [US]	L	0	1
luis bermudez [US]	Ben Wing [US]	W	3	2
luis bermudez [US]	Luis Negron [US]	L	3	3
luis bermudez [US]	Zachary Gurley [US]	W	6	4
luis bermudez [US]	Cody Walker [US]	L	6	5
Allan Simmons [US]	Suzanne Matthews [US]	W	3	1
Allan Simmons [US]	Cody Brown [US]	W	6	2
Allan Simmons [US]	Anthony Appelt [US]	L	6	3
Allan Simmons [US]	Juan Oliveras [US]	L	6	4
Allan Simmons [US]	Ryan Reichley [US]	L	6	5
Ethan Singleman [US]	Shelton Williams [US]	W	3	1
Ethan Singleman [US]	Kian Siadat [US]	L	3	2
Ethan Singleman [US]	Daniel Sutch [US]	W	6	3
Ethan Singleman [US]	Miguel Arocho [US]	L	6	4
Ethan Singleman [US]	Stephen Eshghy [US]	L	6	5
Rodney Whiteside [US]	Mitch Hunsucker [US]	L	0	1
Rodney Whiteside [US]	Michael Lee [US]	W	3	2
Rodney Whiteside [US]	Dominic Vila [US]	W	6	3
Rodney Whiteside [US]	Adam Schiewe [US]	L	6	4
Rodney Whiteside [US]	Ian Robb [US]	L	6	5
Sean Boerm [US]	Chris Barry [US]	L	0	1
Sean Boerm [US]	Jen Funck [US]	L	0	2
Sean Boerm [US]	Chelsea Christy [US]	W	3	3
Sean Boerm [US]	Jonathan Crespo [US]	W	6	4
Sean Boerm [US]	Max DaSilva [US]	L	6	5
Christopher Antrim [US]	Braidery Camacho [US]	L	0	1
Christopher Antrim [US]	Jakob Vitug [US]	W	3	2
Christopher Antrim [US]	Millan Patel [US]	L	3	3
Christopher Antrim [US]	Alfonso Vallejo [US]	W	6	4
Christopher Antrim [US]	Stephen Whitledge [US]	L	6	5
Jacob Mastin [US]	Scott Zelenak [US]	L	0	1
Jacob Mastin [US]	Azul Garcia Griego [US]	L	0	2
Jacob Mastin [US]	Nam Truong [US]	W	3	3
Jacob Mastin [US]	Devin Morrow [US]	W	6	4
Jacob Mastin [US]	Tyler Tasch [US]	L	6	5
Carmen Condeluci [US]	Alex LeBlanc [US]	L	0	1
Carmen Condeluci [US]	Richard Rothenbach [US]	L	0	2
Carmen Condeluci [US]	Corey Kane [US]	W	3	3
Carmen Condeluci [US]	Chris Haynes [US]	W	6	4
Carmen Condeluci [US]	Jack Bray [US]	L	6	5
Andrew Wakefield [US]	Paul McCann [US]	T	1	1
Andrew Wakefield [US]	Zach Cohen [US]	L	1	2
Andrew Wakefield [US]	Joseph Feliciano Garcia [US]	L	1	3
Andrew Wakefield [US]	Layla Merritt [US]	L	1	4
Andrew Wakefield [US]	Richard Clarke	W	4	5
Andrew Wakefield [US]	Kaylee Hatfield [US]	L	4	6
Andrew Wakefield [US]	Casey Blatchford [US]	L	4	7
Andrew Wakefield [US]	James Wong [US]	L	4	8
Andrew Wakefield [US]	Ryan Bown [US]	T	5	9
alan bolden [US]	Mortimer Cavanah [US]	T	1	1
alan bolden [US]	Matthew Novak [US]	L	1	2
alan bolden [US]	Hunter Butler [US]	L	1	3
alan bolden [US]	Andrew Padron [US]	L	1	4
alan bolden [US]	Thomas Happel [US]	L	1	5
alan bolden [US]	Chris Breithaupt [US]	T	2	6
alan bolden [US]	Noah White [US]	L	2	7
alan bolden [US]	Richard Clarke	L	2	8
alan bolden [US]	**VIP18 Jay Finn [US]	W	5	9
Noah White [US]	Isaiah Bradner [US]	L	0	1
Noah White [US]	Douglas Cox [US]	L	0	2
Noah White [US]	VaJuan Felix [US]	L	0	3
Noah White [US]	Stephen McClain [US]	T	1	4
Noah White [US]	Lazaro Bouza [US]	L	1	5
Noah White [US]	Richard Clarke	T	2	6
Noah White [US]	alan bolden [US]	W	5	7
Noah White [US]	Basim Elgohary [US]	L	5	8
Noah White [US]	David Navarette [US]	L	5	9
Keegan Holland [US]	Tom Day [CA]	L	0	1
Keegan Holland [US]	jared lacko [US]	T	1	2
Keegan Holland [US]	Thaddeus Asel [US]	L	1	3
Keegan Holland [US]	Len Laraia [US]	T	2	4
Keegan Holland [US]	Dillon Johnson [US]	W	5	5
Keegan Holland [US]	Calvin Nordberg [US]	L	5	6
Keegan Holland [US]	Aaron Madison	L	5	7
Keegan Holland [US]	Jim Squires [US]	L	5	8
Keegan Holland [US]	Greg Wills [US]	L	5	9
Ryan Bown [US]	Brandon Roman [US]	L	0	1
Ryan Bown [US]	Nick Fleming [US]	L	0	2
Ryan Bown [US]	Dakota McMurray [US]	L	0	3
Ryan Bown [US]	Juniper Ogee [US]	L	0	4
Ryan Bown [US]	Sophie Ryan [US]	L	0	5
Ryan Bown [US]	Ryan Akuszewski [US]	T	1	6
Ryan Bown [US]	Andrew Taylor [US]	L	1	7
Ryan Bown [US]	Amanda Chesney [US]	W	4	8
Ryan Bown [US]	Andrew Wakefield [US]	T	5	9
Chris Breithaupt [US]	Zachary Schmidt [US]	T	1	1
Chris Breithaupt [US]	Austin Ragotzy [US]	L	1	2
Chris Breithaupt [US]	Ben DeGarmo [US]	L	1	3
Chris Breithaupt [US]	Bryan Desmond [US]	L	1	4
Chris Breithaupt [US]	Justin Vandiver [US]	L	1	5
Chris Breithaupt [US]	alan bolden [US]	T	2	6
Chris Breithaupt [US]	Julio Funes [US]	L	2	7
Chris Breithaupt [US]	Ryan Fitzmaurice [US]	W	5	8
Chris Breithaupt [US]	Brian Dougherty [US]	L	5	9
Vincent Ruiz` [US]	Noah Kaiser [US]	T	1	1
Vincent Ruiz` [US]	Jerrick Gumila [US]	L	1	2
Vincent Ruiz` [US]	**VIP33 Anthony Watkins [US]	T	2	3
Vincent Ruiz` [US]	Connor Johnson [US]	L	2	4
Vincent Ruiz` [US]	Nicholas Hughes [US]	W	5	5
Vincent Ruiz` [US]	**VIP29 Anthony Peppler [US]	L	5	6
Vincent Ruiz` [US]	Michael Kiser [US]	L	5	7
Vincent Ruiz` [US]	Fayez Syed [US]	L	5	8
Julio Funes [US]	Kevin Garcia [US]	L	0	1
Julio Funes [US]	Mateo Arboleda [EC]	L	0	2
Julio Funes [US]	Grayson Lang [US]	L	0	3
Julio Funes [US]	James Santaniello [US]	L	0	4
Julio Funes [US]	Timothy Russ [US]	T	1	5
Julio Funes [US]	Jeanfelix Chavez [US]	T	2	6
Julio Funes [US]	Chris Breithaupt [US]	W	5	7
Julio Funes [US]	Jeffrey Lang [US]	L	5	8
Tony Quach [US]	Jeremy Gibson [US]	L	0	1
Tony Quach [US]	Christian Umipig [CA]	T	1	2
Tony Quach [US]	Chris Berrocal [US]	T	2	3
Tony Quach [US]	Christopher Carrier [US]	L	2	4
Tony Quach [US]	Mark Zamora [US]	W	5	5
Tony Quach [US]	Hubert Lin [US]	L	5	6
Tony Quach [US]	Gabriel Cruz [US]	L	5	7
Camaren Coker [US]	Brandon Strong [US]	L	0	1
Camaren Coker [US]	Alexander Huesca [US]	L	0	2
Camaren Coker [US]	Michael Kim [US]	W	3	3
Camaren Coker [US]	Rich Longer [US]	L	3	4
Camaren Coker [US]	Aaron Dearborn [US]	T	4	5
Camaren Coker [US]	**VIP21 Charles Hernandez [US]	L	4	6
Camaren Coker [US]	Kiefer Brown [CA]	T	5	7
Robbie Brock [US]	CJ Rodriguez [US]	L	0	1
Robbie Brock [US]	Scottie Gore [US]	L	0	2
Robbie Brock [US]	Paul Thompson [CA]	L	0	3
Robbie Brock [US]	Timothy Russ [US]	W	3	4
Robbie Brock [US]	Corey Roach [US]	T	4	5
Robbie Brock [US]	Jorge Arteaga [US]	T	5	6
Robbie Brock [US]	Zachary Ellis [US]	L	5	7
Andrew DaSilva [US]	Ryan Bownes [US]	L	0	1
Andrew DaSilva [US]	Landon Riffle [US]	W	3	2
Andrew DaSilva [US]	Raymond Vega [US]	T	4	3
Andrew DaSilva [US]	Chace Giusti [US]	L	4	4
Andrew DaSilva [US]	Robert Simpson [CA]	L	4	5
Andrew DaSilva [US]	Scott Trexler [US]	T	5	6
Brian Tabares-Navia [US]	Joseph Smith [US]	T	1	1
Brian Tabares-Navia [US]	Jared Wilson [US]	L	1	2
Brian Tabares-Navia [US]	Benjamin Sallavanti [US]	W	4	3
Brian Tabares-Navia [US]	Shinnosuke Komiya [US]	T	5	4
Brian Tabares-Navia [US]	**VIP31 Joseph Sumner [US]	L	5	5
Brian Tabares-Navia [US]	Brandon House [US]	L	5	6
Jacob Maxwell [US]	Sean Jackson [US]	T	1	1
Jacob Maxwell [US]	Joey Gayda [US]	W	4	2
Jacob Maxwell [US]	Kenneth Mauder [US]	L	4	3
Jacob Maxwell [US]	Adam Kalamat [CA]	T	5	4
Jacob Maxwell [US]	Callie Moore [CA]	L	5	5
Jacob Maxwell [US]	Christian Hamby [US]	L	5	6
Thomas Fogarty [US]	Brenden Littlefield [US]	T	1	1
Thomas Fogarty [US]	Grant Walworth [US]	W	4	2
Thomas Fogarty [US]	Carter Inman [US]	T	5	3
Thomas Fogarty [US]	David Cook [US]	L	5	4
Thomas Fogarty [US]	Adam Kalamat [CA]	L	5	5
Thomas Fogarty [US]	Sophia Becker [US]	L	5	6
Dominic Arana [US]	Jonathan Twigg [US]	W	3	1
Dominic Arana [US]	Megan McBreairty [US]	T	4	2
Dominic Arana [US]	Ricardo Lasalle Barreto [US]	L	4	3
Dominic Arana [US]	Ethan DeHaven [US]	T	5	4
Dominic Arana [US]	Ryan Mayer [US]	L	5	5
Dominic Arana [US]	ulises perez [US]	L	5	6
Jose Zelaya [US]	Valkyrie Kraemer [US]	T	1	1
Jose Zelaya [US]	Brian Peavy [US]	T	2	2
Jose Zelaya [US]	Yarden Segal [CA]	L	2	3
Jose Zelaya [US]	Nito Suarez [US]	W	5	4
Jose Zelaya [US]	Kieran Inch [US]	L	5	5
Jose Zelaya [US]	Jonathan Carlin [US]	L	5	6
Paul Scheetz [US]	Calvin Nordberg [US]	T	1	1
Paul Scheetz [US]	Ben Cryer [US]	L	1	2
Paul Scheetz [US]	Mark Zamora [US]	T	2	3
Paul Scheetz [US]	Russell Shinabarger [US]	W	5	4
Paul Scheetz [US]	Ken Hwang [CA]	L	5	5
Paul Scheetz [US]	Hunter North [CA]	L	5	6
Abraham Madruga [US]	Matthew Upton [US]	L	0	1
Abraham Madruga [US]	Benjamin Sallavanti [US]	T	1	2
Abraham Madruga [US]	Jim Squires [US]	W	4	3
Abraham Madruga [US]	Jeremy Gomez [US]	L	4	4
Abraham Madruga [US]	Richard Cornwall [US]	T	5	5
Abraham Madruga [US]	Alexander Greslick [US]	L	5	6
Sai Pamulapati [US]	James Flanagan [US]	L	0	1
Sai Pamulapati [US]	Jared Alindogan [US]	T	1	2
Sai Pamulapati [US]	Brandon Comer [US]	W	4	3
Sai Pamulapati [US]	Christopher Smith [US]	T	5	4
Sai Pamulapati [US]	Brian Carroll [US]	L	5	5
Sai Pamulapati [US]	Tanner Brown [US]	L	5	6
Sean Van Alen [US]	Noah Duncan [US]	W	3	1
Sean Van Alen [US]	Jeremy Medina [US]	T	4	2
Sean Van Alen [US]	Anthony Strange [US]	T	5	3
Sean Van Alen [US]	Stefan Bechler [CA]	L	5	4
Sean Van Alen [US]	Cesar Garcia-Carranza [US]	L	5	5
Sean Van Alen [US]	Terry anayan [CA]	L	5	6
Zachary Schmidt [US]	Chris Breithaupt [US]	T	1	1
Zachary Schmidt [US]	Ana Julia de Simone Brito dos Santos [BR]	W	4	2
Zachary Schmidt [US]	Duncan Crowley [US]	L	4	3
Zachary Schmidt [US]	Dan Ricci [US]	L	4	4
Zachary Schmidt [US]	**VIP29 Anthony Peppler [US]	T	5	5
Zachary Schmidt [US]	Steven Axtell [US]	L	5	6
Steven Bates [US]	Aryn Fitzpatrick [US]	T	1	1
Steven Bates [US]	Dalen Dockery [US]	L	1	2
Steven Bates [US]	Nito Suarez [US]	T	2	3
Steven Bates [US]	Phoebe DePerry [US]	W	5	4
Steven Bates [US]	Jessica Blackwell [US]	L	5	5
Steven Bates [US]	**VIP34 Dallas White [US]	L	5	6
Austin Knowles [US]	Duncan Crowley [US]	L	0	1
Austin Knowles [US]	Andy Zhang [US]	T	1	2
Austin Knowles [US]	Ashton Waite [US]	T	2	3
Austin Knowles [US]	Eamon Johnston [US]	W	5	4
Austin Knowles [US]	Brandon Lane [US]	L	5	5
Austin Knowles [US]	Carli Wilson [US]	L	5	6
Richard Cornwall [US]	Pedro Hernandez [US]	T	1	1
Richard Cornwall [US]	Francisco Magana [US]	W	4	2
Richard Cornwall [US]	Collins Eckard [US]	L	4	3
Richard Cornwall [US]	Luke Levy [US]	L	4	4
Richard Cornwall [US]	Abraham Madruga [US]	T	5	5
Richard Cornwall [US]	Charles Ligato [US]	L	5	6
Thomas DeHart [US]	Justin Vandiver [US]	T	1	1
Thomas DeHart [US]	McKinley Freeman [US]	L	1	2
Thomas DeHart [US]	Tyson Holder [US]	W	4	3
Thomas DeHart [US]	Sackett Brehmer [US]	L	4	4
Thomas DeHart [US]	**VIP25 Iosefka Moore [US]	T	5	5
Thomas DeHart [US]	Emily Wierzba [US]	L	5	6
Chad Kray [US]	Andy Sallavanti [US]	W	3	1
Chad Kray [US]	Jessica Love [US]	L	3	2
Chad Kray [US]	Jonathan Crump [US]	T	4	3
Chad Kray [US]	Peter Ma [CA]	T	5	4
Chad Kray [US]	Yehoshua Tate [US]	L	5	5
Chad Kray [US]	Mauricio Patino [US]	L	5	6
Christopher Wojnarowski [US]	Mario Vivas [CA]	T	1	1
Christopher Wojnarowski [US]	Shena Lavespere [US]	L	1	2
Christopher Wojnarowski [US]	Denver Hartman [US]	T	2	3
Christopher Wojnarowski [US]	Nathan Guffey [US]	L	2	4
Christopher Wojnarowski [US]	Ashton Waite [US]	W	5	5
Christopher Wojnarowski [US]	Aiden Toler [US]	L	5	6
Jake Szafranski [US]	Andrew Mahone [US]	L	0	1
Jake Szafranski [US]	Jacob Avchen [US]	L	0	2
Jake Szafranski [US]	James Thiel [US]	T	1	3
Jake Szafranski [US]	Jim Squires [US]	L	1	4
Jake Szafranski [US]	Kyle Haywood [US]	W	4	5
Jake Szafranski [US]	Brady Hooker [US]	T	5	6
John Martin [US]	Daniel Shogan [US]	L	0	1
John Martin [US]	Ash Lafford [CA]	T	1	2
John Martin [US]	Andrew Reinhardt [US]	T	2	3
John Martin [US]	Braeden Ferguson [US]	W	5	4
John Martin [US]	Gavin Zhou [CA]	L	5	5
John Martin [US]	Jonathan Connell [US]	L	5	6
Christopher Osborn [US]	Jonathan Lopez [US]	T	1	1
Christopher Osborn [US]	George Gebhardt [US]	W	4	2
Christopher Osborn [US]	Alex LeBlanc [US]	T	5	3
Christopher Osborn [US]	Bryan Cresswell [CA]	L	5	4
Christopher Osborn [US]	Anthony Alvarez [US]	L	5	5
Matthew Regula [US]	Ben Wing [US]	W	3	1
Matthew Regula [US]	Michael Chen [US]	L	3	2
Matthew Regula [US]	Carli Wilson [US]	T	4	3
Matthew Regula [US]	Hal Stewart [US]	L	4	4
Matthew Regula [US]	Joshua Griffith [US]	T	5	5
**VIP25 Iosefka Moore [US]	Cristian Montas [US]	W	3	1
**VIP25 Iosefka Moore [US]	Edwin Arrollo [US]	L	3	2
**VIP25 Iosefka Moore [US]	Bryce Spangler [US]	T	4	3
**VIP25 Iosefka Moore [US]	Kyle Baxter [US]	L	4	4
**VIP25 Iosefka Moore [US]	Thomas DeHart [US]	T	5	5
Alex LeBlanc [US]	Carmen Condeluci [US]	W	3	1
Alex LeBlanc [US]	ray fernandez [US]	T	4	2
Alex LeBlanc [US]	Christopher Osborn [US]	T	5	3
Alex LeBlanc [US]	Jonathan Lupercio [US]	L	5	4
Alex LeBlanc [US]	Jackson Ford [CA]	L	5	5
Joshua Davies [US]	Axel Alvarez [US]	L	0	1
Joshua Davies [US]	Jensen Durica [US]	W	3	2
Joshua Davies [US]	Brian Kondor [US]	T	4	3
Joshua Davies [US]	Michael Ehrhart [US]	T	5	4
Joshua Davies [US]	Hugh McMurray [US]	L	5	5
Andy Zhang [US]	Gabriel Cruz [US]	L	0	1
Andy Zhang [US]	Austin Knowles [US]	T	1	2
Andy Zhang [US]	Chris Larson [US]	W	4	3
Andy Zhang [US]	Jeremy Medina [US]	T	5	4
Andy Zhang [US]	Shinnosuke Komiya [US]	L	5	5
James King [US]	Jared Wilson [US]	T	1	1
James King [US]	Brennon Conner [US]	L	1	2
James King [US]	Christopher Ruiz [US]	L	1	3
James King [US]	Rachael Laney [US]	W	4	4
James King [US]	Ian Hunter [US]	T	5	5
Emerson Kurjakovic [US]	Nicholas Hughes [US]	T	1	1
Emerson Kurjakovic [US]	Jacob Noel [US]	L	1	2
Emerson Kurjakovic [US]	Walter Portillo [US]	W	4	3
Emerson Kurjakovic [US]	Brandon Lane [US]	T	5	4
Emerson Kurjakovic [US]	Joseph Esten [US]	L	5	5
Travis Daun [US]	Carson Alford [US]	W	3	1
Travis Daun [US]	Aman Soni [US]	L	3	2
Travis Daun [US]	Zack Usiatynski [US]	L	3	3
Travis Daun [US]	VaJuan Felix [US]	T	4	4
Travis Daun [US]	Brian Dougherty [US]	T	5	5
Rebecca Brichacek [US]	Josue Velasco [US]	W	3	1
Rebecca Brichacek [US]	Tecara Newton [CA]	L	3	2
Rebecca Brichacek [US]	Trevor Bales [US]	T	4	3
Rebecca Brichacek [US]	Yehoshua Tate [US]	T	5	4
Charles Martin [US]	Zachary Kennedy [US]	W	3	1
Charles Martin [US]	Paul Semanco [US]	T	4	2
Charles Martin [US]	Austin Roop [US]	L	4	3
Charles Martin [US]	Alfredo Sepulveda [US]	T	5	4
Adolfo Estrada [US]	Jerry Li [US]	L	0	1
Adolfo Estrada [US]	Cristian Estrada [US]	L	0	2
Adolfo Estrada [US]	Michael Lade [US]	L	0	3
Adolfo Estrada [US]	Ty Murray [US]	L	0	4
Adolfo Estrada [US]	Leslie McCartney [US]	T	1	5
Adolfo Estrada [US]	Stephen McClain [US]	L	1	6
Adolfo Estrada [US]	Amanda Chesney [US]	W	4	7
Adolfo Estrada [US]	Amanda Gunkle [US]	L	4	8
Adolfo Estrada [US]	Richard Clarke	L	4	9
Ryan Fitzmaurice [US]	Hayes Kwong [US]	L	0	1
Ryan Fitzmaurice [US]	Brandon Stull [US]	L	0	2
Ryan Fitzmaurice [US]	Ben Helsel [CA]	L	0	3
Ryan Fitzmaurice [US]	Michael Kuchinsky [US]	L	0	4
Ryan Fitzmaurice [US]	Amanda Gunkle [US]	T	1	5
Ryan Fitzmaurice [US]	**VIP20 Zack Henry [US]	L	1	6
Ryan Fitzmaurice [US]	Ryan Akuszewski [US]	L	1	7
Ryan Fitzmaurice [US]	Chris Breithaupt [US]	L	1	8
Ryan Fitzmaurice [US]	BYE	W	4	9
Christopher Ruiz [US]	Kyle Leibenguth [US]	T	1	1
Christopher Ruiz [US]	Aushton Kelusky [CA]	L	1	2
Christopher Ruiz [US]	James King [US]	W	4	3
Christopher Ruiz [US]	Adrian Lopez [US]	L	4	4
Christopher Ruiz [US]	Alan Rosewicz [US]	L	4	5
Christopher Ruiz [US]	Aaron Dearborn [US]	L	4	6
Christopher Ruiz [US]	Dora Thilmony [US]	L	4	7
Christopher Ruiz [US]	Jake Gallagher [US]	L	4	8
Raymond Lucas [US]	Matt Guyan [US]	L	0	1
Raymond Lucas [US]	Erin Fields [US]	T	1	2
Raymond Lucas [US]	Seth Dollars [US]	L	1	3
Raymond Lucas [US]	Jonathan Nutter [US]	L	1	4
Raymond Lucas [US]	Rachael Laney [US]	L	1	5
Raymond Lucas [US]	Amanda Gunkle [US]	L	1	6
Raymond Lucas [US]	BYE	W	4	7
Raymond Lucas [US]	Andrew Taylor [US]	L	4	8
Arsenio Melendez [US]	Daniel Kutinsky [US]	L	0	1
Arsenio Melendez [US]	Jake Riggs [US]	L	0	2
Arsenio Melendez [US]	Zacarias Acefe [US]	L	0	3
Arsenio Melendez [US]	Raymond Dumuk [US]	T	1	4
Arsenio Melendez [US]	Thomas Hennessy [US]	L	1	5
Arsenio Melendez [US]	Joseph Forjette [US]	W	4	6
Arsenio Melendez [US]	James Bratton [US]	L	4	7
Arsenio Melendez [US]	Dishan Thayaparan [CA]	L	4	8
Shawn Ovens [US]	Jack Bray [US]	W	3	1
Shawn Ovens [US]	Tanner Drabek [US]	L	3	2
Shawn Ovens [US]	Christina Korsak [US]	T	4	3
Shawn Ovens [US]	Tyler Wyrostek [US]	L	4	4
Shawn Ovens [US]	Matt Guyan [US]	L	4	5
Shawn Ovens [US]	Sean Henninger [US]	L	4	6
Shawn Ovens [US]	Justin Dunmire [US]	L	4	7
Juan Chao [US]	Andrew Wu [US]	L	0	1
Juan Chao [US]	Connor Simpson [US]	W	3	2
Juan Chao [US]	Cole Rosario [US]	L	3	3
Juan Chao [US]	Tony Hoang [US]	L	3	4
Juan Chao [US]	alfredo manzanares [US]	T	4	5
Juan Chao [US]	James McDaid [US]	L	4	6
Juan Chao [US]	Jeny Villanueva [US]	L	4	7
Grant Monson [US]	Bradley Wantz [US]	L	0	1
Grant Monson [US]	Kenzie Carney [US]	T	1	2
Grant Monson [US]	Luke Levy [US]	L	1	3
Grant Monson [US]	anthony grasso [US]	L	1	4
Grant Monson [US]	Trevor Reisner [CA]	W	4	5
Grant Monson [US]	Jonathan Nutter [US]	L	4	6
Grant Monson [US]	Bruce Boshell [US]	L	4	7
Dean Marsh [US]	Josh Szafranski [US]	L	0	1
Dean Marsh [US]	Noah Spinale [US]	W	3	2
Dean Marsh [US]	Stephen Palombo [US]	L	3	3
Dean Marsh [US]	Ian Hunter [US]	T	4	4
Dean Marsh [US]	Kevin Fallin [US]	L	4	5
Dean Marsh [US]	Onassis Porto [US]	L	4	6
Dean Marsh [US]	Nicholas Watters [US]	L	4	7
Pierce Langley [US]	Bryan Kennedy [US]	L	0	1
Pierce Langley [US]	Tenchi Starr [US]	T	1	2
Pierce Langley [US]	Christopher Carrier [US]	T	2	3
Pierce Langley [US]	Brandon House [US]	L	2	4
Pierce Langley [US]	Victoria Barry [US]	T	3	5
Pierce Langley [US]	caleb cordis [US]	T	4	6
Pierce Langley [US]	Zachary Sipling [US]	L	4	7
Jensen Durica [US]	Robert Burley [US]	L	0	1
Jensen Durica [US]	Joshua Davies [US]	L	0	2
Jensen Durica [US]	Dylan Underwood [US]	T	1	3
Jensen Durica [US]	Jake Harpster [US]	W	4	4
Jensen Durica [US]	Layla Merritt [US]	L	4	5
Jensen Durica [US]	Stephen Morris [US]	L	4	6
Jensen Durica [US]	Joshua Gunn [US]	L	4	7
Bill Clark [US]	Ryan Rafferty [US]	L	0	1
Bill Clark [US]	Nicholas Shuba [US]	L	0	2
Bill Clark [US]	Hal Johnston [US]	T	1	3
Bill Clark [US]	Bruce Boshell [US]	W	4	4
Bill Clark [US]	Mark Marullo [US]	L	4	5
Bill Clark [US]	Lenya Bellemare [CA]	L	4	6
Bill Clark [US]	Brianna Velliquette [US]	L	4	7
Lazaro Bouza [US]	Josh Rhea [US]	L	0	1
Lazaro Bouza [US]	Bharanikumar Rayudu [US]	T	1	2
Lazaro Bouza [US]	Eddy Morales-Bailey [US]	L	1	3
Lazaro Bouza [US]	Francisco Magana [US]	L	1	4
Lazaro Bouza [US]	Noah White [US]	W	4	5
Lazaro Bouza [US]	Jeremy Klug [US]	L	4	6
Lazaro Bouza [US]	Juan Pereira [US]	L	4	7
Benjamin Peacock [US]	Evan Huang [CA]	L	0	1
Benjamin Peacock [US]	Jack Beecher [US]	L	0	2
Benjamin Peacock [US]	Zach Hess [US]	W	3	3
Benjamin Peacock [US]	Anthony Saia [US]	T	4	4
Benjamin Peacock [US]	Joey Gayda [US]	L	4	5
Benjamin Peacock [US]	Samuel Tolson III [US]	L	4	6
Benjamin Peacock [US]	Gregory Fortier [CA]	L	4	7
Andrew Sams [US]	Anthony Murphy [US]	L	0	1
Andrew Sams [US]	Chris Muzyn [US]	L	0	2
Andrew Sams [US]	Aidan Adkins [US]	T	1	3
Andrew Sams [US]	Carl Gavlik [US]	W	4	4
Andrew Sams [US]	Chris Bargeron [US]	L	4	5
Andrew Sams [US]	Abery Ohayon [US]	L	4	6
Andrew Sams [US]	Rachael Laney [US]	L	4	7
Brandon Jaramillo [US]	Adam Reinhardt [US]	L	0	1
Brandon Jaramillo [US]	Hunter Butler [US]	T	1	2
Brandon Jaramillo [US]	Christian Umipig [CA]	L	1	3
Brandon Jaramillo [US]	Jonathan Lopez [US]	L	1	4
Brandon Jaramillo [US]	Sean Jackson [US]	L	1	5
Brandon Jaramillo [US]	Timothy Russ [US]	W	4	6
Anthony Saia [US]	Jonathan Connell [US]	W	3	1
Anthony Saia [US]	Adam Jones [US]	L	3	2
Anthony Saia [US]	Tye Pellecchia [US]	L	3	3
Anthony Saia [US]	Benjamin Peacock [US]	T	4	4
Anthony Saia [US]	Brennon Conner [US]	L	4	5
Anthony Saia [US]	Bridget Curley [US]	L	4	6
Brandon Roman [US]	Ryan Bown [US]	W	3	1
Brandon Roman [US]	Sam Chen [US]	T	4	2
Brandon Roman [US]	Brooke English [US]	L	4	3
Brandon Roman [US]	Juan Mora [US]	L	4	4
Brandon Roman [US]	Xavier Williams [US]	L	4	5
Brandon Roman [US]	Bryan Bare [US]	L	4	6
Matthew McClain [US]	Sachit Soni [US]	T	1	1
Matthew McClain [US]	Anthony Smith [US]	L	1	2
Matthew McClain [US]	Samuel Mowery [US]	W	4	3
Matthew McClain [US]	Bryce Spangler [US]	L	4	4
Matthew McClain [US]	Douglas Wolf Jr [US]	L	4	5
Matthew McClain [US]	Michael French [US]	L	4	6
Patrick Rampton [US]	Jacqueline Wallis [US]	L	0	1
Patrick Rampton [US]	Nat McLean [US]	W	3	2
Patrick Rampton [US]	Kristopher Gerald	T	4	3
Patrick Rampton [US]	Regis Bellemare [CA]	L	4	4
Patrick Rampton [US]	Carl Caldwell [US]	L	4	5
Patrick Rampton [US]	Christopher Pendleton [US]	L	4	6
caleb cordis [US]	Tyler Mathews [US]	L	0	1
caleb cordis [US]	Preston Rutledge [US]	L	0	2
caleb cordis [US]	Joshua Dockins [US]	W	3	3
caleb cordis [US]	Josh Vassey [US]	L	3	4
caleb cordis [US]	Timothy Luke [US]	L	3	5
caleb cordis [US]	Pierce Langley [US]	T	4	6
Dillon Barta [US]	Adam Gherbi [US]	L	0	1
Dillon Barta [US]	Ashton Grounds [US]	W	3	2
Dillon Barta [US]	Hal Stewart [US]	T	4	3
Dillon Barta [US]	Pedro Hernandez [US]	L	4	4
Dillon Barta [US]	Nikita Matyukov [US]	L	4	5
Dillon Barta [US]	Travis Herrell [US]	L	4	6
Lyle Narciso [US]	Raul Santiago [US]	L	0	1
Lyle Narciso [US]	Thomas Happel [US]	W	3	2
Lyle Narciso [US]	Fred Singer IV [US]	L	3	3
Lyle Narciso [US]	Paul Thompson [CA]	T	4	4
Lyle Narciso [US]	Leopoldo Narciso [US]	L	4	5
Lyle Narciso [US]	Cresmar Justin Hernaez [US]	L	4	6
Meredith Knowles [US]	Dominick Caparotti [US]	L	0	1
Meredith Knowles [US]	Grant Keating [US]	T	1	2
Meredith Knowles [US]	Matthew Balbour [US]	W	4	3
Meredith Knowles [US]	Alana Watanabe [US]	L	4	4
Meredith Knowles [US]	Benjamin Sallavanti [US]	L	4	5
Meredith Knowles [US]	Jonathan Crump [US]	L	4	6
Jesse Garcia [US]	Brodee McCoy [US]	L	0	1
Jesse Garcia [US]	BYE	W	3	2
Jesse Garcia [US]	Nick Newton [US]	L	3	3
Jesse Garcia [US]	Guillermo Portillo [US]	L	3	4
Jesse Garcia [US]	**VIP19 Charlie Hall [US]	T	4	5
Jesse Garcia [US]	Sean Jackson [US]	L	4	6
Arthur Cooke [US]	Addie Ward [US]	L	0	1
Arthur Cooke [US]	Alexane Bellemare [CA]	T	1	2
Arthur Cooke [US]	Tate Whitesell [US]	L	1	3
Arthur Cooke [US]	Stephen Morris [US]	L	1	4
Arthur Cooke [US]	Samuel Mowery [US]	W	4	5
Arthur Cooke [US]	Matthew Miller [US]	L	4	6
Ethan Wilson [US]	Dominic Vila [US]	L	0	1
Ethan Wilson [US]	Tim Tipton [US]	W	3	2
Ethan Wilson [US]	Geneses Pabuna [CA]	T	4	3
Ethan Wilson [US]	Peyton Bauermeister [US]	L	4	4
Ethan Wilson [US]	Donny Nguyen [US]	L	4	5
Ethan Wilson [US]	Tito Gonzalez [US]	L	4	6
Chris Leandro [US]	Riley Harris [US]	L	0	1
Chris Leandro [US]	David Navarette [US]	W	3	2
Chris Leandro [US]	Matt Gilson [US]	T	4	3
Chris Leandro [US]	Ryan Turner [US]	L	4	4
Chris Leandro [US]	Dylan Dreyer [US]	L	4	5
Chris Leandro [US]	Christian Villarosa [US]	L	4	6
Timothy Thomas [US]	Orla Gotthelf [US]	T	1	1
Timothy Thomas [US]	Kaylie Prementine [US]	L	1	2
Timothy Thomas [US]	Kelly Nimmons [US]	L	1	3
Timothy Thomas [US]	Aaron Latham [US]	W	4	4
Timothy Thomas [US]	Tom Hellkamp [US]	L	4	5
Timothy Thomas [US]	Christine Dong [US]	L	4	6
joshua adams [US]	Patrick Earnest [US]	W	3	1
joshua adams [US]	Alexander Phillips [US]	L	3	2
joshua adams [US]	Ryan Gonzalez [US]	L	3	3
joshua adams [US]	Mose Galdames-Henry [US]	L	3	4
joshua adams [US]	Ivan Martinez [MX]	T	4	5
joshua adams [US]	Asher Campbell [US]	L	4	6
Jacob Henry [US]	Diego Contes Negron [US]	W	3	1
Jacob Henry [US]	Tristan Bennett [US]	L	3	2
Jacob Henry [US]	Martin Schneider [US]	L	3	3
Jacob Henry [US]	Alexander Welsh [US]	L	3	4
Jacob Henry [US]	Kai Coe [US]	T	4	5
Jacob Henry [US]	Andrew Padron [US]	L	4	6
Jerry Sheng [US]	Chris Haynes [US]	L	0	1
Jerry Sheng [US]	Chris Knudsvig [US]	L	0	2
Jerry Sheng [US]	Michael Kuchinsky [US]	W	3	3
Jerry Sheng [US]	Michael Godla [US]	L	3	4
Jerry Sheng [US]	Pedro Estrada [US]	T	4	5
Jerry Sheng [US]	Matthew Tam [US]	L	4	6
Freddy Rodriguez [US]	Bryan Lyons [US]	L	0	1
Freddy Rodriguez [US]	Brennan Jackson [US]	L	0	2
Freddy Rodriguez [US]	Wade Anderson [US]	L	0	3
Freddy Rodriguez [US]	Shelton Williams [US]	W	3	4
Freddy Rodriguez [US]	Jeny Villanueva [US]	T	4	5
Freddy Rodriguez [US]	Steven Mihalson [US]	L	4	6
Ivan Martinez [MX]	Joseph Kreiser [US]	L	0	1
Ivan Martinez [MX]	Vaughn O'Brien [US]	L	0	2
Ivan Martinez [MX]	Ricky Bowman [US]	W	3	3
Ivan Martinez [MX]	Samantha HoangLong [US]	L	3	4
Ivan Martinez [MX]	joshua adams [US]	T	4	5
Ivan Martinez [MX]	Cassidy Gibson [US]	L	4	6
Corey Roach [US]	Josh Litvinoff [US]	L	0	1
Corey Roach [US]	Cody Pedigo [US]	W	3	2
Corey Roach [US]	Thom Vaknin [US]	L	3	3
Corey Roach [US]	Gabriel Rosa [US]	L	3	4
Corey Roach [US]	Robbie Brock [US]	T	4	5
Corey Roach [US]	Michael Laundrie [US]	L	4	6
Justin Vandiver [US]	Thomas DeHart [US]	T	1	1
Justin Vandiver [US]	Brian Garcia [US]	L	1	2
Justin Vandiver [US]	William Herrmann [US]	L	1	3
Justin Vandiver [US]	Marvel Moniaga [US]	L	1	4
Justin Vandiver [US]	Chris Breithaupt [US]	W	4	5
Justin Vandiver [US]	Ryan Bowman [US]	L	4	6
Amelia Goodworth [US]	Greg Minklei [US]	L	0	1
Amelia Goodworth [US]	Jacob Pellizzon [CA]	L	0	2
Amelia Goodworth [US]	Trevor Reisner [CA]	T	1	3
Amelia Goodworth [US]	Mark Marullo [US]	L	1	4
Amelia Goodworth [US]	Anthony Richards [US]	L	1	5
Amelia Goodworth [US]	Leslie McCartney [US]	W	4	6
Luis Zambrana [US]	Dillon Ryan [US]	L	0	1
Luis Zambrana [US]	Joshua Tolan [US]	T	1	2
Luis Zambrana [US]	Erin Fields [US]	W	4	3
Luis Zambrana [US]	Alexa Weidner [US]	L	4	4
Luis Zambrana [US]	Nate Orr [US]	L	4	5
Luis Zambrana [US]	Christina Korsak [US]	L	4	6
Joshua Cambri [US]	Nathan Flanders [CA]	L	0	1
Joshua Cambri [US]	Michael Kelly [US]	L	0	2
Joshua Cambri [US]	cesar gastelbondo [CO]	T	1	3
Joshua Cambri [US]	Chris Larson [US]	L	1	4
Joshua Cambri [US]	Carl Gavlik [US]	W	4	5
Joshua Cambri [US]	**VIP19 Charlie Hall [US]	L	4	6
Robert Carter [US]	Michael Plocinik [US]	L	0	1
Robert Carter [US]	**VIP21 Charles Hernandez [US]	T	1	2
Robert Carter [US]	Brian Dougherty [US]	L	1	3
Robert Carter [US]	Matthew Kirk [US]	L	1	4
Robert Carter [US]	Ryan Silva [US]	L	1	5
Robert Carter [US]	Amanda Chesney [US]	W	4	6
Steve Menkel [US]	Josh Clinton [US]	T	1	1
Steve Menkel [US]	Joseph Feliciano Garcia [US]	W	4	2
Steve Menkel [US]	Guy Bennett [US]	L	4	3
Steve Menkel [US]	Chris Franco [US]	L	4	4
Steve Menkel [US]	Anthony Canizalez [US]	L	4	5
Anthony Murphy [US]	Andrew Sams [US]	W	3	1
Anthony Murphy [US]	Isaiah Bradner [US]	T	4	2
Anthony Murphy [US]	Jared Wilson [US]	L	4	3
Anthony Murphy [US]	Michael Tatarowicz [US]	L	4	4
Anthony Murphy [US]	Matt Walter [US]	L	4	5
Jennifer Perez [US]	Sophia Becker [US]	W	3	1
Jennifer Perez [US]	Dregan Shook [US]	L	3	2
Jennifer Perez [US]	Rob Stephens [US]	T	4	3
Jennifer Perez [US]	Brian Kondor [US]	L	4	4
Jennifer Perez [US]	Jihoon Youn [US]	L	4	5
Walter Anderson [US]	Ryan Akuszewski [US]	W	3	1
Walter Anderson [US]	Justin Teng [US]	T	4	2
Walter Anderson [US]	Dalen Dockery [US]	L	4	3
Walter Anderson [US]	Joseph Nawal [US]	L	4	4
Walter Anderson [US]	Benjamin Grove [US]	L	4	5
William Hughes [US]	Layla Merritt [US]	W	3	1
William Hughes [US]	Austin Roop [US]	T	4	2
William Hughes [US]	Josh Stapler [US]	L	4	3
William Hughes [US]	Tate Whitesell [US]	L	4	4
William Hughes [US]	Anthony Balko [US]	L	4	5
Kyle D'Amato [US]	Adam Starliper [US]	W	3	1
Kyle D'Amato [US]	Ryan Soety [US]	L	3	2
Kyle D'Amato [US]	Nicholas Moses [US]	T	4	3
Kyle D'Amato [US]	Matthew Upton [US]	L	4	4
Kyle D'Amato [US]	VaJuan Felix [US]	L	4	5
Nicolas Roseamelia [US]	Sebastian Francomartin [US]	L	0	1
Nicolas Roseamelia [US]	Charles Snyder III [US]	T	1	2
Nicolas Roseamelia [US]	Dylan McKinney [US]	W	4	3
Nicolas Roseamelia [US]	**VIP16 Oziel Cuellar [US]	L	4	4
Nicolas Roseamelia [US]	Jared Alindogan [US]	L	4	5
Matthew Dennington [US]	Camden Southern [US]	W	3	1
Matthew Dennington [US]	Nicholas Moffitt [US]	L	3	2
Matthew Dennington [US]	Jose Gonzalez [US]	T	4	3
Matthew Dennington [US]	Nick Forte [US]	L	4	4
Matthew Dennington [US]	Jonathan Arias [US]	L	4	5
Douglas Cox [US]	chris bodden [US]	L	0	1
Douglas Cox [US]	Noah White [US]	W	3	2
Douglas Cox [US]	Mark Dizon [CA]	T	4	3
Douglas Cox [US]	William Timmermeyer [US]	L	4	4
Douglas Cox [US]	Karl Alvarez [US]	L	4	5
John Wanggaard [US]	Christopher Venier [CA]	L	0	1
John Wanggaard [US]	Sophia Becker [US]	T	1	2
John Wanggaard [US]	Brandon Lane [US]	L	1	3
John Wanggaard [US]	Brandon Rutledge [US]	W	4	4
John Wanggaard [US]	Mason Hans [US]	L	4	5
Matthew Monteiro [US]	Jan Michael Ortiz [US]	L	0	1
Matthew Monteiro [US]	John Blatchford [US]	T	1	2
Matthew Monteiro [US]	Morgan Drake [US]	W	4	3
Matthew Monteiro [US]	eugene davis [US]	L	4	4
Matthew Monteiro [US]	Vincent Vuong [CA]	L	4	5
Harley Palmer [US]	Braiden Elfert [US]	L	0	1
Harley Palmer [US]	Anthony Kocan [US]	T	1	2
Harley Palmer [US]	Miguel Bardales [US]	W	4	3
Harley Palmer [US]	Alex Pearce [US]	L	4	4
Harley Palmer [US]	Dominick Caparotti [US]	L	4	5
Wyatt Ethier [US]	Austin Wood [US]	W	3	1
Wyatt Ethier [US]	Brian Carroll [US]	T	4	2
Wyatt Ethier [US]	Justin Kulas [US]	L	4	3
Wyatt Ethier [US]	Pranav Ganti [US]	L	4	4
Wyatt Ethier [US]	James Thiel [US]	L	4	5
Breon Wilson [US]	John Bannan [US]	T	1	1
Breon Wilson [US]	James Wilson [US]	W	4	2
Breon Wilson [US]	Jacob Noel [US]	L	4	3
Breon Wilson [US]	Rocky Barr [US]	L	4	4
Breon Wilson [US]	Summer Plesko [US]	L	4	5
Bryan Desmond [US]	Tanner Drabek [US]	L	0	1
Bryan Desmond [US]	James Thompson [US]	T	1	2
Bryan Desmond [US]	Kamal Crooks-Valdez [US]	L	1	3
Bryan Desmond [US]	Chris Breithaupt [US]	W	4	4
Bryan Desmond [US]	Alexandra Rodriguez [US]	L	4	5
Orla Gotthelf [US]	Timothy Thomas [US]	T	1	1
Orla Gotthelf [US]	José Torres [US]	L	1	2
Orla Gotthelf [US]	**VIP24 Rocco Miller [US]	W	4	3
Orla Gotthelf [US]	Calvin Tathanhlong [CA]	L	4	4
Orla Gotthelf [US]	Jay Medeiros [CA]	L	4	5
Tony Vuong [US]	Sean Henninger [US]	W	3	1
Tony Vuong [US]	Travis Rowley [US]	T	4	2
Tony Vuong [US]	James Jason [US]	L	4	3
Tony Vuong [US]	Andres Estrada [US]	L	4	4
Tony Vuong [US]	Justin Turner [US]	L	4	5
Scott Ethier [US]	Patrick Vargas [US]	T	1	1
Scott Ethier [US]	Daniel Pacchioli [US]	L	1	2
Scott Ethier [US]	Samuel Scime [CA]	L	1	3
Scott Ethier [US]	Henry Charnock [US]	L	1	4
Scott Ethier [US]	Joshua Gunn [US]	W	4	5
Brendan Cornell [US]	Osvaldo Murillo [US]	L	0	1
Brendan Cornell [US]	Sergio Rodriguez [CA]	L	0	2
Brendan Cornell [US]	Brandon Rutledge [US]	T	1	3
Brendan Cornell [US]	Matthew Balbour [US]	W	4	4
Brendan Cornell [US]	Paul Semanco [US]	L	4	5
Jonathan Cooper [US]	Jake Harpster [US]	W	3	1
Jonathan Cooper [US]	Kyle Caruthers [US]	L	3	2
Jonathan Cooper [US]	Chad Hewitt [US]	L	3	3
Jonathan Cooper [US]	Jake Skurchak [US]	T	4	4
Jonathan Cooper [US]	luis diaz [US]	L	4	5
Neil Campbell [US]	Anthony Danczak [US]	L	0	1
Neil Campbell [US]	Michael Lacek [US]	T	1	2
Neil Campbell [US]	Calvin Nordberg [US]	L	1	3
Neil Campbell [US]	Samuel Mowery [US]	W	4	4
Neil Campbell [US]	Ryan Rafferty [US]	L	4	5
Eddy Morales-Bailey [US]	**VIP20 Zack Henry [US]	T	1	1
Eddy Morales-Bailey [US]	David Ranney [US]	L	1	2
Eddy Morales-Bailey [US]	Lazaro Bouza [US]	W	4	3
Eddy Morales-Bailey [US]	Matt Bubp [US]	L	4	4
Eddy Morales-Bailey [US]	James Coyle [US]	L	4	5
Francisco Magana [US]	Aidan Cioppa [US]	T	1	1
Francisco Magana [US]	Richard Cornwall [US]	L	1	2
Francisco Magana [US]	Mario Martinez [US]	L	1	3
Francisco Magana [US]	Lazaro Bouza [US]	W	4	4
Francisco Magana [US]	Sebastian Ardila [US]	L	4	5
Andy Sallavanti [US]	Chad Kray [US]	L	0	1
Andy Sallavanti [US]	Tito Gonzalez [US]	W	3	2
Andy Sallavanti [US]	Jose Padilla Macias [US]	L	3	3
Andy Sallavanti [US]	Austin Ensing [US]	L	3	4
Andy Sallavanti [US]	Travis Herrell [US]	T	4	5
tyler frink [US]	Erin McCann [US]	L	0	1
tyler frink [US]	Thomas Brophy [US]	L	0	2
tyler frink [US]	Jeremy Klug [US]	T	1	3
tyler frink [US]	Cameron Bonds [US]	W	4	4
tyler frink [US]	Geneses Pabuna [CA]	L	4	5
Chris Nagel [US]	Oneida Williams [US]	W	3	1
Chris Nagel [US]	Ryan Savino [US]	L	3	2
Chris Nagel [US]	Michael French [US]	T	4	3
Chris Nagel [US]	Harel Manhaim [IL]	L	4	4
Chris Nagel [US]	Shawn Smith [US]	L	4	5
John Owen [US]	Corey Dancause [US]	L	0	1
John Owen [US]	Xavier Williams [US]	T	1	2
John Owen [US]	Bharanikumar Rayudu [US]	W	4	3
John Owen [US]	Jonathan Herrera [US]	L	4	4
John Owen [US]	Chris Wilkinson [US]	L	4	5
**VIP27 Dean Parkin [US]	Joseph Cornell [US]	L	0	1
**VIP27 Dean Parkin [US]	Dan Whitman [US]	L	0	2
**VIP27 Dean Parkin [US]	Nathaniel Edelman [US]	L	0	3
**VIP27 Dean Parkin [US]	Zach Hess [US]	W	3	4
**VIP27 Dean Parkin [US]	Dishan Thayaparan [CA]	T	4	5
Jack Koller [US]	Edward Khodaei [US]	L	0	1
Jack Koller [US]	Ritter Minnix [US]	L	0	2
Jack Koller [US]	Zachary Kennedy [US]	T	1	3
Jack Koller [US]	James Wilson [US]	W	4	4
Jack Koller [US]	Solomon Shurge [US]	L	4	5
Donovan Vanorsdale [US]	Jared Colbert [US]	L	0	1
Donovan Vanorsdale [US]	Nicholas Matejzel [US]	W	3	2
Donovan Vanorsdale [US]	Gregory Fortier [CA]	T	4	3
Donovan Vanorsdale [US]	clayton may [US]	L	4	4
Donovan Vanorsdale [US]	Matt Gilson [US]	L	4	5
Marvel Moniaga [US]	Donny McCoy [US]	L	0	1
Marvel Moniaga [US]	Lion Chen [US]	L	0	2
Marvel Moniaga [US]	Lenya Bellemare [CA]	T	1	3
Marvel Moniaga [US]	Justin Vandiver [US]	W	4	4
Marvel Moniaga [US]	ray fernandez [US]	L	4	5
Patrick Earnest [US]	joshua adams [US]	L	0	1
Patrick Earnest [US]	Mark Dizon [CA]	L	0	2
Patrick Earnest [US]	Bryan Funk [US]	L	0	3
Patrick Earnest [US]	Leslie McCartney [US]	W	3	4
Patrick Earnest [US]	Alfonso Vallejo [US]	T	4	5
Steve Ondrey [US]	JUSTIN PETERSON [US]	L	0	1
Steve Ondrey [US]	Paul DeJesus [US]	L	0	2
Steve Ondrey [US]	Jordan Rinard [US]	W	3	3
Steve Ondrey [US]	Juan Pereira [US]	T	4	4
Steve Ondrey [US]	Joshua Tolan [US]	L	4	5
Nate Durell [US]	Benjamin Morse [US]	L	0	1
Nate Durell [US]	andrew amistad [CA]	L	0	2
Nate Durell [US]	Eric Thieleman [US]	T	1	3
Nate Durell [US]	Andre Conroy [US]	W	4	4
Nate Durell [US]	Val McFarland [US]	L	4	5
Vincent Ciampi [US]	Shawn Baker [US]	W	3	1
Vincent Ciampi [US]	Kyle Cook [US]	L	3	2
Vincent Ciampi [US]	Akdiel Flores [US]	L	3	3
Vincent Ciampi [US]	Gregory Tschann [US]	L	3	4
Vincent Ciampi [US]	Anthony Loos [US]	T	4	5
Guilly Mendoza [US]	Brandon Joestar [US]	L	0	1
Guilly Mendoza [US]	James Harris IV [US]	L	0	2
Guilly Mendoza [US]	Samantha Parichan [US]	T	1	3
Guilly Mendoza [US]	James Bratton [US]	W	4	4
Guilly Mendoza [US]	Dryden Hawn [US]	L	4	5
Matthew Kerner [US]	Alex Rubin [US]	W	3	1
Matthew Kerner [US]	Alex Wilson [US]	L	3	2
Matthew Kerner [US]	Jonah Villarosa [US]	T	4	3
Matthew Kerner [US]	Aidyn Moye [US]	L	4	4
Landon Pfeffer [US]	Guy Bennett [US]	T	1	1
Landon Pfeffer [US]	Jeremiah Schmutz [US]	L	1	2
Landon Pfeffer [US]	Ricardo Gonzalez [US]	W	4	3
Landon Pfeffer [US]	Drew Wilson [US]	L	4	4
Thomas Pishock [US]	Tiger Hickman [US]	W	3	1
Thomas Pishock [US]	Hayes Kwong [US]	T	4	2
Thomas Pishock [US]	Michael Ginchereau [US]	L	4	3
Thomas Pishock [US]	Rob Anderson [US]	L	4	4
Wayne Trader [US]	Josh Marking [US]	L	0	1
Wayne Trader [US]	Edwin Cohetero	T	1	2
Wayne Trader [US]	Ana Julia de Simone Brito dos Santos [BR]	W	4	3
Wayne Trader [US]	Hunter Butler [US]	L	4	4
Thaddeus Asel [US]	Andre DiPaola [US]	L	0	1
Thaddeus Asel [US]	Chace Giusti [US]	T	1	2
Thaddeus Asel [US]	Keegan Holland [US]	W	4	3
Thaddeus Asel [US]	Michele Schiraldi [CA]	L	4	4
Josh Lynn [US]	Julia Butenhoff [US]	L	0	1
Josh Lynn [US]	Jake Harpster [US]	T	1	2
Josh Lynn [US]	**VIP20 Zack Henry [US]	W	4	3
Josh Lynn [US]	Mateo Arboleda [EC]	L	4	4
Dylan Parris [US]	Ryan Gonzalez [US]	L	0	1
Dylan Parris [US]	Zoe Jacobsen [US]	L	0	2
Dylan Parris [US]	Jacob Sisco [US]	L	0	3
Dylan Parris [US]	Nick Novak [US]	L	0	4
Dylan Parris [US]	Nam Truong [US]	L	0	5
Dylan Parris [US]	Luke Markovich	W	3	6
Dylan Parris [US]	Alexander Edralin [US]	L	3	7
Dylan Parris [US]	David Navarette [US]	L	3	8
Dylan Parris [US]	Ryan Akuszewski [US]	L	3	9
**VIP18 Jay Finn [US]	Jeffrey Weiss [US]	L	0	1
**VIP18 Jay Finn [US]	Matthew Miller [US]	L	0	2
**VIP18 Jay Finn [US]	Jonathan Acosta [US]	L	0	3
**VIP18 Jay Finn [US]	Steven Mihalson [US]	L	0	4
**VIP18 Jay Finn [US]	Chelsea Christy [US]	W	3	5
**VIP18 Jay Finn [US]	Juniper Ogee [US]	L	3	6
**VIP18 Jay Finn [US]	Ryan Seaburg [US]	L	3	7
**VIP18 Jay Finn [US]	Mark Zamora [US]	L	3	8
**VIP18 Jay Finn [US]	alan bolden [US]	L	3	9
Samantha Radford [US]	Sam Gulas [US]	L	0	1
Samantha Radford [US]	Drew Britton [US]	W	3	2
Samantha Radford [US]	**VIP17 Ricardo Escobar [US]	L	3	3
Samantha Radford [US]	Jermell Parrish [US]	L	3	4
Samantha Radford [US]	Ben Helsel [CA]	L	3	5
Samantha Radford [US]	Brendan Redinger [US]	L	3	6
Samantha Radford [US]	Carl Drake [US]	L	3	7
Samantha Radford [US]	Dylan McKinney [US]	L	3	8
Christian Beech [US]	Mikey Kalb [US]	L	0	1
Christian Beech [US]	Anthony Miller [US]	L	0	2
Christian Beech [US]	Noah Spinale [US]	L	0	3
Christian Beech [US]	Kade Johnson [US]	L	0	4
Christian Beech [US]	Oneida Williams [US]	W	3	5
Christian Beech [US]	Jake Bankert [US]	L	3	6
Christian Beech [US]	Danielle Mckernan [US]	L	3	7
Christian Beech [US]	Victoria Barry [US]	L	3	8
Nelson Normandia [US]	Luke Morsa [US]	L	0	1
Nelson Normandia [US]	Andrew Zheng [US]	L	0	2
Nelson Normandia [US]	Muhamed Palatinus [CA]	W	3	3
Nelson Normandia [US]	Jiazuo Sun [US]	L	3	4
Nelson Normandia [US]	J-F Guimond [CA]	L	3	5
Nelson Normandia [US]	**VIP32 Karim Velji [CA]	L	3	6
Nelson Normandia [US]	Jacob Brown [US]	L	3	7
Daniel Shogan [US]	John Martin [US]	W	3	1
Daniel Shogan [US]	Joseph Cornell [US]	L	3	2
Daniel Shogan [US]	joshua daily [US]	L	3	3
Daniel Shogan [US]	Michael Lade [US]	L	3	4
Daniel Shogan [US]	Kris Krueger [US]	L	3	5
Daniel Shogan [US]	Russell Shinabarger [US]	L	3	6
Daniel Shogan [US]	Ricardo Gonzalez [US]	L	3	7
Jeanfelix Chavez [US]	Paul Semanco [US]	L	0	1
Jeanfelix Chavez [US]	Ian Robb [US]	L	0	2
Jeanfelix Chavez [US]	Chris Mooney [US]	T	1	3
Jeanfelix Chavez [US]	Daniel Helm [US]	L	1	4
Jeanfelix Chavez [US]	Melanie Springer [US]	L	1	5
Jeanfelix Chavez [US]	Julio Funes [US]	T	2	6
Jeanfelix Chavez [US]	Mark Zamora [US]	T	3	7
Chung-Min An [US]	Kris Kavanagh [US]	L	0	1
Chung-Min An [US]	Philip Matthews [US]	L	0	2
Chung-Min An [US]	James Santaniello [US]	W	3	3
Chung-Min An [US]	Kevin Deitche [US]	L	3	4
Chung-Min An [US]	Harry Rachel [US]	L	3	5
Chung-Min An [US]	Michael Allen [US]	L	3	6
Ashelia Bowsher [US]	Kaden Hyatt [US]	W	3	1
Ashelia Bowsher [US]	Ryan Harris [US]	L	3	2
Ashelia Bowsher [US]	**VIP22 Jose Marzan [US]	L	3	3
Ashelia Bowsher [US]	Jen Funck [US]	L	3	4
Ashelia Bowsher [US]	Zach Stone [US]	L	3	5
Ashelia Bowsher [US]	Preston Smith [US]	L	3	6
Samuel Anserello [US]	Raymond Dumuk [US]	W	3	1
Samuel Anserello [US]	Sanjay Sundararajan [US]	L	3	2
Samuel Anserello [US]	Adam Schiewe [US]	L	3	3
Samuel Anserello [US]	Jacob Boris [US]	L	3	4
Samuel Anserello [US]	Jacob Walton [US]	L	3	5
Samuel Anserello [US]	Jacob Angelo [US]	L	3	6
Reis Tipton [US]	Mitchell Roberge [US]	L	0	1
Reis Tipton [US]	Martin Schneider [US]	L	0	2
Reis Tipton [US]	Stephen Cavanaugh [US]	W	3	3
Reis Tipton [US]	Steven Leu [US]	L	3	4
Reis Tipton [US]	Jean Rivera [US]	L	3	5
Reis Tipton [US]	Thomas Trently [US]	L	3	6
robert walter [US]	Shawn Smith [US]	T	1	1
robert walter [US]	Christopher Regan [US]	L	1	2
robert walter [US]	Dario Marchetta [CA]	L	1	3
robert walter [US]	Dylan Underwood [US]	T	2	4
robert walter [US]	Evan Bennett [US]	L	2	5
robert walter [US]	Carter Eardley [US]	T	3	6
Tim Tipton [US]	Liam Conant [US]	L	0	1
Tim Tipton [US]	Ethan Wilson [US]	L	0	2
Tim Tipton [US]	Cristian Montas [US]	W	3	3
Tim Tipton [US]	Hunter Berry [US]	L	3	4
Tim Tipton [US]	Byron Breckenridge [US]	L	3	5
Tim Tipton [US]	Nam Truong [US]	L	3	6
Virginia Schmidt [US]	ray fernandez [US]	L	0	1
Virginia Schmidt [US]	Erin Collins [US]	W	3	2
Virginia Schmidt [US]	Anthony Abalsamo [US]	L	3	3
Virginia Schmidt [US]	Ben Gateley [US]	L	3	4
Virginia Schmidt [US]	Holly Sturm [US]	L	3	5
Virginia Schmidt [US]	Sherri Lee [US]	L	3	6
Casey Atkins [US]	Alex Wilson [US]	L	0	1
Casey Atkins [US]	James Byrum [US]	L	0	2
Casey Atkins [US]	Jake Skurchak [US]	L	0	3
Casey Atkins [US]	Destiny Bussell [US]	W	3	4
Casey Atkins [US]	Connor Simpson [US]	L	3	5
Casey Atkins [US]	Jacob Williams [US]	L	3	6
Greg Downing [US]	Paul Martin [US]	W	3	1
Greg Downing [US]	Zachary Cooper [US]	L	3	2
Greg Downing [US]	Christopher Wigelsworth [US]	L	3	3
Greg Downing [US]	Nick Alvarez [US]	L	3	4
Greg Downing [US]	Abby Brown [US]	L	3	5
Greg Downing [US]	David Powell [US]	L	3	6
Rachel Conroy [US]	Alfonso Vallejo [US]	L	0	1
Rachel Conroy [US]	**VIP30 Zachary Stokes [US]	W	3	2
Rachel Conroy [US]	Ciaran Farah [CA]	L	3	3
Rachel Conroy [US]	Joe Rowe [US]	L	3	4
Rachel Conroy [US]	Austin Frailing [US]	L	3	5
Rachel Conroy [US]	Daniel Moore [US]	L	3	6
Doug Johnson [US]	Daniel Lammers [US]	L	0	1
Doug Johnson [US]	Mike Hines [US]	L	0	2
Doug Johnson [US]	alexys rodriguez [US]	L	0	3
Doug Johnson [US]	Nicholas Watters [US]	W	3	4
Doug Johnson [US]	Abe Morales [US]	L	3	5
Doug Johnson [US]	Tony Curtis [US]	L	3	6
Keven Muniz [US]	Travis Herrell [US]	L	0	1
Keven Muniz [US]	Morgan Abreu [US]	T	1	2
Keven Muniz [US]	James Thompson [US]	T	2	3
Keven Muniz [US]	John Blatchford [US]	T	3	4
Keven Muniz [US]	Jonathan Crespo [US]	L	3	5
Keven Muniz [US]	Zach Grady [US]	L	3	6
Nicholas Shuba [US]	Kyle Cook [US]	L	0	1
Nicholas Shuba [US]	Bill Clark [US]	W	3	2
Nicholas Shuba [US]	Sam Rindal [US]	L	3	3
Nicholas Shuba [US]	Brian Rivas [US]	L	3	4
Nicholas Shuba [US]	Matthew Hill-Kent [CA]	L	3	5
Nicholas Shuba [US]	Erin Collins [US]	L	3	6
Jordan Rinard [US]	JW Kriewall [US]	L	0	1
Jordan Rinard [US]	Taylor Molina [US]	L	0	2
Jordan Rinard [US]	Steve Ondrey [US]	L	0	3
Jordan Rinard [US]	Collin Ray [US]	L	0	4
Jordan Rinard [US]	Ryan Akuszewski [US]	W	3	5
Jordan Rinard [US]	Sophie Ryan [US]	L	3	6
Zack Gross [US]	Aaron Santos [US]	L	0	1
Zack Gross [US]	Brandon Allen [US]	W	3	2
Zack Gross [US]	Calvin Chang [US]	L	3	3
Zack Gross [US]	Jose Luis Sanchez [US]	L	3	4
Zack Gross [US]	Joseph Jennings [US]	L	3	5
Alex Quach [CA]	Derrick Chan [US]	W	3	1
Alex Quach [CA]	Jeremy Gibson [US]	L	3	2
Alex Quach [CA]	Carlos Berrios [US]	L	3	3
Alex Quach [CA]	Alex Morris [US]	L	3	4
Alex Quach [CA]	Meryl Otter [US]	L	3	5
Will Eagle [US]	Dylan Smith [US]	L	0	1
Will Eagle [US]	Chris Wilkinson [US]	W	3	2
Will Eagle [US]	Michael Otero [US]	L	3	3
Will Eagle [US]	Matthew Blatnick [US]	L	3	4
Will Eagle [US]	Brian Coppola [US]	L	3	5
Zach Bachofner [US]	Justin Doney [US]	L	0	1
Zach Bachofner [US]	Shelton Williams [US]	W	3	2
Zach Bachofner [US]	Brendan Cevasco [US]	L	3	3
Zach Bachofner [US]	Jack Bray [US]	L	3	4
Zach Bachofner [US]	Nate Manning [US]	L	3	5
Ben Saylor [US]	Soumil Dusara [US]	L	0	1
Ben Saylor [US]	Zach Hess [US]	W	3	2
Ben Saylor [US]	Simon Trottier-Lacasse [CA]	L	3	3
Ben Saylor [US]	Juan Gonzalez [US]	L	3	4
Ben Saylor [US]	Caden Styche [US]	L	3	5
Marcus payne [US]	Randall Coberly [US]	L	0	1
Marcus payne [US]	Alexander Welsh [US]	W	3	2
Marcus payne [US]	Anthony Salomone [US]	L	3	3
Marcus payne [US]	Matthew Molloy [US]	L	3	4
Marcus payne [US]	Gabriel Reyes [US]	L	3	5
Tariq Eddington [US]	Austin Myers [US]	L	0	1
Tariq Eddington [US]	Alec Shaw	W	3	2
Tariq Eddington [US]	Cameron Shenoy [US]	L	3	3
Tariq Eddington [US]	Grayson Lang [US]	L	3	4
Tariq Eddington [US]	Jack Shepard [US]	L	3	5
Julian Riveros [CO]	Cody Graham [US]	L	0	1
Julian Riveros [CO]	Thomas Trently [US]	W	3	2
Julian Riveros [CO]	Austin Kuhn [US]	L	3	3
Julian Riveros [CO]	Brandon Stull [US]	L	3	4
Julian Riveros [CO]	Dan Mellon [US]	L	3	5
John-Peter Gero [US]	Daniel Leon [US]	L	0	1
John-Peter Gero [US]	Danny Gavin [US]	L	0	2
John-Peter Gero [US]	Chris Degner [US]	L	0	3
John-Peter Gero [US]	Christopher Kelley [US]	W	3	4
John-Peter Gero [US]	Raulin Dick [US]	L	3	5
Andrew Kanallakan [US]	Jacky Su [CA]	L	0	1
Andrew Kanallakan [US]	Alice Wade [US]	W	3	2
Andrew Kanallakan [US]	Edelgard Fox [US]	L	3	3
Andrew Kanallakan [US]	Cody Bruder [US]	L	3	4
Andrew Kanallakan [US]	Gustavo Ortiz [US]	L	3	5
Jason Ball [US]	Ryan Williams [US]	L	0	1
Jason Ball [US]	Dan Ricci [US]	L	0	2
Jason Ball [US]	Steven Mihalson [US]	W	3	3
Jason Ball [US]	Ava Cruzan [US]	L	3	4
Jason Ball [US]	Benjamin Morse [US]	L	3	5
Chris Haynes [US]	Jerry Sheng [US]	W	3	1
Chris Haynes [US]	Josh Litvinoff [US]	L	3	2
Chris Haynes [US]	Ryan Vujanovich [US]	L	3	3
Chris Haynes [US]	Carmen Condeluci [US]	L	3	4
Chris Haynes [US]	Chi Wu [US]	L	3	5
Jacob Scott [US]	Jonathan Lupercio [US]	L	0	1
Jacob Scott [US]	Chris Osburn [US]	L	0	2
Jacob Scott [US]	Zach Stone [US]	L	0	3
Jacob Scott [US]	BYE	W	3	4
Jacob Scott [US]	Marty Reyes [US]	L	3	5
Eduardo Tzapin [US]	Alice Wade [US]	W	3	1
Eduardo Tzapin [US]	Andrew Salley [US]	L	3	2
Eduardo Tzapin [US]	Michael Messina [US]	L	3	3
Eduardo Tzapin [US]	Jarek Mead [US]	L	3	4
Eduardo Tzapin [US]	Muhamed Palatinus [CA]	L	3	5
Lion Chen [US]	Austin Roop [US]	L	0	1
Lion Chen [US]	Marvel Moniaga [US]	W	3	2
Lion Chen [US]	AJ DeLalla [US]	L	3	3
Lion Chen [US]	Connor McNamara [US]	L	3	4
Lion Chen [US]	Joshua Tierney [US]	L	3	5
Phillip Lineberry [US]	Brad Brown [US]	L	0	1
Phillip Lineberry [US]	Nick Dela Torre [US]	L	0	2
Phillip Lineberry [US]	Brandon Gilbert [US]	L	0	3
Phillip Lineberry [US]	Erin Collins [US]	W	3	4
Phillip Lineberry [US]	Bryan Daly [US]	L	3	5
Nathan Zondlo [US]	Justin Norris [US]	L	0	1
Nathan Zondlo [US]	Preston Alberts [US]	L	0	2
Nathan Zondlo [US]	Joseph Jennings [US]	L	0	3
Nathan Zondlo [US]	David Powell [US]	W	3	4
Nathan Zondlo [US]	Mikela Gassert [US]	L	3	5
Miguel Dooley [US]	Cody Smith [US]	L	0	1
Miguel Dooley [US]	Beckham Barnett [US]	W	3	2
Miguel Dooley [US]	Evan Campbell [US]	L	3	3
Miguel Dooley [US]	Jake Humphries [US]	L	3	4
Miguel Dooley [US]	John Blatchford [US]	L	3	5
Jonathan Reyes [US]	Leopoldo Narciso [US]	L	0	1
Jonathan Reyes [US]	Victor Ghibu [CA]	L	0	2
Jonathan Reyes [US]	Ryan Silva [US]	W	3	3
Jonathan Reyes [US]	Shalom Arellano [US]	L	3	4
Jonathan Reyes [US]	Xander Pineda [US]	L	3	5
Michael Malone [US]	Alexander Vences [US]	L	0	1
Michael Malone [US]	Nathan Newton [US]	W	3	2
Michael Malone [US]	Derrick Chan [US]	L	3	3
Michael Malone [US]	Cody Pedigo [US]	L	3	4
Michael Malone [US]	Scottie Gore [US]	L	3	5
Nick Novak [US]	Joseph Esten [US]	L	0	1
Nick Novak [US]	Thad Weyand [US]	L	0	2
Nick Novak [US]	Nate Manning [US]	L	0	3
Nick Novak [US]	Dylan Parris [US]	W	3	4
Nick Novak [US]	Nikkolas Paserba [US]	L	3	5
Anthony Allmond [US]	James Juliano [US]	L	0	1
Anthony Allmond [US]	Jake Skurchak [US]	W	3	2
Anthony Allmond [US]	Evan Aronhalt [US]	L	3	3
Anthony Allmond [US]	Hang Yu Lin [CA]	L	3	4
Anthony Allmond [US]	Michael Lee [US]	L	3	5
Collin Ray [US]	Wesley Renye [US]	L	0	1
Collin Ray [US]	Mateo Thompson Soto [US]	L	0	2
Collin Ray [US]	Connor Simpson [US]	L	0	3
Collin Ray [US]	Jordan Rinard [US]	W	3	4
Collin Ray [US]	Jose Torres [US]	L	3	5
Ben Wing [US]	Matthew Regula [US]	L	0	1
Ben Wing [US]	luis bermudez [US]	L	0	2
Ben Wing [US]	Ty Murray [US]	W	3	3
Ben Wing [US]	Matthew Bowie [US]	L	3	4
Ben Wing [US]	Zachary Hopper [US]	L	3	5
Meryl Otter [US]	Andrew Taylor [US]	W	3	1
Meryl Otter [US]	Kenny Ngo [US]	L	3	2
Meryl Otter [US]	Juan Oliveras [US]	L	3	3
Meryl Otter [US]	Matthew Hall [US]	L	3	4
Meryl Otter [US]	Alex Quach [CA]	L	3	5
Tyco Huynh [US]	Ricardo Gonzalez [US]	W	3	1
Tyco Huynh [US]	Wesley Renye [US]	L	3	2
Tyco Huynh [US]	Riley Harris [US]	L	3	3
Tyco Huynh [US]	Tristan Maier [US]	L	3	4
Tyco Huynh [US]	Frank Hunter [US]	L	3	5
Kade Johnson [US]	Joe Turrentine [US]	L	0	1
Kade Johnson [US]	Christian Hamby [US]	L	0	2
Kade Johnson [US]	Michael Ceculski [US]	L	0	3
Kade Johnson [US]	Christian Beech [US]	W	3	4
Kade Johnson [US]	Jeff Opp [US]	L	3	5
Christopher Kelley [US]	Leandro Cortez [US]	L	0	1
Christopher Kelley [US]	Gabriel Rosa [US]	L	0	2
Christopher Kelley [US]	Sean Hipp [US]	L	0	3
Christopher Kelley [US]	John-Peter Gero [US]	L	0	4
Christopher Kelley [US]	Jay Gelunas [US]	W	3	5
**VIP30 Zachary Stokes [US]	Raymond Vega [US]	L	0	1
**VIP30 Zachary Stokes [US]	Rachel Conroy [US]	L	0	2
**VIP30 Zachary Stokes [US]	Alec Noah [US]	L	0	3
**VIP30 Zachary Stokes [US]	Alexander Smith [US]	L	0	4
**VIP30 Zachary Stokes [US]	Neven Kurjakovic [US]	W	3	5
Kevin Baxter [US]	Ciaran Farah [CA]	W	3	1
Kevin Baxter [US]	Brian Ortiz [US]	L	3	2
Kevin Baxter [US]	Jared Grimes [US]	L	3	3
Kevin Baxter [US]	Tyler Annaert [CA]	L	3	4
Peter DeMartino [US]	Noel Totomoch [US]	L	0	1
Peter DeMartino [US]	Grayson Jones [US]	L	0	2
Peter DeMartino [US]	Tyler Annaert [CA]	L	0	3
Peter DeMartino [US]	Jimmy Wellington [US]	W	3	4
Maritza Ocampo [US]	Bailey Cleavenger [US]	T	1	1
Maritza Ocampo [US]	Lauren Talley [US]	T	2	2
Maritza Ocampo [US]	Steven Spotts [US]	L	2	3
Maritza Ocampo [US]	Bryan Daly [US]	T	3	4
Loren Sowell [US]	Jim O’Heron [US]	L	0	1
Loren Sowell [US]	Tony Curtis [US]	W	3	2
Loren Sowell [US]	Tyler Herrmann [US]	L	3	3
Loren Sowell [US]	Joseph Rebernik [US]	L	3	4
Yajie Zhang [CA]	Zachary Sipling [US]	W	3	1
Yajie Zhang [CA]	Cobi Kawasaki [US]	L	3	2
Yajie Zhang [CA]	Aden Cunningham [US]	L	3	3
Yajie Zhang [CA]	Spencer Snyder [US]	L	3	4
Jon Hoyt [US]	Alexander Polkow [US]	L	0	1
Jon Hoyt [US]	Zachary Muller [US]	W	3	2
Jon Hoyt [US]	Moe Uddin [US]	L	3	3
Jon Hoyt [US]	Steve Zhang [US]	L	3	4
Samuel Estes [US]	Juan Oliveras [US]	L	0	1
Samuel Estes [US]	Alexa Minor [US]	W	3	2
Samuel Estes [US]	Nick Trausch [US]	L	3	3
Samuel Estes [US]	Camden Southern [US]	L	3	4
Hunter Wyne [US]	Weston Riggle [US]	W	3	1
Hunter Wyne [US]	Mike Newey [US]	L	3	2
Hunter Wyne [US]	Jake Riggs [US]	L	3	3
Hunter Wyne [US]	Patrick DAurora [US]	L	3	4
Oliver Stark [US]	Nathan Newton [US]	W	3	1
Oliver Stark [US]	Mitchell Courtney [US]	L	3	2
Oliver Stark [US]	Alex Larson [US]	L	3	3
Oliver Stark [US]	John Hudson [US]	L	3	4
David Scott [US]	Ezequiel Moreno [US]	L	0	1
David Scott [US]	Jose Luis Sanchez [US]	W	3	2
David Scott [US]	Logan Forsythe [US]	L	3	3
David Scott [US]	Halim Bourjeili [US]	L	3	4
Zacarias Acefe [US]	Haru Nishikawa [JP]	L	0	1
Zacarias Acefe [US]	Kara Greenstreet [US]	L	0	2
Zacarias Acefe [US]	Arsenio Melendez [US]	W	3	3
Zacarias Acefe [US]	Megan Fiscus [US]	L	3	4
Eric Greene [US]	Kenzie Carney [US]	W	3	1
Eric Greene [US]	Mitchell Roberge [US]	L	3	2
Eric Greene [US]	joseph halcomb [US]	L	3	3
Eric Greene [US]	Christian Dingle [US]	L	3	4
Theodore Guistwite [US]	Jake Gearhart [US]	L	0	1
Theodore Guistwite [US]	Aidan Adkins [US]	W	3	2
Theodore Guistwite [US]	Sammy Allen [US]	L	3	3
Theodore Guistwite [US]	Jacob Carrasco [US]	L	3	4
James Juliano [US]	Anthony Allmond [US]	W	3	1
James Juliano [US]	Ryan Pham [US]	L	3	2
James Juliano [US]	Luke Talkington [US]	L	3	3
James Juliano [US]	Xavier Clark [US]	L	3	4
Marquise Briscoe [US]	Rico Schugmann [US]	L	0	1
Marquise Briscoe [US]	Alexander Reckley [US]	W	3	2
Marquise Briscoe [US]	Felipe Arias [US]	L	3	3
Marquise Briscoe [US]	Kayla Plotkin [US]	L	3	4
Yong-Kyoo Hong [CA]	Geneses Pabuna [CA]	W	3	1
Yong-Kyoo Hong [CA]	Andrew Dombroski [US]	L	3	2
Yong-Kyoo Hong [CA]	Steven Hummelt [US]	L	3	3
Yong-Kyoo Hong [CA]	Joe Ferrari [CA]	L	3	4
Evan Huang [CA]	Benjamin Peacock [US]	W	3	1
Evan Huang [CA]	Justin Bean [US]	L	3	2
Evan Huang [CA]	Michael Catron [US]	L	3	3
Evan Huang [CA]	J Garrison [US]	L	3	4
Matthew Keller [US]	Moe Uddin [US]	L	0	1
Matthew Keller [US]	Jonathan Twigg [US]	L	0	2
Matthew Keller [US]	Juliano Capretta [US]	W	3	3
Matthew Keller [US]	Andre DiPaola [US]	L	3	4
Kevin Walunas [US]	Jared Burgon [US]	L	0	1
Kevin Walunas [US]	Braden Whited [US]	W	3	2
Kevin Walunas [US]	Joseph Hoover [US]	L	3	3
Kevin Walunas [US]	Bryan Funk [US]	L	3	4
Cris Calderhead [US]	Stephen Palombo [US]	W	3	1
Cris Calderhead [US]	Zachary Trybus [US]	L	3	2
Cris Calderhead [US]	Gregory Sweeney [US]	L	3	3
Cris Calderhead [US]	Andrew Nunez [US]	L	3	4
Bryan Cantrell [US]	Lucas Thiele [US]	L	0	1
Bryan Cantrell [US]	Michael Broderick [US]	L	0	2
Bryan Cantrell [US]	Erin Collins [US]	W	3	3
Bryan Cantrell [US]	Tyler Tasch [US]	L	3	4
Jake Adkins [US]	Austin Daniels [US]	L	0	1
Jake Adkins [US]	Benjamin Merritt [US]	L	0	2
Jake Adkins [US]	Eric Klein [US]	W	3	3
Jake Adkins [US]	James Harris IV [US]	L	3	4
Zachary Gurley [US]	Jack Rooney [US]	L	0	1
Zachary Gurley [US]	James Santaniello [US]	W	3	2
Zachary Gurley [US]	Matthew Hensley [US]	L	3	3
Zachary Gurley [US]	luis bermudez [US]	L	3	4
Odyssey Shanklin [US]	Nate Orr [US]	L	0	1
Odyssey Shanklin [US]	Christopher Pendleton [US]	W	3	2
Odyssey Shanklin [US]	Joe Dietrich [US]	L	3	3
Odyssey Shanklin [US]	Paul DeJesus [US]	L	3	4
Josue Velasco [US]	Rebecca Brichacek [US]	L	0	1
Josue Velasco [US]	Chris Degner [US]	W	3	2
Josue Velasco [US]	Nicholas Avarello [US]	L	3	3
Josue Velasco [US]	Dan Irish [US]	L	3	4
Michael Ceculski [US]	James Jason [US]	L	0	1
Michael Ceculski [US]	Trevor Bales [US]	L	0	2
Michael Ceculski [US]	Kade Johnson [US]	W	3	3
Michael Ceculski [US]	Thomas Brophy [US]	L	3	4
Taylor Molina [US]	Michael Dones [US]	L	0	1
Taylor Molina [US]	Jordan Rinard [US]	W	3	2
Taylor Molina [US]	Austin Ellis [CA]	L	3	3
Taylor Molina [US]	Nikky Riccio [US]	L	3	4
Yanci Colon [US]	Cody Hope [US]	L	0	1
Yanci Colon [US]	Michael Canaves [US]	L	0	2
Yanci Colon [US]	Taylor Petricca [US]	W	3	3
Yanci Colon [US]	Allyssa Kephart [US]	L	3	4
Max Martin [US]	Nathaniel Edelman [US]	W	3	1
Max Martin [US]	Haru Nishikawa [JP]	L	3	2
Max Martin [US]	Cory Koehler [US]	L	3	3
Max Martin [US]	Brandon Allen [US]	L	3	4
Cody Smith [US]	Miguel Dooley [US]	W	3	1
Cody Smith [US]	Dominick Ciampi [US]	L	3	2
Cody Smith [US]	Makayla Penney [US]	L	3	3
Cody Smith [US]	Amanda Ploener [US]	L	3	4
Cody Brown [US]	Kendall Rust [US]	W	3	1
Cody Brown [US]	Allan Simmons [US]	L	3	2
Cody Brown [US]	Andrew Zheng [US]	L	3	3
Cody Brown [US]	Logan Stumbo [US]	L	3	4
Joe Ward [US]	Jeremy Medina [US]	L	0	1
Joe Ward [US]	Gustavo Ortiz [US]	W	3	2
Joe Ward [US]	Zachary Heeter [US]	L	3	3
Joe Ward [US]	Katlyn Custer [US]	L	3	4
Michael Kelly [US]	Joe Browning [US]	L	0	1
Michael Kelly [US]	Joshua Cambri [US]	W	3	2
Michael Kelly [US]	Andrew Mease [US]	L	3	3
Michael Kelly [US]	Dakota McMurray [US]	L	3	4
Levi Burke [US]	Andrew Dombroski [US]	L	0	1
Levi Burke [US]	Derrick Chan [US]	L	0	2
Levi Burke [US]	Landon Riffle [US]	W	3	3
Levi Burke [US]	Andrew Ryals [US]	L	3	4
Abbie MacNeal [US]	Christina Korsak [US]	L	0	1
Abbie MacNeal [US]	Sophie Ryan [US]	W	3	2
Abbie MacNeal [US]	Calvin Yau [US]	L	3	3
Abbie MacNeal [US]	Brock Davis [US]	L	3	4
Joshua Scott [US]	Jack McKnight [US]	W	3	1
Joshua Scott [US]	Dominic Zottoli [US]	L	3	2
Joshua Scott [US]	Cristian Estrada [US]	L	3	3
Joshua Scott [US]	Ian Robb [US]	L	3	4
Alexa Minor [US]	Mitchell Courtney [US]	L	0	1
Alexa Minor [US]	Samuel Estes [US]	L	0	2
Alexa Minor [US]	Scott Clark [US]	W	3	3
Alexa Minor [US]	Cameron Johnson [US]	L	3	4
Braden Whited [US]	Victor Aung [US]	L	0	1
Braden Whited [US]	Kevin Walunas [US]	L	0	2
Braden Whited [US]	Timothy Russ [US]	W	3	3
Braden Whited [US]	matthew seifstein [US]	L	3	4
Noah Spinale [US]	**VIP26 Fred Neilan [US]	L	0	1
Noah Spinale [US]	Dean Marsh [US]	L	0	2
Noah Spinale [US]	Christian Beech [US]	W	3	3
Noah Spinale [US]	Anthony Miller [US]	L	3	4
Alec Noah [US]	Alexander Rodriguez [US]	L	0	1
Alec Noah [US]	Ricardo Romero [MX]	L	0	2
Alec Noah [US]	**VIP30 Zachary Stokes [US]	W	3	3
Alec Noah [US]	Josh Fuller [US]	L	3	4
Matt Marcial [US]	Danny Barger [US]	L	0	1
Matt Marcial [US]	BILLY CHAN [CA]	L	0	2
Matt Marcial [US]	Neven Kurjakovic [US]	W	3	3
Matt Marcial [US]	Mason Lovato [US]	L	3	4
Terence Maloney [US]	Jose Medina [US]	L	0	1
Terence Maloney [US]	Paul Martin [US]	W	3	2
Terence Maloney [US]	Jacob Avchen [US]	L	3	3
Terence Maloney [US]	James Smith [US]	L	3	4
Weston Riggle [US]	Hunter Wyne [US]	L	0	1
Weston Riggle [US]	Elgar Benavides [US]	L	0	2
Weston Riggle [US]	Alexander Smith [US]	W	3	3
Weston Riggle [US]	James DiMaggio [US]	L	3	4
Shawn Baker [US]	Vincent Ciampi [US]	L	0	1
Shawn Baker [US]	Shehwaz Rassiwalla [US]	L	0	2
Shawn Baker [US]	Sean Henninger [US]	W	3	3
Shawn Baker [US]	Ryan Reichley [US]	L	3	4
Nicholas Matejzel [US]	Carter Eardley [US]	L	0	1
Nicholas Matejzel [US]	Donovan Vanorsdale [US]	L	0	2
Nicholas Matejzel [US]	Jimmy Wellington [US]	W	3	3
Nicholas Matejzel [US]	Sean Andrese [US]	L	3	4
Lucas McCulla [US]	Alexander Phillips [US]	L	0	1
Lucas McCulla [US]	BYE	W	3	2
Lucas McCulla [US]	Jonathan Zielenski [US]	L	3	3
Michael Catrino [US]	Jaydon Do [CA]	W	3	1
Michael Catrino [US]	Sarah Burnside [CA]	L	3	2
Michael Catrino [US]	Lukas Gindt [US]	L	3	3
Dominic Vila [US]	Ethan Wilson [US]	W	3	1
Dominic Vila [US]	Beau Fleetwood [US]	L	3	2
Dominic Vila [US]	Rodney Whiteside [US]	L	3	3
Lance Plavka [US]	Ryan Antonucci [US]	L	0	1
Lance Plavka [US]	Ryan Kelly [US]	W	3	2
Lance Plavka [US]	Danny Chalet [US]	L	3	3
Curtis Potter [US]	Connor Johnson [US]	W	3	1
Curtis Potter [US]	Anthony Barrante [US]	L	3	2
Curtis Potter [US]	Victor Ghibu [CA]	L	3	3
Chayton Phillips [US]	Michael Zele [US]	L	0	1
Chayton Phillips [US]	Kai Coe [US]	W	3	2
Chayton Phillips [US]	Kris Kavanagh [US]	L	3	3
Robert Rupert	LATE	L	0	1
Robert Rupert	Nick Newton [US]	L	0	2
Robert Rupert	Jonathan Patterson [US]	L	0	3
Robert Rupert	Chelsea Christy [US]	W	3	4
Robert Rupert	Abijah Jongsma [CA]	L	3	5
Tyler Schoenfeld [US]	McKinley Freeman [US]	T	1	1
Tyler Schoenfeld [US]	Brenden Littlefield [US]	T	2	2
Tyler Schoenfeld [US]	Isaiah Marks [US]	L	2	3
Tyler Schoenfeld [US]	Aaron Madison	L	2	4
Tyler Schoenfeld [US]	James Thompson [US]	L	2	5
Tyler Schoenfeld [US]	Joseph Smith [US]	L	2	6
Mortimer Cavanah [US]	alan bolden [US]	T	1	1
Mortimer Cavanah [US]	Noah Sawyer [US]	L	1	2
Mortimer Cavanah [US]	Matt Walter [US]	L	1	3
Mortimer Cavanah [US]	Edwin Cohetero	L	1	4
Mortimer Cavanah [US]	Dylan McKinney [US]	T	2	5
Mortimer Cavanah [US]	Jaylen Jackson [US]	L	2	6
Ashton Waite [US]	Yehoshua Tate [US]	L	0	1
Ashton Waite [US]	Len Laraia [US]	T	1	2
Ashton Waite [US]	Austin Knowles [US]	T	2	3
Ashton Waite [US]	Ryan Mayer [US]	L	2	4
Ashton Waite [US]	Christopher Wojnarowski [US]	L	2	5
Ashton Waite [US]	Phoebe DePerry [US]	L	2	6
Dillon Johnson [US]	Lauren Talley [US]	T	1	1
Dillon Johnson [US]	Bryan Hunter [US]	T	2	2
Dillon Johnson [US]	Ramon Morales [US]	L	2	3
Dillon Johnson [US]	Alberto Plasencia [US]	L	2	4
Dillon Johnson [US]	Keegan Holland [US]	L	2	5
Nicholas Hughes [US]	Emerson Kurjakovic [US]	T	1	1
Nicholas Hughes [US]	Yarden Segal [CA]	T	2	2
Nicholas Hughes [US]	Tanner Brown [US]	L	2	3
Nicholas Hughes [US]	Jonathan Connell [US]	L	2	4
Nicholas Hughes [US]	Vincent Ruiz` [US]	L	2	5
Denver Hartman [US]	Max McKitrick [US]	T	1	1
Denver Hartman [US]	Shawn Cardella [US]	L	1	2
Denver Hartman [US]	Christopher Wojnarowski [US]	T	2	3
Denver Hartman [US]	**VIP33 Anthony Watkins [US]	L	2	4
Denver Hartman [US]	Hubert Lin [US]	L	2	5
Javi Marrero [US]	Carlos Artze [US]	L	0	1
Javi Marrero [US]	Joshua Gunn [US]	T	1	2
Javi Marrero [US]	ulises perez [US]	T	2	3
Javi Marrero [US]	Sophia Becker [US]	L	2	4
Javi Marrero [US]	Jonathan Ruff [US]	L	2	5
William Heffernan [US]	Jessica Burden-Cheresna [CA]	L	0	1
William Heffernan [US]	Ricardo Gonzalez [US]	T	1	2
William Heffernan [US]	Kenzie Carney [US]	T	2	3
William Heffernan [US]	Kevin Johns [US]	L	2	4
William Heffernan [US]	Christopher Scafuri [US]	L	2	5
Mathew Boat [US]	Jonathan Valenzuela [US]	T	1	1
Mathew Boat [US]	Anthony Finney [US]	T	2	2
Mathew Boat [US]	David Cook [US]	L	2	3
Mathew Boat [US]	Bryan Hunter [US]	L	2	4
Braeden Ferguson [US]	Eric Trinh [US]	T	1	1
Braeden Ferguson [US]	Joseph Zelis [US]	T	2	2
Braeden Ferguson [US]	Anthony Finney [US]	L	2	3
Braeden Ferguson [US]	John Martin [US]	L	2	4
Nito Suarez [US]	Nathan Guffey [US]	T	1	1
Nito Suarez [US]	Justin Kulas [US]	L	1	2
Nito Suarez [US]	Steven Bates [US]	T	2	3
Nito Suarez [US]	Jose Zelaya [US]	L	2	4
Jason Malyuk jr [US]	Brian Garcia [US]	T	1	1
Jason Malyuk jr [US]	Patrick Vargas [US]	L	1	2
Jason Malyuk jr [US]	Christopher Scafuri [US]	T	2	3
Jason Malyuk jr [US]	Gavin Zhou [CA]	L	2	4
Scott Keller [US]	Matthew Keyes [US]	T	1	1
Scott Keller [US]	Shawn Smith [US]	T	2	2
Scott Keller [US]	Brenden Littlefield [US]	L	2	3
Scott Keller [US]	Eric Cromer [US]	L	2	4
Dylan Underwood [US]	Ethan Szendrey [CA]	L	0	1
Dylan Underwood [US]	jaguar mount [CA]	L	0	2
Dylan Underwood [US]	Jensen Durica [US]	T	1	3
Dylan Underwood [US]	robert walter [US]	T	2	4
Aidan Adkins [US]	Edwin Lopez [US]	L	0	1
Aidan Adkins [US]	Theodore Guistwite [US]	L	0	2
Aidan Adkins [US]	Andrew Sams [US]	T	1	3
Aidan Adkins [US]	Jaylen Jackson [US]	T	2	4
Len Laraia [US]	Anthony Barrante [US]	L	0	1
Len Laraia [US]	Ashton Waite [US]	T	1	2
Len Laraia [US]	Jessica Blackwell [US]	L	1	3
Len Laraia [US]	Keegan Holland [US]	T	2	4
Kenzie Carney [US]	Eric Greene [US]	L	0	1
Kenzie Carney [US]	Grant Monson [US]	T	1	2
Kenzie Carney [US]	William Heffernan [US]	T	2	3
Kenzie Carney [US]	Greg Wills [US]	L	2	4
Amanda Chesney [US]	Nicholas Vause [US]	L	0	1
Amanda Chesney [US]	matthew seifstein [US]	L	0	2
Amanda Chesney [US]	Tyler Tasch [US]	L	0	3
Amanda Chesney [US]	Thomas Hennessy [US]	T	1	4
Amanda Chesney [US]	Basim Elgohary [US]	L	1	5
Amanda Chesney [US]	Robert Carter [US]	L	1	6
Amanda Chesney [US]	Adolfo Estrada [US]	L	1	7
Amanda Chesney [US]	Ryan Bown [US]	L	1	8
Leslie McCartney [US]	Dre Alderette [US]	L	0	1
Leslie McCartney [US]	Case Bennink [US]	L	0	2
Leslie McCartney [US]	Max DaSilva [US]	L	0	3
Leslie McCartney [US]	Patrick Earnest [US]	L	0	4
Leslie McCartney [US]	Adolfo Estrada [US]	T	1	5
Leslie McCartney [US]	Amelia Goodworth [US]	L	1	6
Timothy Russ [US]	Justin Brothers [US]	L	0	1
Timothy Russ [US]	Connor Chiappetta [US]	L	0	2
Timothy Russ [US]	Braden Whited [US]	L	0	3
Timothy Russ [US]	Robbie Brock [US]	L	0	4
Timothy Russ [US]	Julio Funes [US]	T	1	5
Timothy Russ [US]	Brandon Jaramillo [US]	L	1	6
Kyle Haywood [US]	Arron Sanyer [US]	L	0	1
Kyle Haywood [US]	Greyson Snyder [US]	T	1	2
Kyle Haywood [US]	Zachary Sipling [US]	L	1	3
Kyle Haywood [US]	Michael Laundrie [US]	L	1	4
Kyle Haywood [US]	Jake Szafranski [US]	L	1	5
Kyle Haywood [US]	James Bratton [US]	L	1	6
Joseph Forjette [US]	Brian Gonzalez [US]	L	0	1
Joseph Forjette [US]	Cassidy Gibson [US]	L	0	2
Joseph Forjette [US]	Basim Elgohary [US]	T	1	3
Joseph Forjette [US]	Jeremy Allen [US]	L	1	4
Joseph Forjette [US]	Joseph Hayward [US]	L	1	5
Joseph Forjette [US]	Arsenio Melendez [US]	L	1	6
Trevor Reisner [CA]	Blake Reagan [US]	L	0	1
Trevor Reisner [CA]	Gregory Fortier [CA]	L	0	2
Trevor Reisner [CA]	Amelia Goodworth [US]	T	1	3
Trevor Reisner [CA]	Jay Medeiros [CA]	L	1	4
Trevor Reisner [CA]	Grant Monson [US]	L	1	5
Trevor Reisner [CA]	Nicholas Watters [US]	L	1	6
Chelsea-Rose Halkyard [US]	Sujith Nalabolu [US]	L	0	1
Chelsea-Rose Halkyard [US]	Connor Johnson [US]	T	1	2
Chelsea-Rose Halkyard [US]	Grayson McKinley [US]	L	1	3
Chelsea-Rose Halkyard [US]	Morgan Abreu [US]	L	1	4
Chelsea-Rose Halkyard [US]	Matthew Miller [US]	L	1	5
Samuel Mowery [US]	Dalen Dockery [US]	T	1	1
Samuel Mowery [US]	**VIP16 Oziel Cuellar [US]	L	1	2
Samuel Mowery [US]	Matthew McClain [US]	L	1	3
Samuel Mowery [US]	Neil Campbell [US]	L	1	4
Samuel Mowery [US]	Arthur Cooke [US]	L	1	5
Cameron Bonds [US]	Alexander Byrd [US]	T	1	1
Cameron Bonds [US]	Rahul Reddy [US]	L	1	2
Cameron Bonds [US]	Walker Moss [US]	L	1	3
Cameron Bonds [US]	tyler frink [US]	L	1	4
Cameron Bonds [US]	Tito Gonzalez [US]	L	1	5
Eric Thieleman [US]	Chi Chi Huang [US]	L	0	1
Eric Thieleman [US]	Calvin Yau [US]	L	0	2
Eric Thieleman [US]	Nate Durell [US]	T	1	3
Eric Thieleman [US]	Carl Caldwell [US]	L	1	4
Eric Thieleman [US]	Bruce Boshell [US]	L	1	5
Carl Gavlik [US]	Seth Christopher [US]	T	1	1
Carl Gavlik [US]	Rocky Barr [US]	L	1	2
Carl Gavlik [US]	Dora Thilmony [US]	L	1	3
Carl Gavlik [US]	Andrew Sams [US]	L	1	4
Carl Gavlik [US]	Joshua Cambri [US]	L	1	5
Kelli Kirmer [US]	Hugh McMurray [US]	L	0	1
Kelli Kirmer [US]	Mario Martinez [US]	T	1	2
Kelli Kirmer [US]	Drew Wilson [US]	L	1	3
Kelli Kirmer [US]	Benjamin Sallavanti [US]	L	1	4
Kelli Kirmer [US]	Sean Henninger [US]	L	1	5
Nolan Belcher [US]	Thomas Veazie [US]	L	0	1
Nolan Belcher [US]	Geneses Pabuna [CA]	L	0	2
Nolan Belcher [US]	Brianna Velliquette [US]	L	0	3
Nolan Belcher [US]	Zachary Muller [US]	L	0	4
Nolan Belcher [US]	Nicholas Watters [US]	T	1	5
Erin Fields [US]	Michael Moskal [US]	L	0	1
Erin Fields [US]	Raymond Lucas [US]	T	1	2
Erin Fields [US]	Luis Zambrana [US]	L	1	3
Erin Fields [US]	David Stressman [US]	L	1	4
Erin Fields [US]	Lenya Bellemare [CA]	L	1	5
Ash Lafford [CA]	Luke Smith [US]	L	0	1
Ash Lafford [CA]	John Martin [US]	T	1	2
Ash Lafford [CA]	Eric Trinh [US]	L	1	3
Ash Lafford [CA]	Jake Roblez [US]	L	1	4
Jeffrey Heim [US]	Jarrod Ellis [US]	L	0	1
Jeffrey Heim [US]	Louis Tighe [US]	T	1	2
Jeffrey Heim [US]	Alan Rosewicz [US]	L	1	3
Jeffrey Heim [US]	Chris Bargeron [US]	L	1	4
Ian Kelly [US]	Daniel Fappiano [US]	L	0	1
Ian Kelly [US]	Christian Dingle [US]	L	0	2
Ian Kelly [US]	Alexandra Rodriguez [US]	T	1	3
Ian Kelly [US]	Cresmar Justin Hernaez [US]	L	1	4
Tyson Holder [US]	Alex Raymond [US]	T	1	1
Tyson Holder [US]	Zach Paullet [US]	L	1	2
Tyson Holder [US]	Thomas DeHart [US]	L	1	3
Tyson Holder [US]	Joshua Griffith [US]	L	1	4
Aaron Latham [US]	Jason Kirk [US]	T	1	1
Aaron Latham [US]	Chris Pagan [US]	L	1	2
Aaron Latham [US]	Ryan Turner [US]	L	1	3
Aaron Latham [US]	Timothy Thomas [US]	L	1	4
Andre Conroy [US]	Brian Dougherty [US]	T	1	1
Andre Conroy [US]	Eric Rink [US]	L	1	2
Andre Conroy [US]	Regis Bellemare [CA]	L	1	3
Andre Conroy [US]	Nate Durell [US]	L	1	4
Emily Sherrard [CA]	Sean Medeiros [US]	T	1	1
Emily Sherrard [CA]	Nicholas Hruska [US]	L	1	2
Emily Sherrard [CA]	Mathew Moose [US]	L	1	3
Emily Sherrard [CA]	Justin Turner [US]	L	1	4
Brandon Rutledge [US]	John Sundstrom [US]	L	0	1
Brandon Rutledge [US]	Jonah Villarosa [US]	L	0	2
Brandon Rutledge [US]	Brendan Cornell [US]	T	1	3
Brandon Rutledge [US]	John Wanggaard [US]	L	1	4
Zachary Kennedy [US]	Charles Martin [US]	L	0	1
Zachary Kennedy [US]	Bradley Erickson [US]	L	0	2
Zachary Kennedy [US]	Jack Koller [US]	T	1	3
Zachary Kennedy [US]	**VIP24 Rocco Miller [US]	L	1	4
Aneil Saini [CA]	Chad Hewitt [US]	L	0	1
Aneil Saini [CA]	Alex Larson [US]	L	0	2
Aneil Saini [CA]	Layla Merritt [US]	T	1	3
Aneil Saini [CA]	luis diaz [US]	L	1	4
Kendall Rust [US]	Cody Brown [US]	L	0	1
Kendall Rust [US]	Kevin Hardy [US]	L	0	2
Kendall Rust [US]	Alec Shaw	L	0	3
Kendall Rust [US]	Sean Henninger [US]	T	1	4
Miguel Bardales [US]	Juan Gonzalez [US]	L	0	1
Miguel Bardales [US]	Walker Moss [US]	T	1	2
Miguel Bardales [US]	Harley Palmer [US]	L	1	3
Miguel Bardales [US]	Javier Skwara [US]	L	1	4
Matthew Balbour [US]	Justin Kim [CA]	L	0	1
Matthew Balbour [US]	Sam Corder [US]	T	1	2
Matthew Balbour [US]	Meredith Knowles [US]	L	1	3
Matthew Balbour [US]	Brendan Cornell [US]	L	1	4
James Wilson [US]	Hunter North [CA]	T	1	1
James Wilson [US]	Breon Wilson [US]	L	1	2
James Wilson [US]	Anthony Balko [US]	L	1	3
James Wilson [US]	Jack Koller [US]	L	1	4
Austin Wood [US]	Wyatt Ethier [US]	L	0	1
Austin Wood [US]	Kayla Walker [US]	L	0	2
Austin Wood [US]	Michael Laundrie [US]	T	1	3
Austin Wood [US]	Robert Simpson [CA]	L	1	4
Raymond Dumuk [US]	Samuel Anserello [US]	L	0	1
Raymond Dumuk [US]	Matthew Hall [US]	L	0	2
Raymond Dumuk [US]	Alexander Welsh [US]	L	0	3
Raymond Dumuk [US]	Arsenio Melendez [US]	T	1	4
Jake Harpster [US]	Jonathan Cooper [US]	L	0	1
Jake Harpster [US]	Josh Lynn [US]	T	1	2
Jake Harpster [US]	Jonathan Arias [US]	L	1	3
Jake Harpster [US]	Jensen Durica [US]	L	1	4
Samantha Parichan [US]	Marty Reyes [US]	L	0	1
Samantha Parichan [US]	Matthew Ratliff [US]	L	0	2
Samantha Parichan [US]	Guilly Mendoza [US]	T	1	3
Samantha Parichan [US]	Hal Johnston [US]	L	1	4
Matt Spitzer [US]	Kyle Mamounis [US]	L	0	1
Matt Spitzer [US]	ulises perez [US]	T	1	2
Matt Spitzer [US]	Grant Keating [US]	L	1	3
Brandon Comer [US]	Shawn Brown [CA]	T	1	1
Brandon Comer [US]	Dylan Dreyer [US]	L	1	2
Brandon Comer [US]	Sai Pamulapati [US]	L	1	3
Cass Lynn [US]	Jacob Brumfield [US]	T	1	1
Cass Lynn [US]	Alexa Weidner [US]	L	1	2
Cass Lynn [US]	Scott Mottern [US]	L	1	3
jared lacko [US]	Logan Forsythe [US]	L	0	1
jared lacko [US]	Keegan Holland [US]	T	1	2
jared lacko [US]	Clayton Pennington [US]	L	1	3
Bharanikumar Rayudu [US]	Brendan Cevasco [US]	L	0	1
Bharanikumar Rayudu [US]	Lazaro Bouza [US]	T	1	2
Bharanikumar Rayudu [US]	John Owen [US]	L	1	3
Levi Wilson [US]	Alexa Weidner [US]	T	1	1
Levi Wilson [US]	Robert Weidman [US]	L	1	2
Jason Kirk [US]	Aaron Latham [US]	T	1	1
Jason Kirk [US]	Jacob Brumfield [US]	L	1	2
Cierra Sparks [US]	Jacob Stock [US]	L	0	1
Cierra Sparks [US]	Carli Wilson [US]	L	0	2
Cierra Sparks [US]	Megan Fiscus [US]	L	0	3
Cierra Sparks [US]	David Navarette [US]	L	0	4
Cierra Sparks [US]	David Powell [US]	L	0	5
Cierra Sparks [US]	Carl Drake [US]	L	0	6
Corey Kane [US]	Mitre Prathumratana [US]	L	0	1
Corey Kane [US]	Rob Stephens [US]	L	0	2
Corey Kane [US]	Carmen Condeluci [US]	L	0	3
Corey Kane [US]	Juliano Capretta [US]	L	0	4
Corey Kane [US]	Erin Collins [US]	L	0	5
Chelsea Christy [US]	Sarah Reischmann [US]	L	0	1
Chelsea Christy [US]	Seth Heitmann [US]	L	0	2
Chelsea Christy [US]	Sean Boerm [US]	L	0	3
Chelsea Christy [US]	Robert Rupert	L	0	4
Chelsea Christy [US]	**VIP18 Jay Finn [US]	L	0	5
Neven Kurjakovic [US]	Christopher Wigelsworth [US]	L	0	1
Neven Kurjakovic [US]	Byron Breckenridge [US]	L	0	2
Neven Kurjakovic [US]	Matt Marcial [US]	L	0	3
Neven Kurjakovic [US]	Macauley Simmons [US]	L	0	4
Neven Kurjakovic [US]	**VIP30 Zachary Stokes [US]	L	0	5
Jay Gelunas [US]	Ramon Mera [US]	L	0	1
Jay Gelunas [US]	Nicholas Mileo [US]	L	0	2
Jay Gelunas [US]	Patrick DAurora [US]	L	0	3
Jay Gelunas [US]	Anthony Loos [US]	L	0	4
Jay Gelunas [US]	Christopher Kelley [US]	L	0	5
Shelton Williams [US]	Ethan Singleman [US]	L	0	1
Shelton Williams [US]	Zach Bachofner [US]	L	0	2
Shelton Williams [US]	Gabriel Reyes [US]	L	0	3
Shelton Williams [US]	Freddy Rodriguez [US]	L	0	4
Shelton Williams [US]	Jeremy Klug [US]	L	0	5
Cristian Montas [US]	**VIP25 Iosefka Moore [US]	L	0	1
Cristian Montas [US]	Onassis Porto [US]	L	0	2
Cristian Montas [US]	Tim Tipton [US]	L	0	3
Cristian Montas [US]	Frank Hunter [US]	L	0	4
Cristian Montas [US]	Jesse Spangler [US]	L	0	5
Oneida Williams [US]	Chris Nagel [US]	L	0	1
Oneida Williams [US]	Eudezia Rodrigues [BR]	L	0	2
Oneida Williams [US]	Kyle Parent [US]	L	0	3
Oneida Williams [US]	Jake Bankert [US]	L	0	4
Oneida Williams [US]	Christian Beech [US]	L	0	5
Daniel D'Angelo [US]	Collin Merli-Matthews [US]	L	0	1
Daniel D'Angelo [US]	Toby Eyre [US]	L	0	2
Daniel D'Angelo [US]	Jack Bray [US]	L	0	3
Daniel D'Angelo [US]	Taylor Petricca [US]	L	0	4
Michael Kim [US]	Cyrus Davis [CA]	L	0	1
Michael Kim [US]	Nicholas Moses [US]	L	0	2
Michael Kim [US]	Camaren Coker [US]	L	0	3
Michael Kim [US]	Preston Smith [US]	L	0	4
Zach Norman [US]	Matt Bubp [US]	L	0	1
Zach Norman [US]	Pranav Ganti [US]	L	0	2
Zach Norman [US]	Katlyn Custer [US]	L	0	3
Zach Norman [US]	Jacob Brown [US]	L	0	4
Destiny Bussell [US]	Luis Negron [US]	L	0	1
Destiny Bussell [US]	Joe Ferrari [CA]	L	0	2
Destiny Bussell [US]	Michael Godla [US]	L	0	3
Destiny Bussell [US]	Casey Atkins [US]	L	0	4
Jimmy Wellington [US]	Aaron Walker [US]	L	0	1
Jimmy Wellington [US]	joseph halcomb [US]	L	0	2
Jimmy Wellington [US]	Nicholas Matejzel [US]	L	0	3
Jimmy Wellington [US]	Peter DeMartino [US]	L	0	4
Tanner Bilbrey [US]	Omar Ben-Gacem [UK]	L	0	1
Tanner Bilbrey [US]	Gregory Playter [US]	L	0	2
Tanner Bilbrey [US]	Mikela Gassert [US]	L	0	3
Tanner Bilbrey [US]	Jeffrey Lang [US]	L	0	4
Christine Lynn [US]	Ryan Lavespere [US]	L	0	1
Christine Lynn [US]	Andrew Ryals [US]	L	0	2
Christine Lynn [US]	Zach Goodwin [US]	L	0	3
Christine Lynn [US]	Tony Curtis [US]	L	0	4
Suren Sritharan [CA]	Brian Carroll [US]	L	0	1
Suren Sritharan [CA]	Rich Longer [US]	L	0	2
Suren Sritharan [CA]	Matthew Reed [US]	L	0	3
Suren Sritharan [CA]	Landon Riffle [US]	L	0	4
Zach Hess [US]	Kraig Krueger [US]	L	0	1
Zach Hess [US]	Ben Saylor [US]	L	0	2
Zach Hess [US]	Benjamin Peacock [US]	L	0	3
Zach Hess [US]	**VIP27 Dean Parkin [US]	L	0	4
tienthomas pham [US]	Cameron Toner [US]	L	0	1
tienthomas pham [US]	John Perez [US]	L	0	2
tienthomas pham [US]	Chris Wilkinson [US]	L	0	3
tienthomas pham [US]	Jason Fisher [US]	L	0	4
Darian Spencer [US]	Ava Cruzan [US]	L	0	1
Darian Spencer [US]	Konstantinos Kousidis [US]	L	0	2
Darian Spencer [US]	Jonathan Crespo [US]	L	0	3
Darian Spencer [US]	Aaron Dearborn [US]	L	0	4
Kyle Adams [US]	Chase Sutton [US]	L	0	1
Kyle Adams [US]	Nichola Bauwelinck [BE]	L	0	2
Kyle Adams [US]	Domenick Ritchie [CA]	L	0	3
Kyle Adams [US]	Muhamed Palatinus [CA]	L	0	4
Andy Zepeda [US]	Giancarlo Bortolon [CA]	L	0	1
Andy Zepeda [US]	Heather Coleman [US]	L	0	2
Andy Zepeda [US]	Christopher Pendleton [US]	L	0	3
Vincent Cassello [US]	Gable Funchess [US]	L	0	1
Vincent Cassello [US]	Joshua Curtin [US]	L	0	2
Vincent Cassello [US]	Jasmine Kohler [US]	L	0	3
Laura McCormick [US]	David Lugo [US]	L	0	1
Laura McCormick [US]	Andrew Mease [US]	L	0	2
Laura McCormick [US]	Josh Fuller [US]	L	0	3
Chuckie Davis [US]	Will Schoeffler [US]	L	0	1
Chuckie Davis [US]	Andrew Sakauye [US]	L	0	2
Chuckie Davis [US]	Cody Pedigo [US]	L	0	3
Suzanne Matthews [US]	Allan Simmons [US]	L	0	1
Suzanne Matthews [US]	Joshua Sambrano [US]	L	0	2
Suzanne Matthews [US]	Erick Devine [US]	L	0	3
Jason Beers [US]	bryan okrey [US]	L	0	1
Jason Beers [US]	Nicholas Bernardo [US]	L	0	2
Jason Beers [US]	Kai Coe [US]	L	0	3
Katherine Potter [US]	Wilfred Worland [US]	L	0	1
Katherine Potter [US]	Cory Thoma [US]	L	0	2
Katherine Potter [US]	Alex Walter [US]	L	0	3
Scott Clark [US]	Gwen Tran [US]	L	0	1
Scott Clark [US]	Drake Loose [US]	L	0	2
Scott Clark [US]	Alexa Minor [US]	L	0	3
Eric Klein [US]	Sean Dutcher [US]	L	0	1
Eric Klein [US]	Bryant Wood [US]	L	0	2
Eric Klein [US]	Jake Adkins [US]	L	0	3
Andrew Emerson [US]	Jeffrey Honea [US]	L	0	1
Andrew Emerson [US]	Joe Dietrich [US]	L	0	2
Andrew Emerson [US]	Halim Bourjeili [US]	L	0	3
Joshua Dockins [US]	Rachel Gaston-Pifer [US]	L	0	1
Joshua Dockins [US]	Joseph Perez [US]	L	0	2
Joshua Dockins [US]	caleb cordis [US]	L	0	3
Hannah El-Dada [US]	Michael Otero [US]	L	0	1
Hannah El-Dada [US]	Joseph Young [US]	L	0	2
Hannah El-Dada [US]	Jose Luis Sanchez [US]	L	0	3
Ricky Bowman [US]	Nicholas Avarello [US]	L	0	1
Ricky Bowman [US]	Brock Davis [US]	L	0	2
Ricky Bowman [US]	Ivan Martinez [MX]	L	0	3
Stephen Cavanaugh [US]	Diane Schemanske [US]	L	0	1
Stephen Cavanaugh [US]	Nick Forte [US]	L	0	2
Stephen Cavanaugh [US]	Reis Tipton [US]	L	0	3
Adam Starliper [US]	Kyle D'Amato [US]	L	0	1
Adam Starliper [US]	Alana Watanabe [US]	L	0	2
Adam Starliper [US]	Joe Rowe [US]	L	0	3
MiguelAngel Tovar [US]	Jack Rindal [US]	L	0	1
MiguelAngel Tovar [US]	Mason Lovato [US]	L	0	2
MiguelAngel Tovar [US]	Matthew Hill-Kent [CA]	L	0	3
Ron Park [US]	Dylan Smeigh [US]	L	0	1
Ron Park [US]	Isaac Chance [US]	L	0	2
Ron Park [US]	Dalten Cross [US]	L	0	3
Beckham Barnett [US]	Taylor Mitchell [US]	L	0	1
Beckham Barnett [US]	Miguel Dooley [US]	L	0	2
Beckham Barnett [US]	Jihoon Youn [US]	L	0	3
Yakira Tate [US]	**VIP15 Brandon Chang [US]	L	0	1
Yakira Tate [US]	Haoyan Kang [US]	L	0	2
Yakira Tate [US]	Samuel Tolson III [US]	L	0	3
Carson Alford [US]	Travis Daun [US]	L	0	1
Carson Alford [US]	Michael French [US]	L	0	2
Carson Alford [US]	Jack Basmaci [US]	L	0	3
Ryan Smith [US]	Jorge Arteaga [US]	L	0	1
Ryan Smith [US]	Alfredo Sepulveda [US]	L	0	2
Ryan Smith [US]	Samantha HoangLong [US]	L	0	3
Alexander Reckley [US]	Steve Zhang [US]	L	0	1
Alexander Reckley [US]	Marquise Briscoe [US]	L	0	2
Alexander Reckley [US]	Tiger Hickman [US]	L	0	3
Seth Wagner [US]	Connor McNamara [US]	L	0	1
Seth Wagner [US]	Jeff Opp [US]	L	0	2
Seth Wagner [US]	Devin Morrow [US]	L	0	3
Diego Contes Negron [US]	Jacob Henry [US]	L	0	1
Diego Contes Negron [US]	Garrett Scott [US]	L	0	2
Diego Contes Negron [US]	Jake Gallagher [US]	L	0	3
Alice Wade [US]	Eduardo Tzapin [US]	L	0	1
Alice Wade [US]	Andrew Kanallakan [US]	L	0	2
Alice Wade [US]	Jarek Mead [US]	L	0	3
Alex Zelkas [US]	Anthony Appelt [US]	L	0	1
Alex Zelkas [US]	Steven Hummelt [US]	L	0	2
Ashton Grounds [US]	Noah Hanerland [US]	L	0	1
Ashton Grounds [US]	Dillon Barta [US]	L	0	2
Jakob Vitug [US]	Gibson Archer-Tang [US]	L	0	1
Jakob Vitug [US]	Christopher Antrim [US]	L	0	2
Sarah Goldacker [US]	Logan Nelson [US]	L	0	1
Sarah Goldacker [US]	Corey Hudson [US]	L	0	2
Justin Bond [CA]	William Lee [US]	L	0	1
Matthew Jacko [US]	Justin Bean [US]	L	0	1
Stuart Chan [US]	Raulin Dick [US]	L	0	1
Evan Nowak [US]	Raymond Long [CA]	L	0	1
Jesse Lane [US]	Derek Swope [US]	L	0	1
Justin Baber [US]	Jesse Parker [US]	L	0	1
Richard Brown [US]	Adam Jones [US]	L	0	1
Nox DiMaggio [US]	Morgan Purdy [US]	L	0	1
Nabeel Hyatt [US]	Julian Gort-Barry [CA]	L	0	1
Jay Leppo [US]	Matthew Blatnick [US]	L	0	1
Chris Corrigan [US]	Johny Vu [US]	L	0	1
Jack McKnight [US]	Joshua Scott [US]	L	0	1
Cody Bowers [US]	John Hudson [US]	L	0	1
Dino Sukalic [US]	Jermell Parrish [US]	L	0	1
Kaden Hyatt [US]	Ashelia Bowsher [US]	L	0	1
Nicolas Hartman [US]	Mose Galdames-Henry [US]	L	0	1
Jan Paul Manzana [CA]	Francisco Figueroa [US]	L	0	1
Joseph Haas [US]	PJ Witusik [US]	L	0	1
Maddox Corcoran [US]	Nathan Trybus [US]	L	0	1
Luke Markovich	LATE	L	0	1
Luke Markovich	Caleb Sprague [US]	L	0	2
Luke Markovich	Benjamin Gavin [US]	L	0	3
Luke Markovich	Gustavo Ortiz [US]	L	0	4
Luke Markovich	Zach Grady [US]	L	0	5
Luke Markovich	Dylan Parris [US]	L	0	6
Daniel Altavilla [US]	Benjamin Howard [US]	W	3	1
Daniel Altavilla [US]	Michael Davidson [US]	T	4	2
Daniel Altavilla [US]	Michael Meal [CA]	W	7	3
Daniel Altavilla [US]	Collins Eckard [US]	W	10	4
Daniel Altavilla [US]	Austin Daniels [US]	L	10	5
Daniel Altavilla [US]	Andrew Salley [US]	W	13	6
Daniel Altavilla [US]	Davin Erickson [US]	W	16	7
Daniel Altavilla [US]	Kamil Colatosti [CA]	L	16	8
Daniel Altavilla [US]	Dylan Smith [US]	W	19	9
Daniel Altavilla [US]	Joseph Horth [US]	W	22	10
Daniel Altavilla [US]	Dan Hugar [US]	T	23	11
Daniel Altavilla [US]	Calvin Chang [US]	W	26	12
Daniel Altavilla [US]	Krystal Florendo [CA]	W	29	13
Daniel Altavilla [US]	Hunter Butler [US]	L	29	14
